0.000000 0.0000000 0.0000000 -0.0000000 0.0001581 0.0000000 0.0000001 1.0000000
0.103760 0.0515466 -0.0242488 1.0007250 0.0012700 0.0217804 0.0008528 0.9997616
0.207590 0.1464632 -0.0505162 1.9956590 0.0036203 0.0443530 0.0028474 0.9990053
0.311605 0.2879204 -0.0790306 2.9866910 0.0058023 0.0672705 0.0033414 0.9977123
0.415086 0.4657503 -0.1102928 3.9638450 0.0072072 0.0904597 0.0024446 0.9958710
0.518869 0.6971645 -0.1438770 4.9346390 0.0072758 0.1138444 0.0039409 0.9934641
0.622688 0.9715689 -0.1802237 5.8876510 0.0077953 0.1369906 0.0047976 0.9905301
0.726432 1.2880790 -0.2184877 6.8262020 0.0096718 0.1598105 0.0064761 0.9870791
0.830171 1.6513310 -0.2547290 7.7439520 0.0112182 0.1819825 0.0085036 0.9832010
0.933953 2.0504980 -0.2919528 8.6462400 0.0116036 0.2045167 0.0086999 0.9787556
1.037695 2.4886850 -0.3309237 9.5273920 0.0113763 0.2272318 0.0093700 0.9737292
1.141483 2.9662920 -0.3697385 10.3841700 0.0109503 0.2502960 0.0098114 0.9680577
1.245136 3.4830680 -0.4086031 11.2156000 0.0106970 0.2733395 0.0100485 0.9618057
1.348871 4.0366900 -0.4439735 12.0187800 0.0109401 0.2959958 0.0107257 0.9550664
1.452734 4.6314390 -0.4790227 12.7900600 0.0118337 0.3183210 0.0125166 0.9478265
1.556375 5.2521240 -0.5136186 13.5305800 0.0123172 0.3402476 0.0124904 0.9401722
1.660095 5.9134610 -0.5462713 14.2373100 0.0130301 0.3620315 0.0148889 0.9319559
1.763837 6.6026430 -0.5777429 14.9121600 0.0131543 0.3836449 0.0152753 0.9232606
1.867714 7.3159830 -0.6091556 15.5548300 0.0133553 0.4055010 0.0151295 0.9138718
1.971323 8.0596540 -0.6362920 16.1550000 0.0150780 0.4268243 0.0169871 0.9040493
2.074937 8.8249470 -0.6652783 16.7217400 0.0156546 0.4477905 0.0169696 0.8938404
2.178679 9.6174990 -0.6938755 17.2483500 0.0168779 0.4683638 0.0177844 0.8831955
2.282428 10.4357200 -0.7209802 17.7358200 0.0198697 0.4886352 0.0192493 0.8720495
2.386034 11.2733900 -0.7448949 18.1886100 0.0204194 0.5083414 0.0196955 0.8606882
2.489649 12.1384400 -0.7707228 18.6054100 0.0212528 0.5269190 0.0219174 0.8493670
2.593387 13.0238600 -0.7968987 18.9848600 0.0218892 0.5443150 0.0235621 0.8382642
2.697006 13.9228200 -0.8194983 19.3352900 0.0232544 0.5604765 0.0238258 0.8275008
2.800620 14.8456700 -0.8398217 19.6555800 0.0231415 0.5753573 0.0246747 0.8172023
2.904387 15.7881900 -0.8590110 19.9485800 0.0224171 0.5896621 0.0263355 0.8069092
3.008111 16.7460900 -0.8779579 20.2095900 0.0223120 0.6035396 0.0268484 0.7965685
3.111717 17.7109600 -0.8926428 20.4429000 0.0220894 0.6169702 0.0256070 0.7862596
3.215334 18.6907400 -0.9066816 20.6454400 0.0224867 0.6296518 0.0252584 0.7761411
3.319074 19.6916600 -0.9204752 20.8164900 0.0228795 0.6417809 0.0260626 0.7661035
3.422811 20.7087200 -0.9323174 20.9589000 0.0229426 0.6536502 0.0270816 0.7559640
3.526551 21.7415700 -0.9423525 21.0745000 0.0216881 0.6653117 0.0273199 0.7457504
3.630286 22.7907600 -0.9484050 21.1611800 0.0215643 0.6763774 0.0278590 0.7357122
3.733924 23.8536500 -0.9510470 21.2146800 0.0224201 0.6865022 0.0289021 0.7262070
3.837524 24.9311200 -0.9519265 21.2406900 0.0238633 0.6956707 0.0304995 0.7173162
3.941290 26.0234800 -0.9509506 21.2402700 0.0252698 0.7038198 0.0322066 0.7091980
4.044901 27.1272300 -0.9489508 21.2156400 0.0271527 0.7110525 0.0346148 0.7017612
4.148625 28.2424900 -0.9456288 21.1696900 0.0282330 0.7172598 0.0367867 0.6952611
4.252293 29.3702200 -0.9414386 21.1074100 0.0292609 0.7226967 0.0381410 0.6894915
4.355974 30.5029100 -0.9363594 21.0296000 0.0297225 0.7276694 0.0395521 0.6841414
4.459609 31.6419600 -0.9296868 20.9398400 0.0292188 0.7322441 0.0402856 0.6792215
4.563217 32.7868200 -0.9216773 20.8369600 0.0289565 0.7364698 0.0404953 0.6746361
4.666947 33.9423200 -0.9117462 20.7185900 0.0297685 0.7403783 0.0397353 0.6703543
4.770559 35.1147300 -0.9007201 20.5853300 0.0311263 0.7439056 0.0387666 0.6664329
4.874319 36.3091200 -0.8891584 20.4369800 0.0323017 0.7471679 0.0383117 0.6627435
4.977967 37.5268000 -0.8781568 20.2789000 0.0325484 0.7497359 0.0379514 0.6598457
5.081656 38.7673300 -0.8670199 20.1108500 0.0324848 0.7517140 0.0376769 0.6576102
5.185269 40.0240300 -0.8564479 19.9325300 0.0332824 0.7534376 0.0375674 0.6556010
5.288943 41.3055000 -0.8460362 19.7464800 0.0336125 0.7549826 0.0366579 0.6538560
5.392622 42.6067900 -0.8375480 19.5506500 0.0340084 0.7563632 0.0364337 0.6522505
5.496314 43.9327800 -0.8295496 19.3478600 0.0335862 0.7573695 0.0367578 0.6510855
5.600026 45.2813700 -0.8187903 19.1375300 0.0329505 0.7580722 0.0379681 0.6502302
5.703641 46.6485000 -0.8059921 18.9223100 0.0326120 0.7588008 0.0384078 0.6493710
5.807340 48.0355900 -0.7907530 18.6994400 0.0335609 0.7594301 0.0390346 0.6485491
5.910955 49.4420100 -0.7765930 18.4731800 0.0336313 0.7597767 0.0387488 0.6481565
6.014715 50.8712500 -0.7612088 18.2399400 0.0345852 0.7599306 0.0392256 0.6478972
6.118447 52.3163400 -0.7488661 18.0057100 0.0345955 0.7599767 0.0388486 0.6478653
6.221927 53.7841400 -0.7385593 17.7682200 0.0350294 0.7598279 0.0383780 0.6480444
6.325669 55.2756100 -0.7282464 17.5286500 0.0351747 0.7594327 0.0384661 0.6484945
6.429280 56.7869000 -0.7193216 17.2894700 0.0344927 0.7589375 0.0385550 0.6491052
6.533021 58.3197000 -0.7090229 17.0469800 0.0350791 0.7585597 0.0386175 0.6495115
6.636673 59.8700400 -0.6982294 16.8055500 0.0353627 0.7581812 0.0382244 0.6499612
6.740399 61.4493200 -0.6898538 16.5600900 0.0359297 0.7578564 0.0383351 0.6503024
6.844097 63.0456400 -0.6822340 16.3148300 0.0357782 0.7575202 0.0381693 0.6507120
6.947755 64.6614600 -0.6742945 16.0655500 0.0358058 0.7571387 0.0394871 0.6510758
7.051471 66.2927300 -0.6659320 15.8142900 0.0356650 0.7568514 0.0406333 0.6513470
7.155209 67.9335800 -0.6566595 15.5642900 0.0363604 0.7565752 0.0409999 0.6516064
7.258923 69.5914600 -0.6495479 15.3106500 0.0379354 0.7562229 0.0410076 0.6519250
7.362568 71.2634800 -0.6455501 15.0604800 0.0376045 0.7560195 0.0408284 0.6521912
7.466210 72.9495700 -0.6411509 14.8070800 0.0376168 0.7559362 0.0411170 0.6522689
7.569925 74.6567900 -0.6351425 14.5538200 0.0368867 0.7558444 0.0414405 0.6523966
7.673572 76.3758300 -0.6266393 14.2958300 0.0375996 0.7556790 0.0420375 0.6525093
7.777286 78.1120700 -0.6192733 14.0376500 0.0378874 0.7556633 0.0422282 0.6524985
7.881024 79.8641700 -0.6121849 13.7761100 0.0383879 0.7556693 0.0420242 0.6524755
7.984696 81.6265600 -0.6069533 13.5147100 0.0384348 0.7558047 0.0415666 0.6523452
8.088400 83.4031500 -0.6037449 13.2493000 0.0381360 0.7562039 0.0410584 0.6519321
8.192118 85.1937700 -0.6018080 12.9800000 0.0381831 0.7566196 0.0405444 0.6514791
8.295863 87.0053800 -0.5994816 12.7071100 0.0375861 0.7569623 0.0403643 0.6511268
8.399546 88.8274700 -0.5948763 12.4284300 0.0374553 0.7572732 0.0406389 0.6507556
8.503235 90.6666100 -0.5892579 12.1486100 0.0362477 0.7574518 0.0400367 0.6506535
8.606978 92.5161300 -0.5822604 11.8612700 0.0365143 0.7579365 0.0395745 0.6501022
8.710698 94.3841700 -0.5761580 11.5693500 0.0365505 0.7588446 0.0387017 0.6490925
8.814436 96.2637700 -0.5690865 11.2675100 0.0367213 0.7600785 0.0390909 0.6476142
8.918107 98.1538700 -0.5670654 10.9590100 0.0357526 0.7616566 0.0384916 0.6458477
9.021867 100.0527000 -0.5652429 10.6398800 0.0345671 0.7632692 0.0381622 0.6440255
9.125548 101.9553000 -0.5641477 10.3099100 0.0345935 0.7648464 0.0374047 0.6421948
9.229148 103.8698000 -0.5624452 9.9661280 0.0351343 0.7663836 0.0371778 0.6403433
9.332783 105.7910000 -0.5643553 9.6116180 0.0355370 0.7679165 0.0364901 0.6385216
9.436507 107.7248000 -0.5687973 9.2463820 0.0353820 0.7695139 0.0358656 0.6366398
9.540126 109.6683000 -0.5717942 8.8715850 0.0342263 0.7711540 0.0355696 0.6347322
9.643856 111.6206000 -0.5733449 8.4866290 0.0334911 0.7729210 0.0350044 0.6326501
9.747566 113.5815000 -0.5728043 8.0869210 0.0328042 0.7747353 0.0350955 0.6304581
9.851216 115.5478000 -0.5705380 7.6741930 0.0326759 0.7765049 0.0352368 0.6282760
9.954854 117.5182000 -0.5680584 7.2469290 0.0332292 0.7782643 0.0350307 0.6260777
10.058450 119.4963000 -0.5658779 6.8082780 0.0333528 0.7801097 0.0346119 0.6237936
10.162270 121.4861000 -0.5645652 6.3512240 0.0334154 0.7819904 0.0349267 0.6214134
10.265950 123.4817000 -0.5636678 5.8832480 0.0331456 0.7837920 0.0345360 0.6191759
10.369540 125.4794000 -0.5607338 5.4035290 0.0330237 0.7854480 0.0342946 0.6170939
10.473330 127.4889000 -0.5591517 4.9110130 0.0326088 0.7871197 0.0338328 0.6150078
10.577010 129.5004000 -0.5556139 4.4022790 0.0331004 0.7884884 0.0345544 0.6131855
10.680800 131.5233000 -0.5494115 3.8801070 0.0331959 0.7896622 0.0358337 0.6115942
10.784490 133.5486000 -0.5427542 3.3481580 0.0340054 0.7907919 0.0359815 0.6100796
10.888380 135.5837000 -0.5360354 2.8069470 0.0341993 0.7917548 0.0359907 0.6088181
10.992100 137.6250000 -0.5295973 2.2579890 0.0338075 0.7928430 0.0357867 0.6074342
11.096280 139.6797000 -0.5224538 1.6992960 0.0334168 0.7941084 0.0352593 0.6058316
11.199650 141.7304000 -0.5179993 1.1321520 0.0332248 0.7955498 0.0344413 0.6039954
11.303360 143.7927000 -0.5127373 0.5515872 0.0328320 0.7969640 0.0342469 0.6021608
11.407080 145.8618000 -0.5061993 -0.0413721 0.0328966 0.7983964 0.0343256 0.6002523
11.510570 147.9305000 -0.5006247 -0.6449311 0.0328462 0.7998185 0.0339954 0.5983776
11.614180 150.0068000 -0.4959689 -1.2611080 0.0328429 0.8012522 0.0337269 0.5964719
11.718020 152.0968000 -0.4898301 -1.8923380 0.0323735 0.8025491 0.0341067 0.5947299
11.821430 154.1812000 -0.4829921 -2.5331820 0.0325242 0.8038553 0.0344202 0.5929369
11.925060 156.2753000 -0.4753909 -3.1876530 0.0329755 0.8050655 0.0346778 0.5912526
12.028650 158.3734000 -0.4676840 -3.8514620 0.0333422 0.8061950 0.0343249 0.5897115
12.132140 160.4737000 -0.4608735 -4.5253160 0.0341188 0.8073319 0.0337204 0.5881445
12.235950 162.5875000 -0.4555311 -5.2119740 0.0344596 0.8083835 0.0338224 0.5866725
12.339620 164.7037000 -0.4525483 -5.9085820 0.0346151 0.8094410 0.0334442 0.5852252
12.443230 166.8257000 -0.4495307 -6.6147010 0.0345662 0.8105252 0.0334033 0.5837279
12.546850 168.9537000 -0.4456125 -7.3314630 0.0344844 0.8117537 0.0335284 0.5820160
12.650590 171.0871000 -0.4416744 -8.0630720 0.0349331 0.8128948 0.0341270 0.5803594
12.754210 173.2245000 -0.4365523 -8.8060860 0.0359227 0.8138512 0.0348211 0.5789156
12.857820 175.3665000 -0.4294089 -9.5578290 0.0359467 0.8146753 0.0353868 0.5777195
12.961450 177.5169000 -0.4209330 -10.3182700 0.0356655 0.8154883 0.0356702 0.5765713
13.065050 179.6714000 -0.4118277 -11.0856000 0.0352572 0.8163555 0.0352623 0.5753931
13.168790 181.8303000 -0.4043634 -11.8622500 0.0354970 0.8173184 0.0341552 0.5740767
13.272410 183.9969000 -0.3985802 -12.6498600 0.0358566 0.8183423 0.0335263 0.5726310
13.376170 186.1699000 -0.3990509 -13.4479700 0.0357163 0.8193683 0.0323242 0.5712400
13.479770 188.3440000 -0.4000549 -14.2554500 0.0357627 0.8204220 0.0312335 0.5697835
13.583380 190.5195000 -0.4013833 -15.0749300 0.0359571 0.8215528 0.0316478 0.5681167
13.687000 192.7087000 -0.4038655 -15.9087900 0.0352785 0.8226401 0.0318699 0.5665713
13.790730 194.9010000 -0.4035663 -16.7531600 0.0349119 0.8237631 0.0321504 0.5649442
13.894440 197.0930000 -0.4021162 -17.6073800 0.0349684 0.8249392 0.0323230 0.5632120
13.998450 199.2958000 -0.4006638 -18.4748400 0.0346711 0.8260042 0.0319069 0.5616911
14.101800 201.4804000 -0.4011965 -19.3444900 0.0344956 0.8271607 0.0312985 0.5600317
14.205920 203.6882000 -0.4030819 -20.2345900 0.0344568 0.8281411 0.0313352 0.5585813
14.309200 205.8770000 -0.4061955 -21.1272300 0.0349185 0.8289760 0.0315744 0.5572994
14.412870 208.0748000 -0.4083230 -22.0366500 0.0353117 0.8297144 0.0321310 0.5561427
14.516540 210.2746000 -0.4072563 -22.9539600 0.0354511 0.8304990 0.0327815 0.5549234
14.620330 212.4744000 -0.4051777 -23.8789600 0.0359187 0.8312393 0.0330158 0.5537698
14.723680 214.6697000 -0.4036944 -24.8068800 0.0363821 0.8320053 0.0327657 0.5526029
14.827390 216.8716000 -0.4053455 -25.7452000 0.0361842 0.8328466 0.0324387 0.5513664
14.931630 219.0854000 -0.4089666 -26.6951300 0.0362388 0.8336859 0.0318695 0.5501262
15.034850 221.2752000 -0.4145729 -27.6423000 0.0365482 0.8345657 0.0314173 0.5487963
15.138550 223.4748000 -0.4227878 -28.5989000 0.0359572 0.8353313 0.0306026 0.5477153
15.242180 225.6743000 -0.4323730 -29.5663000 0.0361830 0.8362069 0.0305041 0.5463683
15.345730 227.8686000 -0.4418329 -30.5421100 0.0366354 0.8369352 0.0315076 0.5451647
15.449500 230.0656000 -0.4485622 -31.5245000 0.0364235 0.8376783 0.0319232 0.5440122
15.553070 232.2584000 -0.4502008 -32.5113700 0.0358732 0.8386281 0.0319817 0.5425802
15.656680 234.4478000 -0.4516442 -33.5040900 0.0355783 0.8395579 0.0313504 0.5411966
15.760420 236.6402000 -0.4545615 -34.5071300 0.0349061 0.8405825 0.0309781 0.5396693
15.864040 238.8266000 -0.4565040 -35.5155200 0.0342521 0.8416066 0.0309840 0.5381125
15.967780 241.0098000 -0.4583595 -36.5335500 0.0340545 0.8426706 0.0307787 0.5364692
16.071400 243.1866000 -0.4598154 -37.5587100 0.0336203 0.8437540 0.0307028 0.5347954
16.175170 245.3571000 -0.4618584 -38.5911400 0.0336547 0.8449138 0.0302377 0.5329857
16.278760 247.5244000 -0.4614750 -39.6319800 0.0330416 0.8461305 0.0301757 0.5310940
16.382370 249.6839000 -0.4614460 -40.6836400 0.0330040 0.8472647 0.0301633 0.5292858
16.486210 251.8424000 -0.4628392 -41.7463100 0.0334745 0.8482960 0.0300761 0.5276066
16.589730 253.9896000 -0.4623208 -42.8137100 0.0332908 0.8493690 0.0299962 0.5258937
16.693380 256.1425000 -0.4599411 -43.8903100 0.0330394 0.8504577 0.0295529 0.5241724
16.796960 258.2951000 -0.4566041 -44.9777700 0.0329046 0.8515213 0.0296369 0.5224466
16.900690 260.4446000 -0.4515860 -46.0740800 0.0332918 0.8525354 0.0296095 0.5207670
17.004320 262.5925000 -0.4468931 -47.1839800 0.0339902 0.8535529 0.0298710 0.5190374
17.107930 264.7340000 -0.4443228 -48.3000700 0.0351709 0.8544862 0.0300618 0.5174095
17.212260 266.8920000 -0.4426920 -49.4345200 0.0356448 0.8553217 0.0301812 0.5159877
17.315330 269.0255000 -0.4394885 -50.5679300 0.0367731 0.8561654 0.0301842 0.5145070
17.418950 271.1744000 -0.4357941 -51.7204100 0.0379809 0.8569379 0.0300473 0.5131394
17.522740 273.3318000 -0.4312748 -52.8877100 0.0384141 0.8577489 0.0301704 0.5117430
17.626280 275.4870000 -0.4244063 -54.0621200 0.0389224 0.8586888 0.0300491 0.5101329
17.730020 277.6580000 -0.4182424 -55.2531100 0.0386035 0.8596549 0.0296057 0.5085536
17.833610 279.8273000 -0.4128268 -56.4551400 0.0391171 0.8606102 0.0295388 0.5068997
17.937820 282.0168000 -0.4105826 -57.6741400 0.0388947 0.8615907 0.0290179 0.5052787
18.041020 284.1885000 -0.4095589 -58.8925100 0.0383506 0.8624204 0.0283777 0.5039395
18.144610 286.3724000 -0.4079618 -60.1295600 0.0387167 0.8631972 0.0288880 0.5025507
18.248220 288.5702000 -0.4045488 -61.3849500 0.0391671 0.8637504 0.0297364 0.5015146
18.351820 290.7704000 -0.3986685 -62.6492900 0.0393121 0.8643299 0.0301736 0.5004777
18.455670 292.9827000 -0.3908822 -63.9234100 0.0392885 0.8649650 0.0302309 0.4993777
18.559140 295.1953000 -0.3821466 -65.2062400 0.0388902 0.8656266 0.0303335 0.4982550
18.663050 297.4212000 -0.3713999 -66.5052100 0.0390895 0.8663458 0.0308853 0.4969538
18.766280 299.6423000 -0.3587114 -67.8087400 0.0392136 0.8669519 0.0311936 0.4958665
18.869920 301.8763000 -0.3470056 -69.1256000 0.0392915 0.8675380 0.0306802 0.4948664
18.973530 304.1141000 -0.3372516 -70.4517000 0.0397319 0.8682278 0.0293202 0.4937025
19.077140 306.3593000 -0.3307952 -71.7916800 0.0390146 0.8691922 0.0289684 0.4920809
19.180870 308.6134000 -0.3233356 -73.1440300 0.0374819 0.8704839 0.0289325 0.4899141
19.284530 310.8714000 -0.3126191 -74.5124500 0.0360317 0.8718860 0.0290416 0.4875174
19.388220 313.1301000 -0.2971879 -75.9001200 0.0351814 0.8732457 0.0292187 0.4851294
19.491840 315.3852000 -0.2796424 -77.3072500 0.0353536 0.8744843 0.0293484 0.4828727
19.595460 317.6383000 -0.2578412 -78.7298800 0.0362759 0.8756441 0.0300172 0.4806563
19.699070 319.8954000 -0.2381554 -80.1727100 0.0369845 0.8766979 0.0302543 0.4786623
19.802840 322.1579000 -0.2197853 -81.6321100 0.0370401 0.8777260 0.0306099 0.4767474
19.906420 324.4120000 -0.2016825 -83.1000900 0.0366449 0.8788060 0.0317519 0.4747094
20.010030 326.6626000 -0.1825361 -84.5797200 0.0357919 0.8799157 0.0318393 0.4727087
20.113650 328.9055000 -0.1608324 -86.0682600 0.0355064 0.8809904 0.0316282 0.4707386
20.217270 331.1477000 -0.1383913 -87.5705100 0.0351685 0.8821260 0.0318301 0.4686190
20.320880 333.3840000 -0.1125608 -89.0867500 0.0353529 0.8832420 0.0329355 0.4664215
20.424500 335.6133000 -0.0845515 -90.6142600 0.0355555 0.8843230 0.0332507 0.4643307
20.528120 337.8389000 -0.0524277 -92.1515400 0.0347397 0.8853716 0.0329316 0.4624130
20.631730 340.0560000 -0.0159958 -93.7001400 0.0342049 0.8863469 0.0334749 0.4605416
20.735350 342.2752000 0.0233386 -95.2650200 0.0339434 0.8871570 0.0342024 0.4589450
20.838960 344.4892000 0.0633751 -96.8361600 0.0332054 0.8879714 0.0334821 0.4574748
20.942580 346.7010000 0.1024766 -98.4119500 0.0317585 0.8888588 0.0318797 0.4559661
21.046320 348.9103000 0.1402984 -99.9981300 0.0306251 0.8897727 0.0307465 0.4543361
21.149940 351.1094000 0.1754218 -101.5909000 0.0290126 0.8906646 0.0310067 0.4526737
21.253550 353.3107000 0.2141195 -103.2033000 0.0288411 0.8914956 0.0318296 0.4509885
21.357170 355.4996000 0.2539708 -104.8170000 0.0285967 0.8923573 0.0315552 0.4493160
21.460820 357.6809000 0.2903191 -106.4411000 0.0283302 0.8931828 0.0307389 0.4477466
21.564620 359.8670000 0.3297903 -108.0781000 0.0262510 0.8940709 0.0315817 0.4460388
21.668140 362.0386000 0.3801369 -109.7167000 0.0247667 0.8949515 0.0316142 0.4443524
21.771790 364.2051000 0.4335940 -111.3631000 0.0246387 0.8957889 0.0313999 0.4426841
21.875360 366.3626000 0.4855505 -113.0176000 0.0243480 0.8965580 0.0312867 0.4411487
21.979040 368.5148000 0.5357534 -114.6817000 0.0242106 0.8972825 0.0314314 0.4396704
22.082650 370.6543000 0.5857535 -116.3494000 0.0235833 0.8980437 0.0320397 0.4381036
22.186210 372.7925000 0.6347512 -118.0262000 0.0226577 0.8988506 0.0310765 0.4365644
22.290250 374.9322000 0.6806409 -119.7055000 0.0193705 0.8997636 0.0275813 0.4350741
22.393570 377.0444000 0.7141844 -121.3733000 0.0170505 0.9008478 0.0216870 0.4332577
22.497250 379.1489000 0.7322390 -123.0734000 0.0224789 0.9015845 0.0214090 0.4314878
22.600850 381.2460000 0.7514499 -124.7861000 0.0250973 0.9017331 0.0248122 0.4308503
22.704440 383.3531000 0.7912642 -126.4979000 0.0219758 0.9020783 0.0304034 0.4299389
22.808100 385.4625000 0.8581189 -128.2062000 0.0177486 0.9028024 0.0329720 0.4284223
22.911770 387.5638000 0.9375737 -129.9140000 0.0144182 0.9036851 0.0330797 0.4266744
23.015390 389.6489000 1.0154400 -131.6273000 0.0138886 0.9044766 0.0325688 0.4250512
23.119010 391.7168000 1.0888960 -133.3507000 0.0166177 0.9051477 0.0329427 0.4234929
23.222650 393.7800000 1.1549130 -135.0831000 0.0199923 0.9057260 0.0318979 0.4221886
23.326370 395.8385000 1.2140670 -136.8244000 0.0214165 0.9064324 0.0307052 0.4206885
23.430070 397.8934000 1.2728580 -138.5702000 0.0209529 0.9072178 0.0310153 0.4189928
23.533710 399.9429000 1.3349670 -140.3176000 0.0209911 0.9079737 0.0317614 0.4172940
23.637320 401.9775000 1.3998610 -142.0688000 0.0210315 0.9086040 0.0324712 0.4158631
23.741080 404.0132000 1.4639500 -143.8398000 0.0213317 0.9091000 0.0326671 0.4147469
23.844680 406.0396000 1.5305700 -145.6094000 0.0214057 0.9094774 0.0328695 0.4138988
23.948430 408.0639000 1.5967860 -147.3861000 0.0217688 0.9098057 0.0330247 0.4131454
24.052120 410.0865000 1.6651920 -149.1653000 0.0220533 0.9100498 0.0340653 0.4125076
24.155650 412.0999000 1.7394800 -150.9391000 0.0222876 0.9102799 0.0357211 0.4118467
24.259390 414.1199000 1.8207660 -152.7256000 0.0225966 0.9105397 0.0369310 0.4111484
24.363000 416.1297000 1.9021230 -154.5063000 0.0225990 0.9108697 0.0361737 0.4104840
24.466620 418.1369000 1.9803520 -156.2858000 0.0215876 0.9113626 0.0337897 0.4096468
24.570240 420.1401000 2.0512610 -158.0701000 0.0205933 0.9117684 0.0323056 0.4089139
24.673870 422.1413000 2.1178050 -159.8579000 0.0200290 0.9120558 0.0324856 0.4082864
24.777590 424.1424000 2.1863260 -161.6509000 0.0191727 0.9123068 0.0322638 0.4077839
24.881210 426.1357000 2.2560820 -163.4423000 0.0183012 0.9126060 0.0308375 0.4072646
24.984880 428.1288000 2.3254130 -165.2378000 0.0175944 0.9128370 0.0308898 0.4067738
25.088320 430.1109000 2.3969120 -167.0320000 0.0173316 0.9129166 0.0321369 0.4065097
25.191950 432.0961000 2.4718100 -168.8310000 0.0176400 0.9128475 0.0337284 0.4065227
25.295560 434.0721000 2.5492790 -170.6280000 0.0184813 0.9124610 0.0373542 0.4070357
25.399160 436.0531000 2.6505720 -172.4221000 0.0192782 0.9119240 0.0403460 0.4079156
25.502780 438.0420000 2.7556150 -174.2029000 0.0176435 0.9115082 0.0387608 0.4090710
25.606390 440.0300000 2.8439100 -175.9705000 0.0157467 0.9115069 0.0341502 0.4095619
25.710010 442.0339000 2.9219110 -177.7475000 0.0135714 0.9111162 0.0321615 0.4106686
25.813620 444.0392000 3.0068520 -179.5200000 0.0128859 0.9104804 0.0314862 0.4121504
25.917260 446.0460000 3.0987260 -181.2884000 0.0134102 0.9096825 0.0323601 0.4138246
26.020850 448.0532000 3.1925740 -183.0447000 0.0137758 0.9088762 0.0325728 0.4155637
26.124480 450.0640000 3.2780150 -184.7916000 0.0136535 0.9082774 0.0306352 0.4170219
26.228100 452.0924000 3.3588610 -186.5327000 0.0103836 0.9078991 0.0293631 0.4180301
26.331730 454.1251000 3.4369980 -188.2652000 0.0060636 0.9076909 0.0280754 0.4186553
26.435440 456.1580000 3.5167880 -189.9924000 0.0033749 0.9075948 0.0256983 0.4190464
26.539060 458.1873000 3.5935140 -191.7203000 0.0024435 0.9074634 0.0249402 0.4193831
26.642670 460.2152000 3.6694830 -193.4519000 0.0029366 0.9071279 0.0259954 0.4200412
26.746310 462.2462000 3.7508480 -195.1830000 0.0032140 0.9067073 0.0277202 0.4208363
26.849920 464.2791000 3.8358910 -196.9059000 0.0023505 0.9063247 0.0280417 0.4216440
26.953530 466.3135000 3.9219990 -198.6214000 0.0015144 0.9060972 0.0269609 0.4222069
27.057260 468.3509000 4.0042160 -200.3376000 0.0015955 0.9058825 0.0258018 0.4227395
27.160890 470.3839000 4.0795490 -202.0483000 0.0020885 0.9056056 0.0251938 0.4233667
27.264530 472.4259000 4.1541160 -203.7656000 0.0028276 0.9052588 0.0261269 0.4240470
27.368230 474.4683000 4.2302100 -205.4787000 0.0033010 0.9048858 0.0270747 0.4247797
27.471850 476.5113000 4.3097120 -207.1855000 0.0031890 0.9046265 0.0274468 0.4253087
27.575480 478.5558000 4.3894540 -208.8868000 0.0031419 0.9043703 0.0273041 0.4258627
27.679200 480.6060000 4.4714490 -210.5886000 0.0027229 0.9041374 0.0277264 0.4263326
27.782840 482.6545000 4.5556240 -212.2853000 0.0022475 0.9039217 0.0280947 0.4267683
27.886560 484.7071000 4.6400760 -213.9826000 0.0023497 0.9037993 0.0273584 0.4270748
27.990170 486.7577000 4.7208010 -215.6770000 0.0027201 0.9037040 0.0266503 0.4273188
28.093790 488.8066000 4.7997640 -217.3707000 0.0027233 0.9035360 0.0271116 0.4276450
28.197410 490.8629000 4.8809300 -219.0659000 0.0022203 0.9033931 0.0276386 0.4279160
28.301020 492.9166000 4.9607670 -220.7576000 0.0015048 0.9033629 0.0275374 0.4279894
28.404640 494.9713000 5.0380160 -222.4476000 0.0012147 0.9034076 0.0274260 0.4279031
28.508250 497.0247000 5.1167070 -224.1389000 0.0013657 0.9034621 0.0273438 0.4277929
28.611870 499.0722000 5.1935520 -225.8270000 0.0016152 0.9035197 0.0273748 0.4276682
28.715630 501.1328000 5.2677070 -227.5274000 0.0011290 0.9035572 0.0281156 0.4275426
28.819230 503.1867000 5.3491080 -229.2205000 0.0003215 0.9036164 0.0284448 0.4273971
28.922840 505.2390000 5.4327700 -230.9143000 0.0001514 0.9036877 0.0285036 0.4272423
29.026460 507.2915000 5.5192750 -232.6072000 -0.0000390 0.9037170 0.0281392 0.4272046
29.130070 509.3381000 5.6052490 -234.2975000 0.0000690 0.9037480 0.0279114 0.4271539
29.233840 511.3939000 5.6893040 -235.9969000 0.0005851 0.9036870 0.0280262 0.4272752
29.337430 513.4454000 5.7733090 -237.6908000 0.0005089 0.9036146 0.0280619 0.4274260
29.441040 515.4974000 5.8576080 -239.3843000 0.0004575 0.9036186 0.0280798 0.4274164
29.544660 517.5493000 5.9424830 -241.0762000 0.0004167 0.9035991 0.0276974 0.4274826
29.648260 519.6014000 6.0269710 -242.7680000 -0.0001336 0.9035755 0.0278360 0.4275236
29.752010 521.6574000 6.1153580 -244.4639000 -0.0000911 0.9035009 0.0282840 0.4276520
29.855620 523.7106000 6.2066420 -246.1557000 -0.0005132 0.9034126 0.0290232 0.4277885
29.959120 525.7627000 6.2997200 -247.8455000 -0.0001594 0.9033603 0.0287654 0.4279168
30.062730 527.8159000 6.3928780 -249.5367000 0.0003946 0.9032989 0.0289647 0.4280326
30.166350 529.8651000 6.4867990 -251.2228000 0.0004648 0.9032047 0.0293576 0.4282047
30.269960 531.9262000 6.5823780 -252.9158000 0.0000557 0.9031326 0.0295695 0.4283423
30.373580 533.9814000 6.6773720 -254.6036000 -0.0001095 0.9031835 0.0290566 0.4282702
30.477220 536.0377000 6.7713720 -256.2925000 -0.0000964 0.9032368 0.0289817 0.4281627
30.580810 538.0951000 6.8659670 -257.9830000 -0.0005345 0.9032386 0.0294969 0.4281233
30.684470 540.1536000 6.9649060 -259.6746000 -0.0011231 0.9032547 0.0303097 0.4280315
30.788170 542.2136000 7.0668170 -261.3661000 -0.0018010 0.9033316 0.0304465 0.4278572
30.891780 544.2679000 7.1687450 -263.0547000 -0.0013711 0.9034465 0.0293203 0.4276949
30.995560 546.3253000 7.2652560 -264.7478000 -0.0009546 0.9035597 0.0278849 0.4275527
31.099140 548.3760000 7.3571500 -266.4366000 -0.0007956 0.9035777 0.0278433 0.4275178
31.202760 550.4365000 7.4509040 -268.1343000 -0.0012067 0.9035051 0.0292913 0.4275736
31.306520 552.4956000 7.5514270 -269.8319000 -0.0012930 0.9034765 0.0303129 0.4275625
31.410110 554.5493000 7.6545290 -271.5254000 -0.0007765 0.9034814 0.0302377 0.4275587
31.513850 556.6051000 7.7571670 -273.2200000 -0.0004922 0.9035090 0.0298806 0.4275259
31.617470 558.6591000 7.8574010 -274.9141000 -0.0001615 0.9035065 0.0298566 0.4275330
31.721250 560.7204000 7.9575560 -276.6146000 0.0002527 0.9034626 0.0303378 0.4275920
31.824820 562.7775000 8.0580370 -278.3114000 0.0003857 0.9033977 0.0310527 0.4276777
31.928570 564.8386000 8.1617950 -280.0085000 -0.0001654 0.9033269 0.0313389 0.4278064
32.032190 566.8959000 8.2679160 -281.7021000 -0.0001491 0.9032992 0.0315514 0.4278493
32.135930 568.9502000 8.3739890 -283.3947000 0.0003086 0.9032092 0.0317151 0.4280270
32.239540 571.0150000 8.4834500 -285.0936000 0.0001108 0.9030719 0.0326622 0.4282456
32.343330 573.0773000 8.5939470 -286.7871000 -0.0004794 0.9029680 0.0324151 0.4284832
32.447030 575.1384000 8.7051480 -288.4766000 -0.0014894 0.9029080 0.0323721 0.4286105
32.550780 577.2007000 8.8168960 -290.1677000 -0.0011530 0.9028411 0.0318474 0.4287918
32.654370 579.2540000 8.9249070 -291.8529000 -0.0003860 0.9026922 0.0317313 0.4291151
32.758130 581.3141000 9.0316200 -293.5428000 0.0003174 0.9024631 0.0319246 0.4295824
32.861740 583.3713000 9.1373280 -295.2267000 0.0003761 0.9022639 0.0322734 0.4299746
32.965700 585.4383000 9.2455090 -296.9139000 -0.0001337 0.9020796 0.0330445 0.4303027
33.070500 587.5190000 9.3532080 -298.6121000 0.0003638 0.9019424 0.0324991 0.4306316
33.172920 589.5489000 9.4565990 -300.2630000 0.0000830 0.9017648 0.0322206 0.4310244
33.276450 591.6108000 9.5613440 -301.9383000 -0.0002229 0.9016342 0.0321140 0.4313055
33.380050 593.6716000 9.6668090 -303.6091000 -0.0004349 0.9014507 0.0320834 0.4316909
33.483810 595.7370000 9.7758070 -305.2800000 -0.0008394 0.9013000 0.0321558 0.4319995
33.587620 597.8027000 9.8836650 -306.9488000 -0.0014323 0.9011898 0.0319583 0.4322424
33.691220 599.8670000 9.9922220 -308.6131000 -0.0020787 0.9010962 0.0314665 0.4324711
33.794940 601.9345000 10.0986100 -310.2813000 -0.0021959 0.9011712 0.0305584 0.4323793
33.898640 604.0024000 10.2068400 -311.9523000 -0.0023091 0.9011986 0.0311993 0.4322757
34.002380 606.0701000 10.3171700 -313.6242000 -0.0023409 0.9012057 0.0320579 0.4321980
34.105990 608.1333000 10.4301600 -315.2902000 -0.0029623 0.9012338 0.0321533 0.4321285
34.209730 610.2041000 10.5420500 -316.9635000 -0.0030867 0.9013138 0.0313442 0.4320201
34.313530 612.2707000 10.6510300 -318.6358000 -0.0023712 0.9013695 0.0304367 0.4319734
34.417100 614.3316000 10.7564600 -320.3039000 -0.0018042 0.9013348 0.0299736 0.4320809
34.520830 616.4014000 10.8585100 -321.9781000 -0.0015690 0.9013053 0.0299989 0.4321416
34.624450 618.4658000 10.9606200 -323.6462000 -0.0019979 0.9012884 0.0307212 0.4321244
34.728060 620.5350000 11.0676500 -325.3171000 -0.0019430 0.9012523 0.0314551 0.4321470
34.831800 622.6067000 11.1770500 -326.9891000 -0.0018466 0.9012082 0.0316933 0.4322221
34.935420 624.6751000 11.2868500 -328.6575000 -0.0018709 0.9011617 0.0313457 0.4323443
35.039150 626.7459000 11.3964100 -330.3270000 -0.0018056 0.9011042 0.0310828 0.4324834
35.142780 628.8138000 11.5048600 -331.9942000 -0.0017972 0.9010139 0.0313682 0.4326509
35.246520 630.8887000 11.6122900 -333.6656000 -0.0018063 0.9009099 0.0312548 0.4328755
35.350130 632.9587000 11.7223200 -335.3308000 -0.0022089 0.9008293 0.0314440 0.4330276
35.454000 635.0324000 11.8319300 -336.9998000 -0.0025155 0.9007327 0.0313958 0.4332304
35.557430 637.0951000 11.9409000 -338.6594000 -0.0020207 0.9006597 0.0306810 0.4334359
35.661090 639.1659000 12.0480500 -340.3234000 -0.0020986 0.9005259 0.0307318 0.4337099
35.764770 641.2374000 12.1556400 -341.9886000 -0.0021675 0.9004086 0.0312449 0.4339164
35.868330 643.3047000 12.2664200 -343.6496000 -0.0020604 0.9002949 0.0316900 0.4341204
35.972070 645.3750000 12.3765600 -345.3101000 -0.0018000 0.9001902 0.0312179 0.4343729
36.075840 647.4454000 12.4824900 -346.9686000 -0.0013040 0.9000962 0.0306471 0.4346100
36.179530 649.5155000 12.5862900 -348.6239000 -0.0009770 0.8999376 0.0307383 0.4349329
36.283280 651.5913000 12.6923500 -350.2820000 -0.0010110 0.8997274 0.0317198 0.4352970
36.386840 653.6623000 12.8004200 -351.9355000 -0.0011979 0.8995881 0.0321242 0.4355546
36.490550 655.7358000 12.9100900 -353.5870000 -0.0012215 0.8994573 0.0321718 0.4358211
36.594140 657.8057000 13.0202300 -355.2341000 -0.0015807 0.8993531 0.0322347 0.4360302
36.697760 659.8779000 13.1300000 -356.8806000 -0.0014065 0.8992189 0.0319055 0.4363318
36.801500 661.9586000 13.2388700 -358.5328000 -0.0011451 0.8990993 0.0312890 0.4366235
36.905210 664.0361000 13.3466500 -360.1819000 -0.0010420 0.8989945 0.0309986 0.4368602
37.008850 666.1120000 13.4522700 -361.8289000 -0.0011505 0.8989572 0.0308165 0.4369496
37.112590 668.1904000 13.5581300 -363.4752000 -0.0014713 0.8989493 0.0308325 0.4369637
37.216330 670.2712000 13.6635700 -365.1232000 -0.0016371 0.8989980 0.0305286 0.4368843
37.319950 672.3505000 13.7687200 -366.7695000 -0.0020350 0.8990732 0.0305012 0.4367298
37.423720 674.4325000 13.8741300 -368.4192000 -0.0024145 0.8991843 0.0301014 0.4365268
37.527300 676.5090000 13.9789300 -370.0675000 -0.0025086 0.8992935 0.0298942 0.4363155
37.631050 678.5876000 14.0832400 -371.7203000 -0.0024969 0.8993761 0.0302878 0.4361181
37.734660 680.6657000 14.1885000 -373.3743000 -0.0024871 0.8994555 0.0307072 0.4359251
37.838400 682.7432000 14.2971300 -375.0304000 -0.0020535 0.8995427 0.0314104 0.4356972
37.942020 684.8198000 14.4057100 -376.6842000 -0.0022370 0.8995853 0.0314590 0.4356048
38.045630 686.8945000 14.5134900 -378.3370000 -0.0022230 0.8996495 0.0309540 0.4355085
38.149250 688.9656000 14.6192100 -379.9902000 -0.0017389 0.8996455 0.0305736 0.4355458
38.252870 691.0408000 14.7240600 -381.6488000 -0.0009921 0.8995810 0.0309300 0.4356562
38.356480 693.1156000 14.8270700 -383.3046000 -0.0003815 0.8994367 0.0310729 0.4359448
38.460100 695.1930000 14.9297500 -384.9613000 -0.0000049 0.8992828 0.0316753 0.4362190
38.563710 697.2710000 15.0328300 -386.6143000 0.0002700 0.8991530 0.0317254 0.4364830
38.667310 699.3457000 15.1385900 -388.2646000 0.0002723 0.8990286 0.0313715 0.4367646
38.771060 701.4274000 15.2443500 -389.9181000 -0.0000702 0.8989245 0.0308932 0.4370129
38.874760 703.5065000 15.3466800 -391.5686000 -0.0000468 0.8988261 0.0305251 0.4372411
38.978300 705.5829000 15.4480400 -393.2168000 -0.0003642 0.8986945 0.0305165 0.4375121
39.082020 707.6613000 15.5499600 -394.8665000 -0.0003343 0.8985287 0.0315817 0.4377769
39.185650 709.7441000 15.6558100 -396.5177000 -0.0002097 0.8983314 0.0322104 0.4381361
39.289260 711.8243000 15.7653100 -398.1607000 0.0001526 0.8981913 0.0323572 0.4384123
39.392880 713.9054000 15.8783600 -399.8001000 0.0008140 0.8980424 0.0320526 0.4387388
39.496500 715.9839000 15.9911600 -401.4338000 0.0010125 0.8978534 0.0315968 0.4391582
39.600240 718.0631000 16.1018300 -403.0674000 0.0014675 0.8976610 0.0310434 0.4395894
39.703850 720.1441000 16.2151300 -404.6980000 0.0014839 0.8974725 0.0309676 0.4399795
39.807600 722.2296000 16.3279800 -406.3296000 0.0019652 0.8973051 0.0306818 0.4403390
39.911340 724.3156000 16.4402900 -407.9582000 0.0022000 0.8970900 0.0305373 0.4407858
40.014950 726.4057000 16.5439900 -409.5850000 0.0012674 0.8968736 0.0306543 0.4412216
40.118690 728.4983000 16.6627300 -411.2077000 0.0003395 0.8967390 0.0301700 0.4415301
40.222330 730.5888000 16.7734300 -412.8287000 0.0003059 0.8966144 0.0297615 0.4418108
40.325920 732.6752000 16.8810400 -414.4501000 0.0010680 0.8964330 0.0296926 0.4421822
40.429660 734.7664000 16.9817100 -416.0734000 0.0020653 0.8962366 0.0295487 0.4425863
40.533280 736.8556000 17.0795100 -417.6935000 0.0020398 0.8961349 0.0296094 0.4427882
40.637020 738.9533000 17.1754000 -419.3157000 0.0013801 0.8961223 0.0302165 0.4427752
40.740630 741.0479000 17.2724200 -420.9340000 0.0002847 0.8961741 0.0301680 0.4426758
40.844270 743.1419000 17.3714600 -422.5508000 -0.0000940 0.8962474 0.0295444 0.4425695
40.947990 745.2354000 17.4672000 -424.1692000 0.0002997 0.8962543 0.0284412 0.4426276
41.051600 747.3289000 17.5550000 -425.7917000 0.0005250 0.8961018 0.0292158 0.4428856
41.155220 749.4207000 17.6519100 -427.4134000 0.0012772 0.8958677 0.0304736 0.4432728
41.258960 751.5173000 17.7541300 -429.0362000 0.0021799 0.8956854 0.0312627 0.4435826
41.362570 753.6116000 17.8540400 -430.6541000 0.0030897 0.8955371 0.0311305 0.4438858
41.466320 755.7109000 17.9400600 -432.2706000 0.0037278 0.8954328 0.0298876 0.4441767
41.569920 757.8089000 18.0220500 -433.8840000 0.0043080 0.8952834 0.0289989 0.4445314
41.673550 759.9091000 18.0959400 -435.4976000 0.0046940 0.8950020 0.0291356 0.4450849
41.777290 762.0181000 18.1730800 -437.1125000 0.0044119 0.8947100 0.0300181 0.4456158
41.880900 764.1249000 18.2547800 -438.7221000 0.0040225 0.8944799 0.0302437 0.4460660
41.984640 766.2346000 18.3393200 -440.3295000 0.0039570 0.8942594 0.0298536 0.4465346
42.088380 768.3468000 18.4228100 -441.9355000 0.0036021 0.8940536 0.0296218 0.4469651
42.192000 770.4571000 18.5028400 -443.5378000 0.0034148 0.8938268 0.0296545 0.4474177
42.295640 772.5730000 18.5848900 -445.1404000 0.0036263 0.8936013 0.0292205 0.4478947
42.399350 774.6901000 18.6658500 -446.7409000 0.0033447 0.8933863 0.0285364 0.4483697
42.502970 776.8050000 18.7482300 -448.3389000 0.0038453 0.8932443 0.0288697 0.4486272
42.606580 778.9176000 18.8279800 -449.9322000 0.0037415 0.8931087 0.0290573 0.4488860
42.710200 781.0382000 18.9102600 -451.5290000 0.0032002 0.8930810 0.0292939 0.4489297
42.813810 783.1553000 18.9942800 -453.1207000 0.0023363 0.8931383 0.0293435 0.4488179
42.917430 785.2706000 19.0791300 -454.7110000 0.0019245 0.8932599 0.0286283 0.4486240
43.021170 787.3866000 19.1621700 -456.3036000 0.0018544 0.8933513 0.0278782 0.4484895
43.124790 789.4935000 19.2437200 -457.8927000 0.0018344 0.8934683 0.0278421 0.4482586
43.228400 791.6044000 19.3253800 -459.4876000 0.0022210 0.8936088 0.0280931 0.4479611
43.332030 793.7097000 19.4054100 -461.0817000 0.0027355 0.8937564 0.0283860 0.4476453
43.435640 795.8137000 19.4857600 -462.6772000 0.0030320 0.8938952 0.0285913 0.4473530
43.539250 797.9140000 19.5698100 -464.2714000 0.0028169 0.8940219 0.0293937 0.4470492
43.642870 800.0123000 19.6553300 -465.8635000 0.0024524 0.8941199 0.0294006 0.4468548
43.746480 802.1083000 19.7379200 -467.4543000 0.0025660 0.8941841 0.0279460 0.4468190
43.850090 804.2028000 19.8163000 -469.0448000 0.0029296 0.8941944 0.0268576 0.4468629
43.953730 806.2987000 19.8893800 -470.6373000 0.0033656 0.8941220 0.0264224 0.4470306
44.057450 808.3959000 19.9624900 -472.2307000 0.0033897 0.8939996 0.0268817 0.4472479
44.161070 810.4902000 20.0368600 -473.8196000 0.0032685 0.8938438 0.0271455 0.4475442
44.264680 812.5910000 20.1144300 -475.4125000 0.0034781 0.8936714 0.0274951 0.4478653
44.368290 814.6888000 20.1941300 -477.0013000 0.0039326 0.8934088 0.0280758 0.4483493
44.471930 816.7915000 20.2732100 -478.5905000 0.0043286 0.8931275 0.0283676 0.4488873
44.575530 818.8949000 20.3538000 -480.1748000 0.0044916 0.8927885 0.0284793 0.4495525
44.679140 821.0023000 20.4356300 -481.7573000 0.0044769 0.8924598 0.0287467 0.4501878
44.782910 823.1164000 20.5169300 -483.3404000 0.0046863 0.8921350 0.0289179 0.4508181
44.886500 825.2301000 20.5991200 -484.9182000 0.0046366 0.8918095 0.0290417 0.4514542
44.990110 827.3472000 20.6838500 -486.4927000 0.0040606 0.8914941 0.0295181 0.4520514
45.093740 829.4645000 20.7706800 -488.0614000 0.0036230 0.8911879 0.0297507 0.4526432
45.197350 831.5909000 20.8579700 -489.6319000 0.0032344 0.8909593 0.0289327 0.4531489
45.300980 833.7229000 20.9460200 -491.2049000 0.0031369 0.8907414 0.0288342 0.4535841
45.404710 835.8541000 21.0340700 -492.7761000 0.0035256 0.8905172 0.0291828 0.4539990
45.508320 837.9860000 21.1229500 -494.3446000 0.0034332 0.8904052 0.0294215 0.4542038
45.612070 840.1199000 21.2121200 -495.9132000 0.0034324 0.8904162 0.0295257 0.4541755
45.715670 842.2623000 21.3035900 -497.4854000 0.0021665 0.8904443 0.0304394 0.4540680
45.819420 844.4038000 21.3978000 -499.0558000 0.0015839 0.8905369 0.0301227 0.4539098
45.923030 846.5437000 21.4943900 -500.6257000 0.0009476 0.8906112 0.0297574 0.4537900
46.026650 848.6827000 21.5872600 -502.1964000 0.0010298 0.8906202 0.0287994 0.4538339
46.130280 850.8213000 21.6790700 -503.7670000 0.0007476 0.8904922 0.0289102 0.4540784
46.233900 852.9722000 21.7733900 -505.3431000 0.0000805 0.8903479 0.0294571 0.4543268
46.337490 855.1147000 21.8659800 -506.9135000 0.0002860 0.8902748 0.0286893 0.4545192
46.441130 857.2619000 21.9564300 -508.4874000 0.0007495 0.8901827 0.0281067 0.4547354
46.544720 859.4084000 22.0476200 -510.0613000 0.0013599 0.8900571 0.0288867 0.4549309
46.648340 861.5570000 22.1402000 -511.6370000 0.0011529 0.8899604 0.0300137 0.4550477
46.752090 863.7104000 22.2364100 -513.2137000 0.0009246 0.8898984 0.0310779 0.4550980
46.855700 865.8589000 22.3343200 -514.7848000 0.0005658 0.8898252 0.0312043 0.4552330
46.959440 868.0116000 22.4363600 -516.3554000 -0.0000792 0.8896610 0.0317916 0.4555135
47.063060 870.1571000 22.5358800 -517.9222000 0.0004568 0.8894453 0.0314785 0.4559561
47.166550 872.2938000 22.6329200 -519.4836000 0.0015134 0.8891306 0.0314726 0.4565676
47.270160 874.4419000 22.7298700 -521.0493000 0.0025655 0.8887137 0.0319532 0.4573405
47.373770 876.5885000 22.8265900 -522.6080000 0.0029005 0.8882786 0.0325222 0.4581430
47.477390 878.7368000 22.9250400 -524.1609000 0.0026319 0.8878837 0.0332975 0.4588539
47.581030 880.8822000 23.0238800 -525.7065000 0.0026320 0.8875488 0.0337148 0.4594709
47.684770 883.0323000 23.1254100 -527.2479000 0.0024620 0.8871907 0.0342696 0.4601219
47.789310 885.2001000 23.2295700 -528.7963000 0.0019306 0.8868859 0.0342997 0.4607094
47.892090 887.3238000 23.3297400 -530.3079000 0.0015071 0.8866018 0.0337599 0.4612973
47.995840 889.4706000 23.4308700 -531.8310000 0.0013020 0.8862850 0.0335364 0.4619227
48.099490 891.6091000 23.5326300 -533.3456000 0.0013124 0.8859770 0.0337663 0.4624964
48.203200 893.7550000 23.6341800 -534.8619000 0.0014844 0.8856363 0.0338224 0.4631438
48.306820 895.8952000 23.7341500 -536.3697000 0.0019416 0.8853473 0.0336954 0.4637035
48.410450 898.0347000 23.8352900 -537.8732000 0.0015408 0.8850667 0.0342724 0.4641982
48.514170 900.1742000 23.9413800 -539.3743000 0.0017883 0.8848214 0.0349688 0.4646128
48.617800 902.3079000 24.0486100 -540.8662000 0.0015268 0.8845942 0.0350208 0.4650423
48.721660 904.4565000 24.1588700 -542.3632000 0.0011197 0.8843932 0.0349749 0.4654290
48.825160 906.5910000 24.2670700 -543.8481000 0.0010863 0.8842223 0.0346410 0.4657787
48.928780 908.7272000 24.3728600 -545.3321000 0.0006552 0.8840879 0.0341536 0.4660706
49.032370 910.8623000 24.4797400 -546.8143000 0.0004983 0.8839536 0.0340349 0.4663341
49.136000 912.9899000 24.5849300 -548.2919000 0.0009601 0.8838461 0.0338755 0.4665486
49.239480 915.1230000 24.6880200 -549.7727000 0.0018597 0.8837541 0.0333579 0.4667574
49.343220 917.2617000 24.7890500 -551.2578000 0.0019468 0.8836522 0.0339543 0.4669069
49.446710 919.4006000 24.8947100 -552.7312000 0.0015853 0.8834981 0.0355714 0.4670796
49.550580 921.5445000 25.0139900 -554.2024000 0.0007133 0.8834612 0.0355480 0.4671532
49.654110 923.6762000 25.1219000 -555.6621000 0.0013189 0.8835800 0.0315278 0.4672158
49.757560 925.8066000 25.2100800 -557.1257000 0.0020677 0.8836431 0.0290634 0.4672536
49.861160 927.9450000 25.3008000 -558.5951000 0.0004485 0.8835574 0.0306767 0.4673169
49.964780 930.0863000 25.4100500 -560.0649000 -0.0010851 0.8833905 0.0338822 0.4674099
50.068530 932.2263000 25.5298500 -561.5352000 -0.0012229 0.8832820 0.0350648 0.4675274
50.172010 934.3539000 25.6516800 -562.9959000 -0.0005297 0.8831613 0.0351765 0.4677484
50.275650 936.4928000 25.7726900 -564.4662000 0.0001483 0.8830020 0.0353149 0.4680388
50.379370 938.6325000 25.8923200 -565.9327000 -0.0001277 0.8828188 0.0359258 0.4683378
50.483000 940.7719000 26.0141100 -567.3969000 -0.0007701 0.8826291 0.0361968 0.4686738
50.586610 942.9158000 26.1375900 -568.8595000 -0.0011633 0.8824482 0.0362988 0.4690056
50.690230 945.0575000 26.2600700 -570.3220000 -0.0003822 0.8822250 0.0352722 0.4695049
50.793950 947.2049000 26.3815900 -571.7862000 -0.0000599 0.8819711 0.0352689 0.4699821
50.897570 949.3532000 26.5008300 -573.2481000 0.0002222 0.8816369 0.0356995 0.4705761
51.001310 951.5077000 26.6207900 -574.7102000 0.0002327 0.8813637 0.0359022 0.4710723
51.105070 953.6604000 26.7422800 -576.1661000 0.0005472 0.8811356 0.0356317 0.4715189
51.208670 955.8153000 26.8616900 -577.6191000 0.0005228 0.8808619 0.0353865 0.4720486
51.312450 957.9804000 26.9821900 -579.0749000 -0.0002367 0.8806104 0.0360719 0.4724660
51.416040 960.1378000 27.0996500 -580.5258000 0.0000331 0.8803986 0.0364070 0.4728349
51.519760 962.3019000 27.2200900 -581.9778000 -0.0004758 0.8801427 0.0372694 0.4732437
51.623380 964.4640000 27.3483000 -583.4246000 -0.0015923 0.8798554 0.0392490 0.4736153
51.727120 966.6368000 27.4844700 -584.8741000 -0.0029853 0.8796507 0.0397790 0.4739445
51.830730 968.8004000 27.6278500 -586.3150000 -0.0036115 0.8795578 0.0398049 0.4741104
51.934500 970.9633000 27.7661900 -587.7582000 -0.0025019 0.8795528 0.0388924 0.4742025
52.038090 973.1252000 27.8996200 -589.2041000 -0.0009281 0.8795110 0.0389176 0.4742836
52.141830 975.2876000 28.0299500 -590.6491000 -0.0001940 0.8794887 0.0392706 0.4742967
52.245440 977.4553000 28.1605100 -592.0933000 -0.0004465 0.8795029 0.0389783 0.4742943
52.349180 979.6246000 28.2919300 -593.5333000 -0.0022045 0.8795486 0.0383267 0.4742578
52.452950 981.7949000 28.4239600 -594.9757000 -0.0024429 0.8796675 0.0371007 0.4741336
52.556660 983.9617000 28.5546500 -596.4211000 -0.0016620 0.8796557 0.0372219 0.4741494
52.660280 986.1268000 28.6842800 -597.8687000 -0.0007921 0.8795636 0.0386137 0.4742111
52.763900 988.2929000 28.8145500 -599.3177000 0.0002497 0.8794697 0.0390093 0.4743536
52.867640 990.4617000 28.9454000 -600.7664000 0.0009776 0.8794131 0.0388514 0.4744704
52.971270 992.6304000 29.0744300 -602.2122000 0.0010399 0.8793391 0.0390192 0.4745937
53.074870 994.7990000 29.2036500 -603.6558000 0.0009321 0.8792179 0.0393104 0.4747943
53.178480 996.9663000 29.3323600 -605.0961000 0.0009493 0.8790678 0.0391438 0.4750860
53.282240 999.1375000 29.4585100 -606.5369000 0.0010031 0.8789333 0.0383348 0.4754006
53.385840 1001.3040000 29.5812500 -607.9732000 0.0009101 0.8787804 0.0380611 0.4757052
53.489460 1003.4710000 29.7029700 -609.4078000 0.0008057 0.8786063 0.0384382 0.4759966
53.593090 1005.6370000 29.8268100 -610.8397000 0.0002794 0.8784151 0.0393072 0.4762791
53.696680 1007.8060000 29.9555500 -612.2697000 -0.0004935 0.8782367 0.0399886 0.4765511
53.800320 1009.9730000 30.0873400 -613.6954000 -0.0014049 0.8781812 0.0398462 0.4766635
53.904040 1012.1370000 30.2178100 -615.1186000 -0.0012261 0.8781395 0.0385259 0.4768493
54.007650 1014.2980000 30.3449000 -616.5381000 -0.0013791 0.8780732 0.0375253 0.4770508
54.111440 1016.4580000 30.4709900 -617.9592000 -0.0010496 0.8779499 0.0378420 0.4772535
54.215030 1018.6160000 30.5983200 -619.3811000 -0.0007198 0.8778231 0.0384824 0.4774360
54.318750 1020.7730000 30.7231100 -620.8006000 -0.0001490 0.8777297 0.0381991 0.4776310
54.422370 1022.9250000 30.8452500 -622.2172000 0.0004195 0.8776682 0.0385781 0.4777135
54.525980 1025.0740000 30.9671900 -623.6311000 0.0008759 0.8775479 0.0395125 0.4778573
54.629720 1027.2190000 31.0877700 -625.0420000 0.0021882 0.8774364 0.0396090 0.4780499
54.733340 1029.3670000 31.2092700 -626.4527000 0.0025336 0.8772259 0.0399708 0.4784044
54.837080 1031.5140000 31.3327000 -627.8572000 0.0019299 0.8770406 0.0402366 0.4787245
54.940700 1033.6580000 31.4568400 -629.2527000 0.0006111 0.8769011 0.0390114 0.4790847
55.044310 1035.8040000 31.5821900 -630.6416000 -0.0017000 0.8767960 0.0380447 0.4793522
55.147950 1037.9420000 31.7069800 -632.0242000 -0.0028298 0.8766690 0.0366084 0.4796909
55.251540 1040.0880000 31.8281300 -633.4108000 -0.0032027 0.8764939 0.0350811 0.4801224
55.355300 1042.2310000 31.9467400 -634.7988000 -0.0024164 0.8762029 0.0351834 0.4806504
55.458900 1044.3720000 32.0645600 -636.1849000 -0.0021202 0.8758348 0.0362167 0.4812455
55.562540 1046.5140000 32.1865100 -637.5675000 -0.0015695 0.8754520 0.0370688 0.4818788
55.666250 1048.6560000 32.3105200 -638.9462000 -0.0011568 0.8751231 0.0377124 0.4824272
55.769890 1050.7960000 32.4316700 -640.3174000 -0.0008264 0.8748937 0.0366800 0.4829232
55.873610 1052.9400000 32.5472200 -641.6850000 -0.0004175 0.8747346 0.0355060 0.4832997
55.977290 1055.0840000 32.6596100 -643.0515000 0.0003141 0.8745267 0.0354490 0.4836801
56.080860 1057.2260000 32.7742900 -644.4173000 0.0005912 0.8741768 0.0371840 0.4841816
56.184470 1059.3740000 32.8986100 -645.7840000 -0.0000513 0.8739029 0.0391920 0.4845181
56.288130 1061.5250000 33.0293000 -647.1441000 -0.0008528 0.8736640 0.0392352 0.4849444
56.391700 1063.6740000 33.1613500 -648.4919000 -0.0030845 0.8735599 0.0382450 0.4852019
56.495310 1065.8210000 33.2905900 -649.8375000 -0.0043787 0.8735369 0.0367230 0.4853509
56.598920 1067.9660000 33.4162000 -651.1855000 -0.0046597 0.8734744 0.0359774 0.4855167
56.702420 1070.1120000 33.5383500 -652.5347000 -0.0042490 0.8734075 0.0352249 0.4856959
56.806030 1072.2570000 33.6573700 -653.8847000 -0.0035051 0.8733675 0.0350240 0.4857883
56.909640 1074.4010000 33.7742900 -655.2353000 -0.0026616 0.8733245 0.0352110 0.4858575
57.013380 1076.5470000 33.8902700 -656.5901000 -0.0011875 0.8732722 0.0360072 0.4858988
57.117000 1078.6870000 34.0047000 -657.9412000 -0.0005192 0.8731742 0.0367770 0.4860184
57.220620 1080.8400000 34.1249200 -659.2934000 -0.0015272 0.8730750 0.0377364 0.4861211
57.324230 1082.9860000 34.2479400 -660.6391000 -0.0015393 0.8730178 0.0375255 0.4862400
57.427720 1085.1280000 34.3670900 -661.9814000 -0.0001601 0.8728533 0.0363175 0.4866293
57.531360 1087.2700000 34.4807800 -663.3284000 0.0023400 0.8725773 0.0360286 0.4871399
57.634950 1089.4130000 34.5871000 -664.6693000 0.0033065 0.8721384 0.0358694 0.4879314
57.738590 1091.5680000 34.6943400 -666.0140000 0.0031058 0.8718440 0.0371367 0.4883638
57.842180 1093.7180000 34.8057500 -667.3474000 0.0037901 0.8716268 0.0363172 0.4888082
57.945800 1095.8780000 34.9210200 -668.6777000 0.0011819 0.8713605 0.0378070 0.4891831
58.049530 1098.0410000 35.0470200 -670.0112000 -0.0004114 0.8711610 0.0394180 0.4894125
58.153180 1100.1950000 35.1797700 -671.3409000 -0.0001956 0.8709309 0.0402540 0.4897540
58.256810 1102.3540000 35.3110000 -672.6726000 0.0007351 0.8706644 0.0394978 0.4902886
58.360400 1104.5070000 35.4336800 -673.9958000 0.0016037 0.8704384 0.0381475 0.4907945
58.464000 1106.6680000 35.5487200 -675.3171000 0.0012862 0.8701712 0.0378771 0.4912898
58.567620 1108.8290000 35.6654500 -676.6374000 0.0010745 0.8699071 0.0382570 0.4917285
58.671360 1110.9930000 35.7853600 -677.9581000 0.0009984 0.8696353 0.0384413 0.4921948
58.774970 1113.1570000 35.9047200 -679.2720000 0.0005398 0.8693734 0.0388842 0.4926233
58.878710 1115.3260000 36.0265800 -680.5868000 0.0002281 0.8691149 0.0395387 0.4930272
58.982460 1117.4940000 36.1482500 -681.8958000 0.0002148 0.8688912 0.0392603 0.4934437
59.086070 1119.6590000 36.2686100 -683.2010000 0.0007828 0.8686689 0.0386023 0.4938862
59.189810 1121.8380000 36.3879600 -684.5117000 0.0008293 0.8684133 0.0382054 0.4943662
59.293570 1124.0190000 36.5110900 -685.8237000 0.0001840 0.8681570 0.0382826 0.4948109
59.397170 1126.1980000 36.6344500 -687.1319000 0.0001251 0.8679287 0.0383997 0.4952022
59.500910 1128.3810000 36.7566700 -688.4392000 0.0008708 0.8676909 0.0379740 0.4956509
59.604650 1130.5640000 36.8746300 -689.7431000 0.0010569 0.8674174 0.0370935 0.4961955
59.708260 1132.7530000 36.9903200 -691.0464000 0.0009732 0.8671479 0.0367857 0.4966895
59.812000 1134.9460000 37.1026600 -692.3504000 0.0013488 0.8669319 0.0364423 0.4970907
59.915740 1137.1430000 37.2124200 -693.6540000 0.0016585 0.8666912 0.0361432 0.4975313
60.019480 1139.3410000 37.3220400 -694.9554000 0.0017974 0.8664727 0.0362747 0.4979016
60.123100 1141.5410000 37.4326100 -696.2551000 0.0017172 0.8662286 0.0365602 0.4983055
60.226840 1143.7490000 37.5467300 -697.5560000 0.0014852 0.8660369 0.0365634 0.4986392
60.330460 1145.9540000 37.6611400 -698.8522000 0.0007506 0.8659285 0.0366421 0.4988232
60.434070 1148.1630000 37.7764500 -700.1487000 0.0003518 0.8658949 0.0362689 0.4989092
60.537830 1150.3760000 37.8913500 -701.4450000 -0.0000752 0.8659493 0.0357686 0.4988510
60.641430 1152.5850000 38.0068100 -702.7408000 -0.0004212 0.8660163 0.0361966 0.4987036
60.745170 1154.8000000 38.1244900 -704.0408000 -0.0002500 0.8660906 0.0363121 0.4985665
60.848780 1157.0120000 38.2435600 -705.3377000 0.0003218 0.8661581 0.0357753 0.4984879
60.952400 1159.2290000 38.3621400 -706.6378000 0.0002351 0.8661600 0.0365127 0.4984311
61.056140 1161.4480000 38.4824400 -707.9363000 0.0006698 0.8661970 0.0368357 0.4983427
61.159760 1163.6630000 38.6007500 -709.2369000 0.0017393 0.8662902 0.0358843 0.4982476
61.263370 1165.8860000 38.7170500 -710.5384000 0.0016411 0.8663176 0.0362835 0.4981712
61.366980 1168.1100000 38.8346100 -711.8436000 0.0008095 0.8663411 0.0368086 0.4980940
61.470630 1170.3370000 38.9554400 -713.1505000 0.0009397 0.8663696 0.0368130 0.4980437
61.574220 1172.5620000 39.0772800 -714.4590000 0.0018112 0.8663330 0.0363314 0.4981404
61.677850 1174.7900000 39.1932800 -715.7678000 0.0029740 0.8661920 0.0356746 0.4984275
61.784120 1177.0830000 39.3078600 -717.1122000 0.0030022 0.8659827 0.0363205 0.4987443
61.885240 1179.2710000 39.4187300 -718.3940000 0.0024998 0.8658060 0.0372144 0.4989879
61.988910 1181.5160000 39.5415400 -719.7105000 0.0015206 0.8656669 0.0388702 0.4991068
62.092420 1183.7580000 39.6707100 -721.0223000 0.0011111 0.8656094 0.0394213 0.4991644
62.196570 1186.0210000 39.8023400 -722.3448000 0.0008149 0.8655482 0.0390784 0.4992981
62.300010 1188.2720000 39.9327400 -723.6591000 0.0007804 0.8655157 0.0380368 0.4994349
62.403410 1190.5240000 40.0601500 -724.9743000 0.0009203 0.8654432 0.0375724 0.4995953
62.507020 1192.7840000 40.1860500 -726.2948000 0.0010000 0.8652687 0.0378195 0.4998787
62.611050 1195.0540000 40.3095600 -727.6201000 0.0013717 0.8650631 0.0375072 0.5002571
62.714120 1197.3150000 40.4325200 -728.9370000 0.0019512 0.8648099 0.0371083 0.5007225
62.817730 1199.5850000 40.5533200 -730.2584000 0.0025015 0.8646360 0.0366207 0.5010562
62.921550 1201.8670000 40.6720100 -731.5819000 0.0024958 0.8643817 0.0368382 0.5014788
63.024960 1204.1420000 40.7900100 -732.8978000 0.0024681 0.8641516 0.0375429 0.5018232
63.128570 1206.4170000 40.9063700 -734.2126000 0.0025979 0.8639669 0.0375590 0.5021392
63.232210 1208.7090000 41.0255700 -735.5340000 0.0025333 0.8637844 0.0379114 0.5024270
63.335690 1210.9930000 41.1444300 -736.8459000 0.0019231 0.8635821 0.0381524 0.5027590
63.439300 1213.2830000 41.2651200 -738.1592000 0.0019903 0.8633649 0.0379784 0.5031448
63.542910 1215.5780000 41.3833000 -739.4756000 0.0022953 0.8630942 0.0382733 0.5035854
63.646520 1217.8740000 41.5023700 -740.7904000 0.0027208 0.8627035 0.0381357 0.5042627
63.750030 1220.1730000 41.6172600 -742.1052000 0.0032618 0.8622639 0.0373949 0.5050663
63.853630 1222.4780000 41.7298100 -743.4152000 0.0035807 0.8618408 0.0366789 0.5058382
63.957240 1224.7870000 41.8373800 -744.7223000 0.0042102 0.8614140 0.0359060 0.5066152
64.060730 1227.1010000 41.9435000 -746.0279000 0.0044322 0.8610020 0.0357659 0.5073231
64.164350 1229.4160000 42.0498900 -747.3281000 0.0042657 0.8606300 0.0361444 0.5079286
64.267970 1231.7440000 42.1583100 -748.6314000 0.0034990 0.8603568 0.0361133 0.5083992
64.371580 1234.0740000 42.2695500 -749.9294000 0.0032965 0.8602375 0.0352154 0.5086653
64.475200 1236.4050000 42.3792000 -751.2267000 0.0033781 0.8600996 0.0341185 0.5089726
64.578710 1238.7350000 42.4842900 -752.5197000 0.0035967 0.8599505 0.0334235 0.5092691
64.682580 1241.0820000 42.5865000 -753.8235000 0.0042700 0.8597894 0.0332944 0.5095444
64.785940 1243.4230000 42.6865100 -755.1203000 0.0043917 0.8595891 0.0336831 0.5098556
64.889620 1245.7710000 42.7868600 -756.4194000 0.0044585 0.8594394 0.0340221 0.5100848
64.993150 1248.1230000 42.8875400 -757.7175000 0.0041764 0.8592539 0.0340987 0.5103945
65.096770 1250.4780000 42.9908200 -759.0137000 0.0036354 0.8590627 0.0343348 0.5107046
65.200410 1252.8410000 43.0976100 -760.3120000 0.0032198 0.8588720 0.0346451 0.5110070
65.304130 1255.2090000 43.2069000 -761.6116000 0.0028952 0.8586718 0.0349783 0.5113226
65.407740 1257.5790000 43.3206300 -762.9110000 0.0026767 0.8584285 0.0361872 0.5116482
65.511370 1259.9490000 43.4359000 -764.2087000 0.0031953 0.8582365 0.0361728 0.5119682
65.614970 1262.3180000 43.5478200 -765.5015000 0.0038649 0.8581004 0.0346477 0.5122970
65.719300 1264.7160000 43.6517900 -766.8074000 0.0051072 0.8579965 0.0320221 0.5126309
65.822450 1267.0840000 43.7395100 -768.0952000 0.0068644 0.8578752 0.0291879 0.5129825
65.926080 1269.4730000 43.8159800 -769.3932000 0.0072778 0.8576273 0.0288539 0.5134100
66.029810 1271.8680000 43.8931800 -770.6928000 0.0067433 0.8573733 0.0302252 0.5137627
66.133430 1274.2610000 43.9765700 -771.9869000 0.0063725 0.8571877 0.0305344 0.5140586
66.237180 1276.6700000 44.0663400 -773.2870000 0.0053749 0.8570401 0.0317115 0.5142448
66.340900 1279.0740000 44.1590400 -774.5821000 0.0047202 0.8569106 0.0323879 0.5144249
66.444520 1281.4780000 44.2525200 -775.8763000 0.0047906 0.8567664 0.0326847 0.5146456
66.548250 1283.8850000 44.3466100 -777.1708000 0.0048263 0.8566297 0.0327760 0.5148670
66.651880 1286.2900000 44.4388100 -778.4617000 0.0051137 0.8564733 0.0322576 0.5151570
66.755490 1288.6960000 44.5284600 -779.7516000 0.0052579 0.8563374 0.0316914 0.5154167
66.859100 1291.1030000 44.6141100 -781.0407000 0.0057464 0.8562324 0.0308894 0.5156345
66.962720 1293.5100000 44.6961000 -782.3282000 0.0062104 0.8560635 0.0306500 0.5159237
67.066340 1295.9190000 44.7763100 -783.6147000 0.0059936 0.8558956 0.0310293 0.5161822
67.169960 1298.3290000 44.8586600 -784.8990000 0.0055884 0.8557070 0.0312527 0.5164858
67.273570 1300.7420000 44.9411900 -786.1825000 0.0056845 0.8555892 0.0310243 0.5166936
67.377190 1303.1540000 45.0228000 -787.4640000 0.0055812 0.8554543 0.0310849 0.5169145
67.480800 1305.5610000 45.1037000 -788.7421000 0.0061110 0.8552874 0.0307779 0.5172029
67.584290 1307.9660000 45.1813700 -790.0173000 0.0066771 0.8551205 0.0301704 0.5175076
67.687910 1310.3800000 45.2549200 -791.2954000 0.0073008 0.8549922 0.0295390 0.5177476
67.791520 1312.7940000 45.3249300 -792.5713000 0.0074058 0.8548811 0.0293530 0.5179401
67.895140 1315.2080000 45.3932100 -793.8437000 0.0070408 0.8547145 0.0294658 0.5182135
67.998740 1317.6240000 45.4636200 -795.1168000 0.0064709 0.8545179 0.0303336 0.5184952
68.102260 1320.0320000 45.5383100 -796.3846000 0.0071124 0.8543430 0.0306550 0.5187559
68.205860 1322.4490000 45.6265100 -797.6481000 0.0077232 0.8541662 0.0300882 0.5190714
68.309500 1324.8670000 45.7071600 -798.9070000 0.0076048 0.8539939 0.0299499 0.5193645
68.412960 1327.2870000 45.8007100 -800.1723000 0.0072077 0.8538801 0.0297030 0.5195715
68.516600 1329.7090000 45.8666400 -801.4285000 0.0072593 0.8537504 0.0290218 0.5198223
68.620200 1332.1230000 45.9200500 -802.6887000 0.0077228 0.8536206 0.0275699 0.5201078
68.723700 1334.5420000 45.9695800 -803.9500000 0.0081103 0.8535216 0.0267084 0.5203093
68.827300 1336.9620000 46.0154500 -805.2106000 0.0079671 0.8533645 0.0270803 0.5205500
68.930920 1339.3800000 46.0641700 -806.4689000 0.0080764 0.8532023 0.0280112 0.5207649
69.034420 1341.7970000 46.1146500 -807.7231000 0.0078285 0.8530519 0.0285465 0.5209859
69.138040 1344.2120000 46.1692100 -808.9741000 0.0079414 0.8529568 0.0276999 0.5211856
69.241640 1346.6380000 46.2196100 -810.2296000 0.0080463 0.8528505 0.0267307 0.5214085
69.345250 1349.0580000 46.2718900 -811.4819000 0.0081951 0.8527639 0.0263519 0.5215669
69.448870 1351.4780000 46.3203300 -812.7339000 0.0085946 0.8526337 0.0259777 0.5217922
69.552530 1353.9020000 46.3659500 -813.9856000 0.0086594 0.8524652 0.0260615 0.5220622
69.656100 1356.3190000 46.4117100 -815.2327000 0.0086544 0.8522993 0.0266416 0.5223038
69.759720 1358.7410000 46.4584600 -816.4808000 0.0084735 0.8521190 0.0269451 0.5225852
69.863330 1361.1560000 46.5072800 -817.7234000 0.0083739 0.8519749 0.0266879 0.5228350
69.966820 1363.5680000 46.5568100 -818.9605000 0.0081860 0.8518497 0.0266236 0.5230451
70.070460 1365.9790000 46.6048400 -820.1971000 0.0085898 0.8517176 0.0262338 0.5232735
70.174050 1368.3880000 46.6529900 -821.4312000 0.0083377 0.8515525 0.0262690 0.5235444
70.277680 1370.7970000 46.7006200 -822.6635000 0.0084091 0.8514315 0.0261654 0.5237452
70.381410 1373.2060000 46.7496600 -823.8932000 0.0085524 0.8512719 0.0259213 0.5240143
70.485050 1375.6120000 46.7980700 -825.1194000 0.0088221 0.8511249 0.0257926 0.5242551
70.588760 1378.0140000 46.8435800 -826.3424000 0.0096582 0.8509104 0.0253987 0.5246075
70.692380 1380.4230000 46.8869100 -827.5660000 0.0100050 0.8506567 0.0252397 0.5250201
70.795990 1382.8300000 46.9262400 -828.7850000 0.0104544 0.8503963 0.0245602 0.5254652
70.899760 1385.2410000 46.9624300 -830.0028000 0.0105778 0.8501904 0.0241670 0.5258140
71.003350 1387.6470000 46.9943100 -831.2155000 0.0108450 0.8500090 0.0233262 0.5261396
71.107200 1390.0580000 47.0233800 -832.4280000 0.0105171 0.8498015 0.0229550 0.5264978
71.210820 1392.4730000 47.0518500 -833.6398000 0.0101119 0.8496186 0.0227594 0.5268092
71.314340 1394.8830000 47.0789400 -834.8470000 0.0097344 0.8494029 0.0227927 0.5271626
71.418080 1397.2970000 47.1077900 -836.0545000 0.0098087 0.8491606 0.0227370 0.5275540
71.521800 1399.7120000 47.1356300 -837.2586000 0.0096905 0.8488963 0.0230894 0.5279660
71.625410 1402.1180000 47.1649500 -838.4586000 0.0098200 0.8486700 0.0231161 0.5283261
71.729150 1404.5310000 47.1942000 -839.6596000 0.0103724 0.8484525 0.0231394 0.5286637
71.832900 1406.9400000 47.2208900 -840.8560000 0.0105892 0.8482153 0.0232871 0.5290335
71.936530 1409.3450000 47.2474900 -842.0488000 0.0108899 0.8479796 0.0235908 0.5293916
72.040250 1411.7480000 47.2706400 -843.2372000 0.0114435 0.8477386 0.0229638 0.5297933
72.143990 1414.1450000 47.2925900 -844.4199000 0.0117225 0.8475090 0.0226185 0.5301693
72.247600 1416.5450000 47.3126100 -845.6026000 0.0119935 0.8472792 0.0220771 0.5305532
72.351370 1418.9420000 47.3286900 -846.7820000 0.0127323 0.8470353 0.0217952 0.5309370
72.454960 1421.3380000 47.3420300 -847.9587000 0.0129932 0.8467855 0.0217985 0.5313289
72.558610 1423.7390000 47.3582000 -849.1316000 0.0125649 0.8465923 0.0219386 0.5316412
72.662320 1426.1370000 47.3743100 -850.3038000 0.0124082 0.8464688 0.0214805 0.5318602
72.766060 1428.5400000 47.3910700 -851.4737000 0.0124749 0.8463297 0.0211044 0.5320950
72.869690 1430.9390000 47.4061400 -852.6428000 0.0127729 0.8462059 0.0202350 0.5323185
72.973420 1433.3380000 47.4163900 -853.8098000 0.0130804 0.8460424 0.0194632 0.5325996
73.077160 1435.7350000 47.4214100 -854.9747000 0.0133001 0.8458888 0.0193371 0.5328427
73.180810 1438.1340000 47.4235200 -856.1389000 0.0132698 0.8457102 0.0193663 0.5331258
73.284400 1440.5370000 47.4264600 -857.3020000 0.0126003 0.8455582 0.0198334 0.5333659
73.388130 1442.9360000 47.4323700 -858.4621000 0.0125087 0.8454313 0.0194804 0.5335822
73.491740 1445.3300000 47.4388700 -859.6177000 0.0128699 0.8452783 0.0191641 0.5338274
73.595360 1447.7210000 47.4462000 -860.7713000 0.0127298 0.8450436 0.0193758 0.5341946
73.698980 1450.1160000 47.4520200 -861.9226000 0.0126262 0.8448756 0.0192047 0.5344689
73.802720 1452.5090000 47.4563600 -863.0706000 0.0126298 0.8447587 0.0189349 0.5346632
73.906330 1454.8990000 47.4595300 -864.2129000 0.0123573 0.8446106 0.0190248 0.5349003
74.010090 1457.2880000 47.4645800 -865.3539000 0.0122771 0.8444511 0.0195258 0.5351358
74.113680 1459.6720000 47.4699500 -866.4905000 0.0122519 0.8442599 0.0200153 0.5354199
74.217430 1462.0580000 47.4740500 -867.6272000 0.0122401 0.8440769 0.0203069 0.5356977
74.321040 1464.4320000 47.4797700 -868.7581000 0.0125129 0.8438951 0.0205033 0.5359702
74.424700 1466.8070000 47.4759900 -869.8865000 0.0125436 0.8437172 0.0203402 0.5362558
74.528420 1469.1820000 47.4668900 -871.0138000 0.0123671 0.8435756 0.0202757 0.5364850
74.632010 1471.5500000 47.4602900 -872.1350000 0.0124816 0.8433595 0.0198925 0.5368363
74.735780 1473.9200000 47.4507300 -873.2573000 0.0126535 0.8432145 0.0198606 0.5370612
74.839370 1476.2830000 47.4392300 -874.3734000 0.0125376 0.8430527 0.0198390 0.5373188
74.942980 1478.6420000 47.4268500 -875.4851000 0.0124378 0.8428841 0.0198636 0.5375845
75.046740 1481.0010000 47.4247700 -876.5934000 0.0122963 0.8427778 0.0200395 0.5377479
75.150340 1483.3480000 47.4259200 -877.6953000 0.0119462 0.8427722 0.0199224 0.5377689
75.253960 1485.6960000 47.4361100 -878.7965000 0.0113950 0.8427914 0.0203060 0.5377364
75.357700 1488.0420000 47.4480400 -879.8970000 0.0113375 0.8428378 0.0209240 0.5376412
75.461430 1490.3810000 47.4567500 -880.9934000 0.0112110 0.8428627 0.0210753 0.5375989
75.565050 1492.7120000 47.4680400 -882.0850000 0.0109213 0.8428455 0.0211772 0.5376279
75.668790 1495.0410000 47.4787600 -883.1750000 0.0109284 0.8428222 0.0206641 0.5376842
75.772410 1497.3630000 47.4916100 -884.2612000 0.0107852 0.8427862 0.0205330 0.5377486
75.876160 1499.6860000 47.5140500 -885.3464000 0.0102289 0.8427320 0.0210742 0.5378234
75.979760 1501.9960000 47.5321000 -886.4270000 0.0109402 0.8426472 0.0211241 0.5379402
76.083250 1504.2980000 47.5439600 -887.5023000 0.0116088 0.8424837 0.0203202 0.5382132
76.186870 1506.6080000 47.5538600 -888.5793000 0.0115417 0.8423040 0.0206500 0.5384834
76.290480 1508.9130000 47.5655200 -889.6524000 0.0116063 0.8420885 0.0217333 0.5387763
76.394100 1511.2160000 47.5802900 -890.7229000 0.0113785 0.8419097 0.0225646 0.5390264
76.497610 1513.5100000 47.5975100 -891.7874000 0.0118056 0.8417490 0.0220160 0.5392908
76.601210 1515.8010000 47.6112400 -892.8485000 0.0123038 0.8416010 0.0217081 0.5395230
76.704860 1518.0960000 47.6239900 -893.9096000 0.0126105 0.8414113 0.0213322 0.5398267
76.808450 1520.3880000 47.6331300 -894.9665000 0.0121766 0.8412517 0.0215763 0.5400758
76.911950 1522.6760000 47.6459600 -896.0191000 0.0115994 0.8410644 0.0223084 0.5403503
77.015550 1524.9610000 47.6673600 -897.0705000 0.0113827 0.8409148 0.0227083 0.5405711
77.119180 1527.2420000 47.6870600 -898.1170000 0.0110103 0.8407242 0.0229063 0.5408669
77.222770 1529.5230000 47.7051700 -899.1623000 0.0112371 0.8405579 0.0227827 0.5411257
77.326390 1531.7950000 47.7202000 -900.2017000 0.0121048 0.8403981 0.0216136 0.5414032
77.430010 1534.0670000 47.7313100 -901.2401000 0.0129425 0.8402074 0.0206171 0.5417185
77.533630 1536.3370000 47.7381800 -902.2742000 0.0123964 0.8399877 0.0211259 0.5420523
77.637240 1538.6050000 47.7508200 -903.3060000 0.0114921 0.8397943 0.0221276 0.5423319
77.740860 1540.8730000 47.7692800 -904.3349000 0.0103767 0.8395916 0.0235544 0.5426080
77.844470 1543.1340000 47.7934600 -905.3584000 0.0103350 0.8394252 0.0237794 0.5428564
77.948260 1545.3920000 47.8167900 -906.3787000 0.0105525 0.8392970 0.0229514 0.5430860
78.051830 1547.6410000 47.8334300 -907.3939000 0.0110567 0.8390821 0.0220349 0.5434459
78.155450 1549.8840000 47.8479400 -908.4067000 0.0118454 0.8388621 0.0222577 0.5437598
78.259190 1552.1340000 47.8603400 -909.4203000 0.0117786 0.8386274 0.0227675 0.5441020
78.362800 1554.3740000 47.8727400 -910.4252000 0.0109437 0.8385051 0.0228034 0.5443064
78.466420 1556.6110000 47.8876800 -911.4271000 0.0102029 0.8385527 0.0230145 0.5442386
78.570050 1558.8420000 47.9046800 -912.4266000 0.0095855 0.8387065 0.0229158 0.5440168
78.673770 1561.0710000 47.9261500 -913.4263000 0.0087451 0.8389328 0.0235611 0.5436544
78.777380 1563.2920000 47.9499700 -914.4261000 0.0089088 0.8391649 0.0237822 0.5432839
78.881010 1565.5070000 47.9739700 -915.4256000 0.0093458 0.8393912 0.0234458 0.5429414
78.984610 1567.7160000 47.9970700 -916.4241000 0.0093347 0.8396136 0.0229156 0.5426202
79.088250 1569.9200000 48.0198500 -917.4222000 0.0091777 0.8397990 0.0229990 0.5423324
79.191840 1572.1260000 48.0437700 -918.4232000 0.0089969 0.8399805 0.0228224 0.5420617
79.295580 1574.3310000 48.0680200 -919.4263000 0.0086707 0.8401648 0.0233078 0.5417607
79.399200 1576.5280000 48.0930100 -920.4289000 0.0091408 0.8403616 0.0232948 0.5414482
79.502830 1578.7230000 48.1192300 -921.4312000 0.0094039 0.8405315 0.0230036 0.5411925
79.606430 1580.9100000 48.1431400 -922.4315000 0.0094722 0.8407385 0.0228658 0.5408754
79.710070 1583.1060000 48.1660600 -923.4386000 0.0097312 0.8409691 0.0230937 0.5405025
79.813790 1585.2940000 48.1891000 -924.4438000 0.0097483 0.8412973 0.0231678 0.5399881
79.917400 1587.4770000 48.2115500 -925.4494000 0.0091311 0.8417980 0.0234088 0.5392075
80.021040 1589.6560000 48.2363900 -926.4574000 0.0084695 0.8424812 0.0236396 0.5381402
80.124630 1591.8250000 48.2626000 -927.4666000 0.0077217 0.8432288 0.0236494 0.5369788
80.228390 1593.9980000 48.2902500 -928.4840000 0.0073727 0.8439569 0.0238928 0.5358279
80.331990 1596.1560000 48.3193900 -929.5025000 0.0074223 0.8446823 0.0241580 0.5346710
80.435600 1598.3090000 48.3490600 -930.5255000 0.0072814 0.8453755 0.0242070 0.5335741
80.539350 1600.4560000 48.3780200 -931.5523000 0.0070130 0.8461289 0.0237927 0.5324008
80.642960 1602.5940000 48.4054800 -932.5808000 0.0068193 0.8469497 0.0234640 0.5311112
80.746700 1604.7280000 48.4340600 -933.6148000 0.0064991 0.8478205 0.0232310 0.5297343
80.850320 1606.8510000 48.4614300 -934.6535000 0.0062331 0.8486613 0.0236928 0.5283691
80.954060 1608.9680000 48.4919500 -935.6991000 0.0065358 0.8493015 0.0244895 0.5272992
81.057690 1611.0790000 48.5262400 -936.7470000 0.0062786 0.8498989 0.0251933 0.5263058
81.161430 1613.1770000 48.5611400 -937.7953000 0.0063495 0.8504909 0.0251534 0.5253496
81.265030 1615.2760000 48.5969700 -938.8488000 0.0062001 0.8510585 0.0249652 0.5244404
81.368770 1617.3650000 48.6332500 -939.9034000 0.0060101 0.8516110 0.0248932 0.5235483
81.472390 1619.4460000 48.6700900 -940.9606000 0.0057626 0.8521142 0.0254330 0.5227057
81.576000 1621.5140000 48.7076700 -942.0174000 0.0066131 0.8524372 0.0253968 0.5221705
81.679610 1623.5820000 48.7455100 -943.0798000 0.0073853 0.8525997 0.0260456 0.5218629
81.783110 1625.6390000 48.7811200 -944.1387000 0.0081251 0.8527491 0.0260760 0.5216061
81.886720 1627.6920000 48.8136400 -945.1948000 0.0086978 0.8529849 0.0251830 0.5212551
81.990350 1629.7390000 48.8433600 -946.2493000 0.0083700 0.8531897 0.0243425 0.5209651
82.093950 1631.7800000 48.8717800 -947.3020000 0.0082224 0.8533782 0.0240797 0.5206710
82.197580 1633.8190000 48.8979200 -948.3574000 0.0083982 0.8535344 0.0240204 0.5204148
82.301180 1635.8480000 48.9225200 -949.4093000 0.0089911 0.8536756 0.0236965 0.5201880
82.404920 1637.8760000 48.9471300 -950.4616000 0.0087860 0.8537219 0.0241915 0.5200928
82.508540 1639.8980000 48.9745900 -951.5090000 0.0082881 0.8537308 0.0245861 0.5200678
82.612160 1641.9050000 49.0026100 -952.5509000 0.0086627 0.8536808 0.0241108 0.5201661
82.715890 1643.9200000 49.0308300 -953.5981000 0.0085335 0.8535322 0.0244320 0.5203970
82.819520 1645.9270000 49.0612300 -954.6358000 0.0076637 0.8532177 0.0246513 0.5209157
82.923130 1647.9290000 49.0936200 -955.6718000 0.0077316 0.8528892 0.0258832 0.5213927
83.026880 1649.9310000 49.1307000 -956.7025000 0.0072019 0.8523164 0.0277967 0.5222377
83.130480 1651.9260000 49.1778500 -957.7232000 0.0067675 0.8517585 0.0289772 0.5230890
83.234220 1653.9220000 49.2277100 -958.7392000 0.0061970 0.8513219 0.0288273 0.5238144
83.337860 1655.9070000 49.2740400 -959.7429000 0.0059971 0.8508197 0.0267009 0.5247446
83.441640 1657.8880000 49.3105900 -960.7445000 0.0097098 0.8502320 0.0243717 0.5257540
83.545230 1659.8680000 49.3367100 -961.7407000 0.0114601 0.8494390 0.0237872 0.5270258
83.648840 1661.8570000 49.3636800 -962.7322000 0.0109315 0.8485480 0.0260591 0.5283632
83.752550 1663.8450000 49.3984500 -963.7141000 0.0107498 0.8476583 0.0268324 0.5297545
83.856290 1665.8350000 49.4388200 -964.6864000 0.0097880 0.8469068 0.0276632 0.5309311
83.960030 1667.8280000 49.4811800 -965.6520000 0.0087263 0.8462771 0.0281666 0.5319263
84.063650 1669.8130000 49.5242100 -966.6100000 0.0089948 0.8457702 0.0280510 0.5327335
84.167410 1671.7970000 49.5645600 -967.5649000 0.0100222 0.8453031 0.0282521 0.5334455
84.271000 1673.7860000 49.6059900 -968.5170000 0.0097251 0.8447696 0.0293140 0.5342381
84.375100 1675.7820000 49.6513000 -969.4644000 0.0089072 0.8443808 0.0289714 0.5348854
84.478430 1677.7610000 49.6965300 -970.3985000 0.0079174 0.8442449 0.0283473 0.5351488
84.582130 1679.7400000 49.7400000 -971.3312000 0.0074381 0.8442001 0.0273834 0.5352766
84.685720 1681.7230000 49.7818500 -972.2641000 0.0066010 0.8440849 0.0268628 0.5354955
84.789410 1683.7030000 49.8233400 -973.1964000 0.0060319 0.8439856 0.0268888 0.5356575
84.893170 1685.6820000 49.8655900 -974.1288000 0.0057016 0.8439314 0.0271658 0.5357325
84.996840 1687.6550000 49.9090500 -975.0597000 0.0061317 0.8439194 0.0273710 0.5357363
85.100490 1689.6210000 49.9526200 -975.9855000 0.0059573 0.8439031 0.0272266 0.5357712
85.204070 1691.5850000 49.9958200 -976.9105000 0.0061235 0.8439217 0.0270481 0.5357491
85.307680 1693.5460000 50.0377600 -977.8338000 0.0063057 0.8439487 0.0266963 0.5357221
85.411440 1695.5060000 50.0783200 -978.7577000 0.0065170 0.8438883 0.0270446 0.5357972
85.515020 1697.4600000 50.1201700 -979.6789000 0.0065191 0.8437183 0.0277831 0.5360271
85.618780 1699.4160000 50.1651500 -980.5994000 0.0064026 0.8434965 0.0287566 0.5363261
85.723090 1701.3780000 50.2113900 -981.5203000 0.0064250 0.8433039 0.0285767 0.5366383
85.826500 1703.3210000 50.2583200 -982.4311000 0.0065438 0.8431378 0.0292247 0.5368629
85.929770 1705.2580000 50.3057200 -983.3354000 0.0057973 0.8428621 0.0289622 0.5373184
86.033690 1707.2060000 50.3551200 -984.2435000 0.0057208 0.8426425 0.0291910 0.5376512
86.137390 1709.1440000 50.4059800 -985.1451000 0.0056459 0.8422547 0.0299234 0.5382190
86.240760 1711.0780000 50.4568500 -986.0442000 0.0067064 0.8418063 0.0295422 0.5389290
86.344470 1713.0110000 50.5040900 -986.9390000 0.0081590 0.8413315 0.0286280 0.5396991
86.448450 1714.9500000 50.5462200 -987.8314000 0.0082812 0.8408726 0.0281306 0.5404382
86.551860 1716.8810000 50.5893100 -988.7143000 0.0069925 0.8403991 0.0293617 0.5411269
86.655630 1718.8150000 50.6388600 -989.5928000 0.0054133 0.8399741 0.0299222 0.5417738
86.759380 1720.7480000 50.6922200 -990.4667000 0.0045617 0.8395729 0.0298582 0.5424067
86.863010 1722.6780000 50.7470800 -991.3366000 0.0038149 0.8391356 0.0303270 0.5430627
86.966920 1724.6080000 50.8039200 -992.2037000 0.0036369 0.8387125 0.0305500 0.5437047
87.070550 1726.5280000 50.8588200 -993.0631000 0.0039381 0.8383170 0.0296292 0.5443632
87.174110 1728.4440000 50.9130700 -993.9181000 0.0037155 0.8379563 0.0300959 0.5448941
87.278320 1730.3690000 50.9695300 -994.7738000 0.0033036 0.8376333 0.0311978 0.5453313
87.381660 1732.2610000 51.0212200 -995.6156000 0.0039866 0.8374613 0.0297446 0.5456721
87.485350 1734.1590000 51.0717000 -996.4578000 0.0043161 0.8372943 0.0296846 0.5459289
87.588960 1736.0380000 51.1220300 -997.2930000 0.0056658 0.8371275 0.0306073 0.5461214
87.692700 1737.9150000 51.1702000 -998.1264000 0.0067277 0.8370180 0.0313366 0.5462359
87.796300 1739.7760000 51.2184900 -998.9527000 0.0071948 0.8370059 0.0329521 0.5461534
87.900120 1741.6290000 51.2688000 -999.7741000 0.0072633 0.8370751 0.0338909 0.5459889
88.003840 1743.4750000 51.3225300 -1000.5900000 0.0066635 0.8372126 0.0337559 0.5457941
88.107400 1745.3080000 51.3757300 -1001.3980000 0.0058989 0.8374073 0.0329094 0.5455559
88.211600 1747.1510000 51.4476600 -1002.1990000 0.0050230 0.8376607 0.0315967 0.5452531
88.314960 1748.9710000 51.5081400 -1002.9900000 0.0042932 0.8379099 0.0308793 0.5449175
88.418530 1750.7840000 51.5599500 -1003.7880000 0.0036696 0.8380933 0.0307633 0.5446465
88.522330 1752.5920000 51.6063500 -1004.5890000 0.0032234 0.8382840 0.0313076 0.5443247
88.625980 1754.3880000 51.6538600 -1005.3750000 0.0025722 0.8384967 0.0313909 0.5439956
88.729780 1756.1870000 51.7057800 -1006.1650000 0.0015318 0.8387890 0.0315085 0.5435419
88.833470 1757.9740000 51.7626500 -1006.9570000 0.0005861 0.8392072 0.0320488 0.5428662
88.937260 1759.7510000 51.8231100 -1007.7510000 0.0002925 0.8395995 0.0324189 0.5422376
89.040970 1761.5130000 51.8834200 -1008.5440000 0.0009616 0.8399210 0.0330492 0.5417007
89.144560 1763.2610000 51.9528500 -1009.3350000 0.0017446 0.8401886 0.0344720 0.5411947
89.248170 1764.9980000 52.0104500 -1010.1230000 0.0028282 0.8404311 0.0359592 0.5407166
89.351910 1766.7200000 52.0705800 -1010.9090000 0.0043950 0.8406995 0.0367957 0.5402324
89.455530 1768.4240000 52.1290100 -1011.6900000 0.0062051 0.8410345 0.0372037 0.5396650
89.559150 1770.1130000 52.1861500 -1012.4670000 0.0073724 0.8413205 0.0380807 0.5391431
89.662760 1771.7860000 52.2429300 -1013.2420000 0.0087435 0.8416330 0.0390438 0.5385657
89.766510 1773.4470000 52.3002700 -1014.0140000 0.0102784 0.8420404 0.0396152 0.5378596
89.870260 1775.0970000 52.3576100 -1014.7850000 0.0116208 0.8424249 0.0401811 0.5371878
89.973980 1776.7310000 52.4143000 -1015.5520000 0.0126257 0.8429676 0.0407378 0.5362710
90.077600 1778.3500000 52.4712900 -1016.3160000 0.0135404 0.8435736 0.0414977 0.5352366
90.181340 1779.9540000 52.5285800 -1017.0800000 0.0146946 0.8441854 0.0426205 0.5341522
90.285080 1781.5390000 52.5860900 -1017.8400000 0.0160632 0.8447932 0.0434824 0.5330813
90.388820 1783.1040000 52.6425300 -1018.5960000 0.0172947 0.8454341 0.0443656 0.5319529
90.492430 1784.6490000 52.6979700 -1019.3470000 0.0181343 0.8464066 0.0446213 0.5303545
90.596170 1786.1780000 52.7544100 -1020.0970000 0.0181866 0.8477292 0.0450514 0.5281996
90.699910 1787.6880000 52.8114200 -1020.8500000 0.0182021 0.8493454 0.0457939 0.5255320
90.803530 1789.1780000 52.8700600 -1021.6040000 0.0185126 0.8511723 0.0464419 0.5224998
90.907270 1790.6440000 52.9287100 -1022.3590000 0.0187565 0.8532156 0.0465255 0.5191403
91.011010 1792.0930000 52.9875600 -1023.1190000 0.0182822 0.8556592 0.0461721 0.5151517
91.114650 1793.5080000 53.0449100 -1023.8810000 0.0178875 0.8586629 0.0454534 0.5102078
91.218370 1794.9180000 53.1041300 -1024.6650000 0.0176784 0.8621764 0.0450154 0.5042945
91.322130 1796.3050000 53.1625100 -1025.4670000 0.0180576 0.8659492 0.0451761 0.4977600
91.425850 1797.6450000 53.2256100 -1026.2690000 0.0186911 0.8698490 0.0459444 0.4908182
91.529590 1798.9860000 53.2864000 -1027.1050000 0.0199455 0.8738178 0.0468179 0.4835832
91.633230 1800.3030000 53.3494800 -1027.9570000 0.0205931 0.8778114 0.0477158 0.4761789
91.736950 1801.5730000 53.4186000 -1028.8140000 0.0215912 0.8819906 0.0485525 0.4682617
91.840690 1802.8490000 53.4874600 -1029.7050000 0.0216804 0.8862723 0.0490041 0.4600543
91.944420 1804.0700000 53.5568700 -1030.5930000 0.0223416 0.8906695 0.0487325 0.4514797
92.048160 1805.3020000 53.6277800 -1031.5250000 0.0230894 0.8951891 0.0485786 0.4424290
92.151900 1806.5120000 53.7020100 -1032.4790000 0.0227763 0.8997478 0.0502227 0.4329119
92.255650 1807.6590000 53.7813400 -1033.4360000 0.0231576 0.9044343 0.0511228 0.4229052
92.359390 1808.8230000 53.8636900 -1034.4390000 0.0230669 0.9091556 0.0517252 0.4125875
92.463120 1809.9650000 53.9489200 -1035.4670000 0.0224504 0.9138509 0.0519606 0.4020853
92.566890 1811.0320000 54.0315700 -1036.4860000 0.0224639 0.9186051 0.0514984 0.3911623
92.670480 1812.1200000 54.1192100 -1037.5630000 0.0222613 0.9233902 0.0509748 0.3798113
92.774250 1813.1270000 54.2074000 -1038.6310000 0.0219450 0.9281399 0.0513820 0.3680145
92.877970 1814.1630000 54.2974800 -1039.7640000 0.0218432 0.9328298 0.0525467 0.3557953
92.981700 1815.1690000 54.3935800 -1040.9210000 0.0212893 0.9373204 0.0543155 0.3435507
93.085450 1816.0830000 54.4943200 -1042.0620000 0.0202397 0.9417206 0.0557833 0.3311206
93.189210 1817.0250000 54.5985000 -1043.2660000 0.0211758 0.9460552 0.0558634 0.3184500
93.292930 1817.9310000 54.7046500 -1044.4840000 0.0214336 0.9502773 0.0545467 0.3058403
93.396540 1818.7440000 54.8100800 -1045.6930000 0.0220452 0.9542593 0.0540104 0.2932339
93.500280 1819.5860000 54.9160100 -1046.9590000 0.0221288 0.9581364 0.0537448 0.2803506
93.604020 1820.3260000 55.0225400 -1048.2070000 0.0222856 0.9618863 0.0539145 0.2671542
93.707670 1821.1000000 55.1309500 -1049.5170000 0.0219780 0.9654671 0.0548898 0.2537271
93.811380 1821.8380000 55.2435800 -1050.8480000 0.0216714 0.9689756 0.0552396 0.2399275
93.915120 1822.4650000 55.3558800 -1052.1520000 0.0218164 0.9723737 0.0547970 0.2258554
94.018900 1823.1240000 55.4713200 -1053.5180000 0.0223624 0.9755614 0.0542572 0.2117454
94.122480 1823.7390000 55.5859600 -1054.8970000 0.0226803 0.9784784 0.0542350 0.1977984
94.226290 1824.2550000 55.7036400 -1056.2600000 0.0224457 0.9811634 0.0551708 0.1837683
94.329830 1824.7950000 55.8235500 -1057.6720000 0.0216803 0.9836784 0.0559202 0.1696460
94.433570 1825.2280000 55.9407000 -1059.0560000 0.0209063 0.9860411 0.0558579 0.1554535
94.537200 1825.6880000 56.0665800 -1060.4910000 0.0204492 0.9881898 0.0551470 0.1414973
94.640800 1826.1050000 56.1903200 -1061.9340000 0.0202487 0.9900612 0.0550158 0.1278360
94.744540 1826.4180000 56.3163100 -1063.3570000 0.0206357 0.9916685 0.0557847 0.1142623
94.848290 1826.7580000 56.4440100 -1064.8250000 0.0203933 0.9931450 0.0558158 0.1006567
94.951890 1827.0540000 56.5732500 -1066.3000000 0.0208624 0.9944127 0.0558847 0.0870920
95.055660 1827.2480000 56.7027600 -1067.7440000 0.0206313 0.9954925 0.0562069 0.0735510
95.159370 1827.4640000 56.8351800 -1069.2300000 0.0202317 0.9964350 0.0558584 0.0598982
95.263120 1827.6400000 56.9688000 -1070.7260000 0.0205838 0.9971881 0.0552765 0.0462253
95.366730 1827.7170000 57.0995100 -1072.1850000 0.0203435 0.9977282 0.0550672 0.0330496
95.470470 1827.8120000 57.2321500 -1073.6870000 0.0206681 0.9980852 0.0547075 0.0201439
95.574090 1827.8120000 57.3658000 -1075.1520000 0.0209227 0.9982500 0.0548134 0.0073959
95.677830 1827.8300000 57.4992900 -1076.6580000 -0.0208747 -0.9982401 -0.0552462 0.0053596
95.781570 1827.8120000 57.6359500 -1078.1650000 -0.0207644 -0.9980976 -0.0551463 0.0181384
95.885200 1827.6960000 57.7698100 -1079.6360000 -0.0206801 -0.9978097 -0.0546380 0.0310282
95.988800 1827.6010000 57.9077100 -1081.1390000 -0.0201789 -0.9973842 -0.0536426 0.0440457
96.092540 1827.4680000 58.0439600 -1082.6430000 -0.0200194 -0.9967987 -0.0519781 0.0573568
96.196160 1827.2340000 58.1719300 -1084.1110000 -0.0195020 -0.9959996 -0.0509844 0.0707467
96.299770 1827.0230000 58.3023000 -1085.6150000 -0.0184609 -0.9949599 -0.0510181 0.0843275
96.403410 1826.7040000 58.4359200 -1087.0720000 -0.0183026 -0.9936839 -0.0513846 0.0980655
96.507130 1826.4100000 58.5660800 -1088.5690000 -0.0178859 -0.9921761 -0.0526287 0.1117899
96.610910 1826.0760000 58.7031500 -1090.0560000 -0.0176313 -0.9905042 -0.0528329 0.1256951
96.714500 1825.6330000 58.8338400 -1091.4890000 -0.0173438 -0.9886950 -0.0514463 0.1397664
96.818220 1825.2140000 58.9696300 -1092.9540000 -0.0171555 -0.9866671 -0.0507132 0.1536940
96.921840 1824.7550000 59.1020100 -1094.4100000 -0.0169197 -0.9844208 -0.0508651 0.1674580
97.025580 1824.1830000 59.2354000 -1095.8110000 -0.0169547 -0.9819294 -0.0510714 0.1814355
97.129320 1823.6430000 59.3685000 -1097.2400000 -0.0165848 -0.9792224 -0.0511189 0.1955382
97.233060 1823.0600000 59.4950700 -1098.6480000 -0.0160929 -0.9762620 -0.0508285 0.2099284
97.336810 1822.3570000 59.6068400 -1099.9950000 -0.0157349 -0.9730798 -0.0500088 0.2244265
97.440420 1821.6840000 59.7205100 -1101.3640000 -0.0151209 -0.9696214 -0.0498395 0.2390017
97.544160 1820.8890000 59.8423400 -1102.6600000 -0.0147681 -0.9659158 -0.0495090 0.2536483
97.647900 1820.1390000 59.9435600 -1103.9940000 -0.0139942 -0.9620142 -0.0494232 0.2681233
97.751640 1819.3520000 60.0520800 -1105.3050000 -0.0139853 -0.9579099 -0.0493229 0.2824540
97.855250 1818.4500000 60.1596100 -1106.5420000 -0.0138591 -0.9535978 -0.0494591 0.2966699
97.958990 1817.5890000 60.2709100 -1107.7990000 -0.0134936 -0.9490771 -0.0494112 0.3108522
98.062740 1816.6940000 60.3834500 -1109.0290000 -0.0134387 -0.9443366 -0.0487537 0.3250705
98.166520 1815.6850000 60.4912800 -1110.1820000 -0.0129328 -0.9393938 -0.0484407 0.3391542
98.270110 1814.7230000 60.6022700 -1111.3510000 -0.0124043 -0.9342455 -0.0475240 0.3532322
98.373830 1813.6460000 60.7121600 -1112.4430000 -0.0124173 -0.9288437 -0.0472572 0.3672356
98.477450 1812.6140000 60.8207800 -1113.5510000 -0.0122982 -0.9232389 -0.0476929 0.3810565
98.581060 1811.5510000 60.9301300 -1114.6260000 -0.0119475 -0.9173706 -0.0471091 0.3950559
98.684800 1810.3780000 61.0358600 -1115.6220000 -0.0113704 -0.9112980 -0.0464019 0.4089664
98.788420 1809.2490000 61.1442400 -1116.6310000 -0.0109473 -0.9051300 -0.0450867 0.4225955
98.892150 1808.0880000 61.2488400 -1117.6060000 -0.0103651 -0.8988503 -0.0439534 0.4359229
98.995770 1806.8250000 61.3489900 -1118.5050000 -0.0100858 -0.8924426 -0.0434645 0.4489491
99.099510 1805.6030000 61.4483900 -1119.4120000 -0.0099339 -0.8859149 -0.0434456 0.4617018
99.203130 1804.2840000 61.5468400 -1120.2460000 -0.0097752 -0.8792277 -0.0439110 0.4742730
99.306750 1803.0080000 61.6458200 -1121.0870000 -0.0093960 -0.8724863 -0.0433194 0.4866238
99.410360 1801.7060000 61.7434600 -1121.8920000 -0.0085029 -0.8657059 -0.0426314 0.4986618
99.513970 1800.3150000 61.8390600 -1122.6230000 -0.0086556 -0.8589268 -0.0423160 0.5102736
99.617730 1798.9600000 61.9342100 -1123.3580000 -0.0086924 -0.8522323 -0.0418794 0.5214122
99.721330 1797.5790000 62.0292000 -1124.0580000 -0.0089411 -0.8455913 -0.0410881 0.5321721
99.825070 1796.1240000 62.1173400 -1124.6920000 -0.0089075 -0.8389482 -0.0398069 0.5426803
99.928690 1794.7010000 62.2073200 -1125.3250000 -0.0083710 -0.8323153 -0.0395015 0.5528298
100.032400 1793.2530000 62.2953400 -1125.9280000 -0.0087060 -0.8255827 -0.0399739 0.5627962
100.136200 1791.7420000 62.3852300 -1126.4710000 -0.0078506 -0.8188694 -0.0407101 0.5724805
100.239800 1790.2580000 62.4743500 -1127.0040000 -0.0075567 -0.8123466 -0.0391311 0.5818116
100.343500 1788.7160000 62.5609000 -1127.4850000 -0.0072222 -0.8060716 -0.0388291 0.5904987
100.447100 1787.1940000 62.6448200 -1127.9550000 -0.0073791 -0.8000785 -0.0385988 0.5986068
100.550800 1785.6540000 62.7281200 -1128.3950000 -0.0078519 -0.7943735 -0.0378910 0.6061958
100.654400 1784.0750000 62.8087100 -1128.7930000 -0.0081874 -0.7891039 -0.0374970 0.6130595
100.758000 1782.5060000 62.8907600 -1129.1800000 -0.0083179 -0.7842381 -0.0362446 0.6193446
100.861600 1780.9220000 62.9707100 -1129.5410000 -0.0084082 -0.7796525 -0.0348320 0.6251864
100.965200 1779.3110000 63.0472800 -1129.8730000 -0.0084694 -0.7753011 -0.0338460 0.6306274
101.068800 1777.7020000 63.1223400 -1130.1930000 -0.0089192 -0.7711412 -0.0333247 0.6357288
101.172400 1776.0820000 63.1950100 -1130.4940000 -0.0087691 -0.7672065 -0.0328114 0.6405004
101.276200 1774.4390000 63.2673800 -1130.7710000 -0.0087967 -0.7633941 -0.0325527 0.6450522
101.379800 1772.7970000 63.3392100 -1131.0380000 -0.0080082 -0.7598150 -0.0326468 0.6492698
101.483400 1771.1350000 63.4117200 -1131.2840000 -0.0079775 -0.7564662 -0.0327088 0.6531657
101.587000 1769.4790000 63.4836100 -1131.5170000 -0.0085486 -0.7536916 -0.0330827 0.6563395
101.690600 1767.7960000 63.5579900 -1131.7400000 -0.0093120 -0.7514995 -0.0332335 0.6588303
101.794300 1766.1130000 63.6322200 -1131.9490000 -0.0095932 -0.7497242 -0.0326403 0.6608754
101.897900 1764.4280000 63.7059600 -1132.1520000 -0.0097257 -0.7479296 -0.0327550 0.6628981
102.001600 1762.7360000 63.7787200 -1132.3480000 -0.0096882 -0.7460871 -0.0330532 0.6649569
102.105200 1761.0460000 63.8510900 -1132.5340000 -0.0093681 -0.7444029 -0.0333827 0.6668299
102.208900 1759.3530000 63.9228000 -1132.7130000 -0.0092199 -0.7429877 -0.0335965 0.6683977
102.312600 1757.6550000 63.9947600 -1132.8850000 -0.0092911 -0.7417815 -0.0340188 0.6697138
102.416200 1755.9590000 64.0668200 -1133.0510000 -0.0092515 -0.7407637 -0.0340299 0.6708394
102.520000 1754.2610000 64.1379500 -1133.2100000 -0.0092272 -0.7399014 -0.0336979 0.6718075
102.623600 1752.5650000 64.2081500 -1133.3660000 -0.0088280 -0.7391902 -0.0333630 0.6726119
102.727300 1750.8630000 64.2788800 -1133.5190000 -0.0091157 -0.7386066 -0.0332452 0.6732547
102.830900 1749.1630000 64.3481100 -1133.6690000 -0.0090449 -0.7380995 -0.0332141 0.6738131
102.934700 1747.4580000 64.4172100 -1133.8180000 -0.0088399 -0.7376538 -0.0331689 0.6743060
103.038300 1745.7550000 64.4864100 -1133.9640000 -0.0089268 -0.7372473 -0.0330793 0.6747536
103.142000 1744.0510000 64.5565900 -1134.1080000 -0.0094773 -0.7368251 -0.0335194 0.6751855
103.245700 1742.3420000 64.6286300 -1134.2510000 -0.0096075 -0.7364913 -0.0336967 0.6755388
103.349400 1740.6350000 64.7017800 -1134.3910000 -0.0098805 -0.7360447 -0.0340756 0.6760026
103.453000 1738.9290000 64.7756400 -1134.5300000 -0.0098548 -0.7356061 -0.0342951 0.6764690
103.556700 1737.2200000 64.8495000 -1134.6670000 -0.0094230 -0.7351801 -0.0341474 0.6769456
103.660300 1735.5160000 64.9219700 -1134.8020000 -0.0090727 -0.7348032 -0.0339172 0.6773710
103.764100 1733.8100000 64.9947000 -1134.9340000 -0.0096242 -0.7343829 -0.0343377 0.6777980
103.867700 1732.1150000 65.0658500 -1135.0640000 -0.0096596 -0.7339184 -0.0349206 0.6782706
103.971300 1730.4260000 65.1366500 -1135.1920000 -0.0095775 -0.7334315 -0.0348527 0.6788017
104.075100 1728.7480000 65.2051100 -1135.3190000 -0.0083445 -0.7330683 -0.0344897 0.6792287
104.178700 1727.0750000 65.2716700 -1135.4410000 -0.0075553 -0.7325565 -0.0338669 0.6798212
104.282300 1725.4040000 65.3348100 -1135.5610000 -0.0070517 -0.7320507 -0.0333806 0.6803953
104.386000 1723.7400000 65.3948100 -1135.6760000 -0.0066235 -0.7314937 -0.0328297 0.6810251
104.489800 1722.0820000 65.4526600 -1135.7880000 -0.0065838 -0.7307109 -0.0325836 0.6818773
104.593400 1720.4320000 65.5124000 -1135.8940000 -0.0071061 -0.7294401 -0.0328583 0.6832181
104.697300 1718.7870000 65.5695000 -1135.9950000 -0.0069338 -0.7277125 -0.0335705 0.6850251
104.800900 1717.1610000 65.6247100 -1136.0860000 -0.0062984 -0.7254848 -0.0335798 0.6873896
104.904600 1715.5350000 65.6794900 -1136.1610000 -0.0058415 -0.7227085 -0.0339972 0.6902916
105.008400 1713.9310000 65.7319900 -1136.2250000 -0.0052033 -0.7195203 -0.0339221 0.6936229
105.112100 1712.3410000 65.7823100 -1136.2710000 -0.0051650 -0.7159016 -0.0336275 0.6973717
105.215900 1710.7460000 65.8327000 -1136.2950000 -0.0050428 -0.7118084 -0.0342354 0.7015207
105.319400 1709.1840000 65.8801300 -1136.3080000 -0.0045989 -0.7069841 -0.0347630 0.7063596
105.423200 1707.6130000 65.9272400 -1136.2850000 -0.0041829 -0.7015322 -0.0349360 0.7117686
105.526900 1706.0780000 65.9712800 -1136.2530000 -0.0035114 -0.6955422 -0.0348219 0.7176323
105.630700 1704.5650000 66.0123000 -1136.1940000 -0.0024255 -0.6890562 -0.0340039 0.7239056
105.734400 1703.0310000 66.0477900 -1136.0850000 -0.0016972 -0.6819508 -0.0331805 0.7306431
105.838100 1701.5480000 66.0811600 -1135.9670000 -0.0010022 -0.6743902 -0.0323340 0.7376662
105.941900 1700.0820000 66.1104100 -1135.8210000 -0.0007173 -0.6663412 -0.0315547 0.7449787
106.045600 1698.5860000 66.1364900 -1135.6130000 -0.0009001 -0.6577553 -0.0314035 0.7525762
106.149400 1697.1550000 66.1621500 -1135.4010000 -0.0008032 -0.6483601 -0.0306975 0.7607142
106.253100 1695.6690000 66.1865300 -1135.1020000 0.0002087 -0.6381473 -0.0299337 0.7693321
106.357000 1694.2410000 66.2104300 -1134.7910000 0.0006665 -0.6273574 -0.0291417 0.7781857
106.460800 1692.8350000 66.2180100 -1134.4720000 0.0010911 -0.6161553 -0.0275906 0.7871405
106.564500 1691.3710000 66.2073000 -1134.0670000 0.0011215 -0.6047157 -0.0251382 0.7960438
106.668200 1689.9910000 66.1959100 -1133.6710000 0.0014215 -0.5929990 -0.0238598 0.8048484
106.771900 1688.6210000 66.1711600 -1133.2320000 0.0009980 -0.5807811 -0.0222470 0.8137551
106.875700 1687.1970000 66.1438500 -1132.6930000 0.0006393 -0.5679766 -0.0214885 0.8227639
106.979300 1685.8700000 66.0964100 -1132.1710000 0.0002315 -0.5544882 -0.0210260 0.8319259
107.083200 1684.4760000 66.0623200 -1131.5410000 0.0001774 -0.5401897 -0.0205486 0.8412924
107.186900 1683.2000000 66.0177600 -1130.9350000 0.0010434 -0.5253228 -0.0201608 0.8506635
107.290500 1681.9610000 65.9845200 -1130.2840000 0.0023602 -0.5101001 -0.0188252 0.8599058
107.394300 1680.6430000 65.9424100 -1129.5200000 0.0036385 -0.4947444 -0.0173420 0.8688578
107.498000 1679.4570000 65.9075800 -1128.7770000 0.0035166 -0.4795097 -0.0165862 0.8773728
107.601600 1678.3060000 65.8710100 -1127.9960000 0.0037364 -0.4639697 -0.0153294 0.8857105
107.705400 1677.0790000 65.8275700 -1127.1020000 0.0043546 -0.4479817 -0.0143870 0.8939164
107.809100 1675.9890000 65.7889600 -1126.2400000 0.0042266 -0.4318897 -0.0141129 0.9018061
107.912800 1674.8260000 65.7458500 -1125.2670000 0.0044337 -0.4155486 -0.0141293 0.9094504
108.016400 1673.8110000 65.7066800 -1124.3290000 0.0053270 -0.3989458 -0.0130065 0.9168668
108.120200 1672.8310000 65.6632000 -1123.3550000 0.0069504 -0.3823611 -0.0119422 0.9239097
108.223900 1671.7870000 65.6131300 -1122.2740000 0.0079529 -0.3658516 -0.0100971 0.9305845
108.327600 1670.8840000 65.5627600 -1121.2270000 0.0086319 -0.3493137 -0.0085716 0.9369269
108.431200 1670.0250000 65.5095400 -1120.1490000 0.0094755 -0.3324691 -0.0069558 0.9430409
108.534900 1669.0990000 65.4474600 -1118.9720000 0.0101295 -0.3156533 -0.0057305 0.9488032
108.638800 1668.3190000 65.3888600 -1117.8310000 0.0108374 -0.2989280 -0.0039195 0.9542061
108.742600 1667.4810000 65.3221700 -1116.5990000 0.0123277 -0.2823803 -0.0024937 0.9592201
108.845900 1666.7830000 65.2539200 -1115.4080000 0.0142898 -0.2662895 -0.0004565 0.9637871
108.949700 1666.1160000 65.1849900 -1114.1830000 0.0150397 -0.2507906 0.0010657 0.9679239
109.053200 1665.4090000 65.1046200 -1112.8810000 0.0139189 -0.2359608 0.0021290 0.9716606
109.156900 1664.8170000 65.0325400 -1111.6090000 0.0139422 -0.2212440 0.0037165 0.9751117
109.260500 1664.2670000 64.9583500 -1110.3200000 0.0145999 -0.2064730 0.0052269 0.9783294
109.364400 1663.6790000 64.8765400 -1108.9600000 0.0159363 -0.1916760 0.0069882 0.9813040
109.467900 1663.2090000 64.7950700 -1107.6370000 0.0180373 -0.1767762 0.0092503 0.9840423
109.571600 1662.7810000 64.7128700 -1106.2970000 0.0182980 -0.1614367 0.0092413 0.9866701
109.675300 1662.3010000 64.6243100 -1104.8780000 0.0165939 -0.1453285 0.0087067 0.9892060
109.779100 1661.9580000 64.5380000 -1103.5070000 0.0154159 -0.1284205 0.0070507 0.9915749
109.882700 1661.5620000 64.4691500 -1102.0620000 0.0191862 -0.1111496 0.0075169 0.9935900
109.986400 1661.3190000 64.3632000 -1100.6850000 0.0258813 -0.0939250 0.0078057 0.9952122
110.090100 1661.1150000 64.2655400 -1099.2840000 0.0280008 -0.0772347 0.0075753 0.9965909
110.193900 1660.8750000 64.1444400 -1097.8020000 0.0256297 -0.0609330 0.0086781 0.9977750
110.297600 1660.7720000 64.0517400 -1096.3700000 0.0223547 -0.0444336 0.0104867 0.9987071
110.401400 1660.7240000 63.9535100 -1094.9390000 0.0215822 -0.0276032 0.0125577 0.9993070
110.505100 1660.6240000 63.8604900 -1093.4440000 0.0231112 -0.0106286 0.0135740 0.9995842
110.608900 1660.6660000 63.7565500 -1092.0140000 0.0258381 0.0062470 0.0141012 0.9995472
110.712500 1660.6650000 63.6534700 -1090.5160000 0.0281935 0.0229741 0.0143429 0.9992355
110.816200 1660.8080000 63.5389900 -1089.0810000 0.0298683 0.0397666 0.0147098 0.9986542
110.920000 1660.9980000 63.4238600 -1087.6490000 0.0304471 0.0566724 0.0139189 0.9978314
111.023600 1661.1400000 63.3054800 -1086.1590000 0.0301768 0.0735837 0.0136529 0.9967389
111.127300 1661.4230000 63.1884400 -1084.7360000 0.0297853 0.0903901 0.0122055 0.9953861
111.231000 1661.7520000 63.0725700 -1083.3120000 0.0307149 0.1068196 0.0119526 0.9937320
111.334700 1662.0490000 62.9569400 -1081.8410000 0.0310990 0.1225003 0.0116412 0.9919128
111.438400 1662.4690000 62.8423900 -1080.4240000 0.0311159 0.1374642 0.0116149 0.9899497
111.542000 1662.8690000 62.7240600 -1078.9680000 0.0308452 0.1517028 0.0123246 0.9878679
111.645800 1663.3740000 62.6148700 -1077.5560000 0.0299655 0.1650518 0.0129563 0.9857444
111.749400 1663.9140000 62.5041900 -1076.1480000 0.0294477 0.1775591 0.0132582 0.9835801
111.853000 1664.4450000 62.3967500 -1074.7190000 0.0298056 0.1893839 0.0140795 0.9813496
111.956600 1665.0550000 62.2866100 -1073.3250000 0.0307764 0.2000977 0.0143307 0.9791876
112.060200 1665.6910000 62.1765900 -1071.9330000 0.0318978 0.2095072 0.0160282 0.9771552
112.163800 1666.3340000 62.0621700 -1070.5340000 0.0325771 0.2180319 0.0171420 0.9752471
112.268400 1667.0400000 61.9526000 -1069.1310000 0.0315309 0.2259303 0.0185903 0.9734555
112.370900 1667.7480000 61.8436200 -1067.7570000 0.0301481 0.2335112 0.0187751 0.9717053
112.474600 1668.4710000 61.7387200 -1066.3650000 0.0303813 0.2411247 0.0193878 0.9698247
112.578200 1669.2330000 61.6328000 -1064.9890000 0.0311402 0.2479370 0.0191795 0.9680856
112.681700 1670.0110000 61.5260400 -1063.6110000 0.0323013 0.2535376 0.0205105 0.9665685
112.785600 1670.8200000 61.4184900 -1062.2270000 0.0316500 0.2576061 0.0215035 0.9654921
112.889800 1671.6400000 61.3103100 -1060.8400000 0.0309912 0.2604839 0.0215154 0.9647408
112.992400 1672.4550000 61.2047700 -1059.4640000 0.0307944 0.2626943 0.0209863 0.9641592
113.096000 1673.2890000 61.0989000 -1058.0820000 0.0306395 0.2644123 0.0204293 0.9637064
113.199600 1674.1350000 60.9942700 -1056.6830000 0.0298447 0.2656055 0.0204480 0.9634028
113.303200 1674.9890000 60.8909200 -1055.2780000 0.0283650 0.2665363 0.0209339 0.9631799
113.407300 1675.8530000 60.7900000 -1053.8600000 0.0278551 0.2674629 0.0209860 0.9629368
113.510500 1676.7160000 60.6911100 -1052.4510000 0.0279517 0.2683901 0.0209902 0.9626759
113.614200 1677.5910000 60.5920800 -1051.0330000 0.0282401 0.2693716 0.0210237 0.9623926
113.717900 1678.4730000 60.4919300 -1049.6040000 0.0287073 0.2702436 0.0210026 0.9621347
113.823800 1679.3810000 60.3845400 -1048.1450000 0.0294336 0.2711569 0.0196888 0.9618836
113.925200 1680.2590000 60.2808900 -1046.7390000 0.0293766 0.2721652 0.0198465 0.9615972
114.028800 1681.1670000 60.1761300 -1045.2910000 0.0280179 0.2731112 0.0209391 0.9613464
