0.000000 -0.0000000 -0.0000000 0.0000000 0.0002236 -0.0000004 0.0000012 1.0000000
0.103391 -0.0110110 -0.0171216 0.9617130 0.0021694 0.0007697 -0.0003554 0.9999973
0.207106 -0.0169953 -0.0330416 1.9248850 0.0026183 0.0010652 0.0006963 0.9999958
0.310262 -0.0310670 -0.0634185 2.8880540 0.0004583 0.0011006 0.0014417 0.9999982
0.413621 -0.0446274 -0.0950362 3.8483120 -0.0027761 0.0007207 0.0021906 0.9999935
0.517929 -0.0533724 -0.1222173 4.8065510 -0.0023312 0.0000349 0.0044033 0.9999876
0.620389 -0.0645855 -0.1448705 5.7389580 -0.0008076 -0.0004922 0.0057754 0.9999829
0.724219 -0.0754279 -0.1535673 6.6763950 0.0007263 -0.0009006 0.0060549 0.9999810
0.827211 -0.0893643 -0.1678814 7.6061570 0.0010510 -0.0013050 0.0057439 0.9999821
0.930557 -0.1013034 -0.1791661 8.5354860 -0.0001054 -0.0017743 0.0054167 0.9999837
1.034070 -0.1141317 -0.1865848 9.4658680 -0.0015718 -0.0021192 0.0053795 0.9999820
1.137438 -0.1275574 -0.1916301 10.3889200 -0.0022299 -0.0026167 0.0054617 0.9999792
1.244258 -0.1421945 -0.1997185 11.3395200 -0.0025611 -0.0029189 0.0062407 0.9999730
1.344229 -0.1548813 -0.2155601 12.2234500 -0.0025087 -0.0033980 0.0063253 0.9999711
1.447568 -0.1693123 -0.2354858 13.1332500 -0.0017221 -0.0037408 0.0064452 0.9999707
1.551083 -0.1849063 -0.2602522 14.0413600 -0.0006192 -0.0045140 0.0066870 0.9999673
1.654521 -0.1992846 -0.2760574 14.9455200 0.0000131 -0.0052611 0.0073448 0.9999592
1.757843 -0.2169483 -0.2851106 15.8462700 0.0002872 -0.0060961 0.0071627 0.9999557
1.861353 -0.2367130 -0.2933610 16.7430900 0.0007404 -0.0068248 0.0065172 0.9999552
1.964724 -0.2548521 -0.2982439 17.6348400 0.0007725 -0.0076868 0.0057936 0.9999534
2.068236 -0.2730779 -0.3044055 18.5268400 0.0002881 -0.0084623 0.0060668 0.9999457
2.171620 -0.2937433 -0.3138402 19.4141900 -0.0004056 -0.0091274 0.0057469 0.9999417
2.275131 -0.3146034 -0.3236882 20.2947800 -0.0005754 -0.0098776 0.0056680 0.9999350
2.378626 -0.3335669 -0.3220398 21.1689000 -0.0005514 -0.0107447 0.0062408 0.9999226
2.482010 -0.3517749 -0.3205089 22.0379300 -0.0002392 -0.0115453 0.0063482 0.9999132
2.585514 -0.3725490 -0.3172185 22.9008900 -0.0004711 -0.0120548 0.0063135 0.9999073
2.689023 -0.3933684 -0.3159266 23.7577300 -0.0014518 -0.0125754 0.0062029 0.9999006
2.793694 -0.4121035 -0.3140241 24.6154300 -0.0028901 -0.0129766 0.0068578 0.9998881
2.896139 -0.4280328 -0.3057383 25.4421800 -0.0035665 -0.0133160 0.0066869 0.9998826
2.999556 -0.4474023 -0.2988492 26.2662100 -0.0029691 -0.0137014 0.0064542 0.9998809
3.103545 -0.4690774 -0.2930490 27.0803700 -0.0015843 -0.0140895 0.0057381 0.9998830
3.206573 -0.4916230 -0.2934051 27.8769700 -0.0007804 -0.0144837 0.0054740 0.9998798
3.310078 -0.5147234 -0.2982767 28.6695700 -0.0005459 -0.0149550 0.0051113 0.9998750
3.413963 -0.5377287 -0.3030386 29.4547100 -0.0003460 -0.0156611 0.0052187 0.9998637
3.517076 -0.5610502 -0.3024561 30.2266500 -0.0000369 -0.0165953 0.0050616 0.9998495
3.620721 -0.5837097 -0.2893166 30.9932500 0.0001512 -0.0175204 0.0050684 0.9998336
3.724674 -0.6098827 -0.2849460 31.7533100 -0.0004205 -0.0185480 0.0052364 0.9998142
3.827725 -0.6373473 -0.2859582 32.4974500 -0.0017477 -0.0195216 0.0052561 0.9997941
3.931241 -0.6694970 -0.2913155 33.2349000 -0.0023748 -0.0204412 0.0048881 0.9997763
4.034871 -0.7070281 -0.2980989 33.9622800 -0.0024906 -0.0214146 0.0041606 0.9997589
4.142151 -0.7475972 -0.3011809 34.7035300 -0.0020349 -0.0223264 0.0028315 0.9997447
4.243437 -0.7861231 -0.3012987 35.3931700 -0.0016068 -0.0232084 0.0020764 0.9997272
4.345966 -0.8225011 -0.2935002 36.0857300 -0.0023148 -0.0239634 0.0018572 0.9997084
4.449183 -0.8579745 -0.2845601 36.7733800 -0.0030937 -0.0244851 0.0012871 0.9996946
4.552519 -0.8979841 -0.2829222 37.4492100 -0.0034268 -0.0244563 -0.0002193 0.9996950
4.656235 -0.9356939 -0.2753503 38.1112400 -0.0023507 -0.0239231 -0.0018185 0.9997094
4.760815 -0.9662440 -0.2643952 38.7635500 -0.0006598 -0.0230338 -0.0026616 0.9997309
4.863788 -0.9940685 -0.2590333 39.4006300 0.0003445 -0.0219573 -0.0028648 0.9997547
4.966824 -1.0229670 -0.2546909 40.0374800 -0.0000997 -0.0204291 -0.0034629 0.9997853
5.073257 -1.0545710 -0.2561416 40.6868300 -0.0016562 -0.0186641 -0.0059588 0.9998067
5.174268 -1.0827790 -0.2559993 41.2921100 -0.0035054 -0.0167689 -0.0081511 0.9998200
5.277498 -1.1073470 -0.2542439 41.8908900 -0.0039059 -0.0146215 -0.0106033 0.9998292
5.381142 -1.1274630 -0.2504927 42.4756900 -0.0039686 -0.0119350 -0.0124652 0.9998432
5.484644 -1.1432250 -0.2472759 43.0442500 -0.0049880 -0.0090523 -0.0143126 0.9998442
5.588095 -1.1565230 -0.2461265 43.5923900 -0.0057506 -0.0057020 -0.0168336 0.9998255
5.691619 -1.1636950 -0.2463307 44.1194700 -0.0054815 -0.0021382 -0.0184975 0.9998116
5.795223 -1.1653110 -0.2460311 44.6270500 -0.0057450 0.0015144 -0.0202682 0.9997769
5.898736 -1.1652810 -0.2401569 45.1104700 -0.0055852 0.0052814 -0.0225097 0.9997171
6.002373 -1.1621190 -0.2348502 45.5744700 -0.0042014 0.0091659 -0.0247090 0.9996438
6.105870 -1.1539110 -0.2368661 46.0139500 -0.0026454 0.0131819 -0.0255742 0.9995825
6.209506 -1.1397040 -0.2380301 46.4356200 -0.0029319 0.0171585 -0.0258213 0.9995150
6.313021 -1.1191100 -0.2395256 46.8326700 -0.0036984 0.0210392 -0.0255910 0.9994442
6.416516 -1.0981580 -0.2391747 47.2045600 -0.0042505 0.0250781 -0.0264947 0.9993253
6.524037 -1.0777420 -0.2387525 47.5673200 -0.0043827 0.0296565 -0.0282469 0.9991513
6.623722 -1.0594870 -0.2404154 47.8784000 -0.0043397 0.0338867 -0.0305909 0.9989480
6.727294 -1.0361330 -0.2443984 48.1766400 -0.0046171 0.0384184 -0.0324177 0.9987251
6.830809 -1.0062630 -0.2532706 48.4508800 -0.0049361 0.0430786 -0.0321814 0.9985410
6.934429 -0.9730963 -0.2607772 48.7165600 -0.0040814 0.0484788 -0.0316473 0.9983144
7.038067 -0.9369557 -0.2675893 48.9755900 -0.0018604 0.0545418 -0.0309238 0.9980308
7.141701 -0.8977462 -0.2734425 49.2323900 0.0000682 0.0612445 -0.0313137 0.9976315
7.245330 -0.8567415 -0.2805680 49.4870800 0.0007472 0.0691218 -0.0322005 0.9970881
7.353300 -0.8084309 -0.2860922 49.7497000 0.0010362 0.0776925 -0.0331817 0.9964245
7.452592 -0.7577117 -0.2915714 49.9861500 0.0013815 0.0858908 -0.0333692 0.9957446
7.556580 -0.6971579 -0.2967619 50.2305800 0.0017160 0.0951114 -0.0329815 0.9949186
7.663357 -0.6296551 -0.3022908 50.4773300 0.0016587 0.1052490 -0.0325396 0.9939120
7.763356 -0.5626253 -0.3067843 50.7072700 0.0019613 0.1152178 -0.0327667 0.9927977
7.866988 -0.4889211 -0.3117062 50.9453000 0.0027197 0.1261108 -0.0337507 0.9914381
7.970621 -0.4074937 -0.3179085 51.1814900 0.0033607 0.1377920 -0.0343467 0.9898598
8.074250 -0.3172192 -0.3255041 51.4202000 0.0033743 0.1504599 -0.0350045 0.9879904
8.177962 -0.2212449 -0.3340796 51.6593000 0.0031471 0.1638860 -0.0365481 0.9857970
8.283921 -0.1147140 -0.3439537 51.9007500 0.0030326 0.1784981 -0.0378424 0.9832076
8.385961 0.0002736 -0.3544958 52.1298200 0.0030991 0.1933967 -0.0382187 0.9803711
8.488779 0.1309526 -0.3642721 52.3559500 0.0038082 0.2093362 -0.0371923 0.9771287
8.593446 0.2760316 -0.3733939 52.5804500 0.0050351 0.2269743 -0.0356598 0.9732347
8.696029 0.4279778 -0.3824345 52.8003100 0.0068413 0.2453419 -0.0351458 0.9687752
8.799662 0.5907911 -0.3919068 53.0190100 0.0088105 0.2644936 -0.0356725 0.9636872
8.903911 0.7701079 -0.4025973 53.2441100 0.0103174 0.2845322 -0.0364418 0.9579180
9.008027 0.9652370 -0.4147601 53.4728000 0.0112089 0.3054961 -0.0378564 0.9513745
9.110580 1.1722930 -0.4302534 53.6947700 0.0112806 0.3268216 -0.0400647 0.9441691
9.214197 1.4017120 -0.4467404 53.9268000 0.0111836 0.3487972 -0.0425592 0.9361646
9.317832 1.6582620 -0.4647131 54.1534300 0.0115913 0.3717456 -0.0431161 0.9272604
9.421456 1.9460800 -0.4776399 54.3689500 0.0114911 0.3956092 -0.0420899 0.9173820
9.525112 2.2697290 -0.4777691 54.5851900 0.0118668 0.4196020 -0.0414006 0.9066859
9.630085 2.6126810 -0.4832195 54.7898800 0.0122026 0.4444595 -0.0413170 0.8947624
9.732384 2.9737630 -0.4792758 54.9838300 0.0134936 0.4693031 -0.0408510 0.8819885
9.836009 3.3592630 -0.4860892 55.1695700 0.0136290 0.4942219 -0.0404328 0.8682881
9.939685 3.7661450 -0.4913921 55.3354100 0.0129575 0.5182919 -0.0399389 0.8541724
10.043900 4.1983610 -0.5166196 55.4839600 0.0115291 0.5418679 -0.0400868 0.8394279
10.146770 4.6414160 -0.5396177 55.6184500 0.0096599 0.5642666 -0.0416683 0.8244839
10.250360 5.1037190 -0.5645924 55.7214300 0.0108727 0.5857292 -0.0418331 0.8093535
10.353670 5.5855360 -0.5957735 55.8022700 0.0131709 0.6056037 -0.0379188 0.7947533
10.457170 6.0885190 -0.6266796 55.8561700 0.0161706 0.6236232 -0.0325067 0.7808815
10.562990 6.6123720 -0.6532414 55.9028000 0.0185687 0.6407768 -0.0297310 0.7669266
10.664530 7.1263770 -0.6821309 55.9379000 0.0207923 0.6552812 -0.0298228 0.7545096
10.767050 7.6586310 -0.7242890 55.9541300 0.0236674 0.6674727 -0.0271912 0.7437612
10.870220 8.2095800 -0.7737852 55.9713500 0.0250954 0.6783289 -0.0246812 0.7339148
10.973420 8.7749440 -0.8137508 55.9775100 0.0264562 0.6874758 -0.0218488 0.7253962
11.077200 9.3516610 -0.8573790 55.9832300 0.0282227 0.6945963 -0.0202420 0.7185609
11.180190 9.9332460 -0.9020616 55.9818200 0.0297771 0.7001648 -0.0199005 0.7130824
11.284150 10.5376700 -0.9473740 55.9798400 0.0296263 0.7049620 -0.0196592 0.7083533
11.385900 11.1375400 -0.9965387 55.9790000 0.0298346 0.7090136 -0.0198723 0.7042831
11.488980 11.7550100 -1.0552540 55.9630400 0.0325896 0.7120535 -0.0194723 0.7010981
11.592550 12.3827600 -1.1171940 55.9295400 0.0347711 0.7143290 -0.0185861 0.6986985
11.695270 13.0202700 -1.1679770 55.9030400 0.0344533 0.7159764 -0.0182302 0.6970355
11.799490 13.6730800 -1.2175240 55.8833000 0.0327233 0.7172978 -0.0182600 0.6957583
11.901710 14.3335700 -1.2695380 55.8585200 0.0292805 0.7182305 -0.0163744 0.6949960
12.004820 15.0132100 -1.3174290 55.8214900 0.0277071 0.7187490 -0.0137758 0.6945807
12.108000 15.6979800 -1.3661170 55.7790100 0.0278792 0.7189386 -0.0120713 0.6944093
12.211190 16.3871800 -1.4170610 55.7407400 0.0298046 0.7188345 -0.0117877 0.6944420
12.314500 17.0825200 -1.4623540 55.7031800 0.0330564 0.7185585 -0.0142537 0.6945342
12.417650 17.7847200 -1.5024370 55.6721000 0.0360332 0.7177416 -0.0168316 0.6951728
12.521050 18.5046800 -1.5457460 55.6430000 0.0370628 0.7169816 -0.0168432 0.6959023
12.624550 19.2415500 -1.5939080 55.6150300 0.0349631 0.7163047 -0.0154259 0.6967405
12.727430 19.9782400 -1.6477240 55.5902700 0.0322129 0.7154948 -0.0128549 0.6977566
12.830730 20.7128100 -1.6967250 55.5690400 0.0311915 0.7145596 -0.0133958 0.6987504
12.934130 21.4385000 -1.7416860 55.5368800 0.0360544 0.7133783 -0.0125358 0.6997388
13.037710 22.1671400 -1.7879320 55.5101100 0.0387162 0.7121378 -0.0136994 0.7008374
13.141650 22.9033200 -1.8390760 55.5053700 0.0365195 0.7113351 -0.0162314 0.7017160
13.244210 23.6321600 -1.8957750 55.5016400 0.0344156 0.7101948 -0.0165736 0.7029681
13.348030 24.3733100 -1.9558010 55.4845400 0.0338087 0.7086028 -0.0132436 0.7046727
13.452770 25.1116400 -2.0084710 55.4636200 0.0365114 0.7074412 -0.0123667 0.7057202
13.554880 25.8350500 -2.0593910 55.4618100 0.0377857 0.7063113 -0.0139514 0.7067545
13.657960 26.5680600 -2.1136970 55.4726200 0.0371034 0.7050461 -0.0156362 0.7080175
13.761270 27.3049200 -2.1676140 55.4896300 0.0363431 0.7036918 -0.0155284 0.7094053
13.864670 28.0441300 -2.2265460 55.4976800 0.0370181 0.7023480 -0.0130044 0.7107516
13.968170 28.7776500 -2.2886730 55.5102700 0.0386331 0.7009466 -0.0112811 0.7120773
14.071640 29.5123200 -2.3438930 55.5223200 0.0400817 0.6996627 -0.0106421 0.7132687
14.175050 30.2463000 -2.3954010 55.5362000 0.0402927 0.6986815 -0.0106794 0.7142175
14.278600 30.9855900 -2.4452220 55.5485900 0.0405437 0.6974268 -0.0096757 0.7154428
14.382120 31.7263000 -2.4961120 55.5618800 0.0405254 0.6961124 -0.0085487 0.7167372
14.485500 32.4649500 -2.5374430 55.5846600 0.0406244 0.6950755 -0.0093244 0.7177275
14.588970 33.2074000 -2.5782280 55.6134800 0.0401783 0.6939542 -0.0107740 0.7188165
14.692450 33.9510100 -2.6206010 55.6397500 0.0409431 0.6929257 -0.0101496 0.7197740
14.795970 34.6984100 -2.6677160 55.6731600 0.0398781 0.6919153 -0.0109155 0.7207939
14.899490 35.4425200 -2.7118930 55.7093000 0.0398547 0.6911725 -0.0115882 0.7214970
15.002870 36.1978500 -2.7613840 55.7485500 0.0383583 0.6900229 -0.0127286 0.7226583
15.106400 36.9509300 -2.8123930 55.7870400 0.0387487 0.6887837 -0.0138467 0.7237982
15.209870 37.7047400 -2.8675540 55.8266000 0.0400110 0.6875809 -0.0156387 0.7248359
15.313360 38.4657500 -2.9229920 55.8685500 0.0404546 0.6863395 -0.0162189 0.7259741
15.416750 39.2300700 -2.9734130 55.9210700 0.0394396 0.6851560 -0.0190989 0.7270770
15.520220 40.0022000 -3.0243150 55.9763100 0.0375845 0.6841861 -0.0200059 0.7280636
15.623920 40.7783000 -3.0809320 56.0249400 0.0386301 0.6828620 -0.0194035 0.7292672
15.727200 41.5555000 -3.1359190 56.0778800 0.0388493 0.6813643 -0.0198904 0.7306421
15.830620 42.3395100 -3.1887740 56.1413000 0.0376399 0.6800327 -0.0217432 0.7318921
15.934250 43.1303100 -3.2443260 56.2033300 0.0371906 0.6785163 -0.0214500 0.7333297
16.039410 43.9379500 -3.2971810 56.2697200 0.0366240 0.6766850 -0.0208797 0.7350647
16.140910 44.7137200 -3.3525390 56.3439100 0.0371905 0.6748117 -0.0235834 0.7366749
16.244300 45.5044000 -3.4025800 56.4229700 0.0401862 0.6724211 -0.0272031 0.7385763
16.348280 46.3075600 -3.4612410 56.5081000 0.0412942 0.6695507 -0.0291866 0.7410431
16.453450 47.1222400 -3.5252770 56.6053300 0.0408519 0.6667692 -0.0312509 0.7434873
16.554450 47.9141100 -3.5924680 56.7066300 0.0387026 0.6641486 -0.0317205 0.7459239
16.658020 48.7268700 -3.6622440 56.8119200 0.0380498 0.6612929 -0.0310747 0.7485174
16.761400 49.5406800 -3.7276420 56.9216200 0.0370335 0.6586123 -0.0300283 0.7509704
16.864710 50.3568200 -3.7928940 57.0409700 0.0339989 0.6558356 -0.0286470 0.7535935
16.968080 51.1678800 -3.8501240 57.1678700 0.0307299 0.6531817 -0.0270275 0.7560945
17.073430 51.9890700 -3.9125500 57.2972600 0.0292446 0.6502893 -0.0259059 0.7586814
17.175580 52.7737900 -3.9680250 57.4249000 0.0306168 0.6475320 -0.0267479 0.7609530
17.279480 53.5615300 -4.0231640 57.5603300 0.0330280 0.6452410 -0.0285457 0.7627309
17.383340 54.3431800 -4.0825230 57.6985100 0.0345322 0.6431595 -0.0302736 0.7643539
17.485440 55.1043900 -4.1437010 57.8375200 0.0347014 0.6412615 -0.0316611 0.7658832
17.588870 55.8705300 -4.2044090 57.9795000 0.0338922 0.6391386 -0.0320315 0.7676765
17.693880 56.6454600 -4.2621200 58.1203300 0.0341029 0.6371382 -0.0296564 0.7694234
17.795780 57.3891100 -4.3183140 58.2625100 0.0322475 0.6354861 -0.0273487 0.7709536
17.899360 58.1366800 -4.3691520 58.4135700 0.0284132 0.6343813 -0.0256818 0.7720709
18.003090 58.8760100 -4.4208020 58.5672700 0.0261487 0.6331536 -0.0258072 0.7731538
18.106340 59.5996100 -4.4676210 58.7161100 0.0257015 0.6318692 -0.0264418 0.7741973
18.209790 60.3124500 -4.5163720 58.8660900 0.0258472 0.6309751 -0.0278217 0.7748731
18.313370 61.0131900 -4.5645290 59.0210800 0.0258138 0.6303472 -0.0305091 0.7752840
18.417190 61.7043600 -4.6147870 59.1723800 0.0270168 0.6294699 -0.0324101 0.7758784
18.520470 62.3819900 -4.6575860 59.3209100 0.0288840 0.6285739 -0.0342292 0.7764592
18.623970 63.0559300 -4.7063790 59.4684300 0.0298197 0.6279163 -0.0346524 0.7769370
18.727490 63.7223100 -4.7587590 59.6168900 0.0288299 0.6274323 -0.0352601 0.7773379
18.830950 64.3816000 -4.8147070 59.7601900 0.0277283 0.6272207 -0.0343686 0.7775887
18.934680 65.0328100 -4.8678290 59.9021800 0.0266151 0.6270866 -0.0334504 0.7777757
19.038030 65.6717500 -4.9133850 60.0352200 0.0265100 0.6272040 -0.0329027 0.7777080
19.141510 66.3009900 -4.9654000 60.1676500 0.0262292 0.6278313 -0.0326732 0.7772209
19.245500 66.9220800 -5.0183190 60.2983600 0.0259672 0.6284911 -0.0333282 0.7766685
19.351800 67.5457300 -5.0767110 60.4322400 0.0268887 0.6293686 -0.0348020 0.7758614
19.452110 68.1201800 -5.1303390 60.5543600 0.0289159 0.6302241 -0.0354000 0.7750666
19.557750 68.7247200 -5.1820580 60.6779200 0.0299770 0.6309439 -0.0348061 0.7744674
19.660070 69.3030700 -5.2318550 60.8030900 0.0292570 0.6318183 -0.0347707 0.7737833
19.763960 69.8828800 -5.2858960 60.9192800 0.0279956 0.6328990 -0.0339959 0.7729808
19.866980 70.4499500 -5.3427580 61.0330000 0.0263117 0.6337799 -0.0325031 0.7723822
19.969850 71.0006600 -5.3930540 61.1403900 0.0270694 0.6345681 -0.0312387 0.7717608
20.073350 71.5453800 -5.4408280 61.2438200 0.0295249 0.6352768 -0.0305204 0.7711162
20.177180 72.0865400 -5.4853650 61.3467300 0.0316780 0.6362336 -0.0298863 0.7702663
20.280310 72.6228700 -5.5322160 61.4507800 0.0323429 0.6368350 -0.0309482 0.7696995
20.383850 73.1581400 -5.5831350 61.5545100 0.0331788 0.6372923 -0.0317761 0.7692516
20.487640 73.7011400 -5.6301700 61.6570100 0.0330748 0.6378041 -0.0306145 0.7688789
20.590890 74.2426700 -5.6764480 61.7495000 0.0348515 0.6375882 -0.0279823 0.7690797
20.694250 74.7875900 -5.7208000 61.8417800 0.0364908 0.6366541 -0.0259846 0.7698472
20.797730 75.3352400 -5.7681730 61.9447500 0.0370578 0.6359097 -0.0248545 0.7704725
20.902080 75.8867400 -5.8170620 62.0582100 0.0357679 0.6345304 -0.0257097 0.7716417
21.004610 76.4344700 -5.8624480 62.1712100 0.0358581 0.6323354 -0.0259846 0.7734280
21.108200 76.9926000 -5.9122870 62.2913500 0.0360908 0.6296496 -0.0252837 0.7756285
21.213570 77.5684300 -5.9611480 62.4239400 0.0358023 0.6263622 -0.0251122 0.7783046
21.316100 78.1286800 -6.0087580 62.5530500 0.0355021 0.6231472 -0.0249616 0.7808995
21.417970 78.6925900 -6.0598710 62.6919500 0.0338548 0.6195395 -0.0258564 0.7838087
21.524290 79.2850200 -6.1078650 62.8458000 0.0334461 0.6154796 -0.0262525 0.7870051
21.624800 79.8508600 -6.1507790 63.0050200 0.0332016 0.6115403 -0.0285567 0.7900004
21.730330 80.4534000 -6.1928150 63.1798500 0.0330791 0.6074953 -0.0305656 0.7930454
21.833000 81.0483700 -6.2390090 63.3568400 0.0323846 0.6029646 -0.0323787 0.7964525
21.936170 81.6546800 -6.2856740 63.5411100 0.0326399 0.5986286 -0.0334382 0.7996626
22.038410 82.2657900 -6.3249630 63.7404900 0.0320928 0.5944653 -0.0343248 0.8027471
22.141920 82.8950900 -6.3711730 63.9480800 0.0320979 0.5900622 -0.0349612 0.8059615
22.245290 83.5347600 -6.4147380 64.1668000 0.0312375 0.5856272 -0.0360939 0.8091738
22.348790 84.1940300 -6.4584570 64.3998100 0.0293136 0.5811849 -0.0342515 0.8125218
22.452170 84.8613900 -6.4986070 64.6373500 0.0276798 0.5766942 -0.0305743 0.8159184
22.555690 85.5387600 -6.5450090 64.8881400 0.0266681 0.5719820 -0.0287257 0.8193292
22.659440 86.2244500 -6.5855840 65.1537700 0.0255823 0.5676144 -0.0276910 0.8224310
22.762490 86.9274600 -6.6050470 65.4284000 0.0267917 0.5637375 -0.0244012 0.8251587
22.865960 87.6316500 -6.6243440 65.7033300 0.0280966 0.5597488 -0.0212975 0.8279120
22.969530 88.3578700 -6.6463360 65.9934100 0.0278982 0.5567629 -0.0156174 0.8300559
23.072970 89.0769200 -6.6840730 66.2889700 0.0290851 0.5535486 -0.0124152 0.8322162
23.176610 89.7924400 -6.7253610 66.5994400 0.0299538 0.5502514 -0.0120797 0.8343741
23.280040 90.5024500 -6.7636940 66.9070900 0.0341420 0.5467450 -0.0130407 0.8365011
23.384670 91.2181000 -6.8133770 67.2286800 0.0383981 0.5433787 -0.0131131 0.8385065
23.487620 91.9218300 -6.8707380 67.5593200 0.0379844 0.5409083 -0.0143068 0.8401016
23.590650 92.6090400 -6.9142720 67.9037100 0.0355104 0.5387757 -0.0172664 0.8415234
23.694540 93.2888700 -6.9751790 68.2474800 0.0343467 0.5368656 -0.0200665 0.8427295
23.798210 93.9613000 -7.0348800 68.5808300 0.0355731 0.5348139 -0.0213312 0.8439512
23.903510 94.6331200 -7.1100190 68.9201300 0.0362951 0.5327810 -0.0234803 0.8451483
24.004580 95.2754600 -7.1830140 69.2482000 0.0362165 0.5311152 -0.0252679 0.8461481
24.108220 95.9274900 -7.2596790 69.5824000 0.0349814 0.5292372 -0.0250826 0.8473814
24.213210 96.5834200 -7.3292680 69.9129900 0.0338997 0.5272693 -0.0236631 0.8486919
24.315110 97.2064700 -7.3985320 70.2361300 0.0326548 0.5257066 -0.0230719 0.8497258
24.422100 97.8456100 -7.4695360 70.5697500 0.0316889 0.5239815 -0.0231729 0.8508244
24.522420 98.4350500 -7.5331590 70.8838900 0.0319747 0.5223473 -0.0242089 0.8517892
24.625310 99.0330900 -7.5921210 71.1979300 0.0326569 0.5210242 -0.0239889 0.8525795
24.728750 99.6279000 -7.6502120 71.5088800 0.0328065 0.5200581 -0.0228387 0.8531950
24.832200 100.2122000 -7.7097390 71.8162100 0.0333336 0.5192545 -0.0219546 0.8536871
24.935580 100.7869000 -7.7666620 72.1254900 0.0326096 0.5183741 -0.0223004 0.8542410
25.039090 101.3530000 -7.8235400 72.4326500 0.0330645 0.5174227 -0.0218358 0.8548121
25.142500 101.9055000 -7.8833400 72.7358200 0.0340391 0.5161204 -0.0225426 0.8555425
25.245970 102.4447000 -7.9430740 73.0323600 0.0349572 0.5146512 -0.0216550 0.8564130
25.349360 102.9830000 -8.0023760 73.3284900 0.0358603 0.5131777 -0.0207465 0.8572819
25.452750 103.5115000 -8.0536900 73.6209000 0.0365182 0.5116470 -0.0194118 0.8581998
25.556300 104.0361000 -8.0966190 73.9098100 0.0369052 0.5099892 -0.0186876 0.8591855
25.659630 104.5505000 -8.1392920 74.1958800 0.0372808 0.5084360 -0.0182785 0.8600982
25.763160 105.0601000 -8.1819550 74.4823400 0.0374017 0.5067725 -0.0178545 0.8610830
25.866530 105.5640000 -8.2237500 74.7662600 0.0380935 0.5050915 -0.0172057 0.8620530
25.970230 106.0641000 -8.2650590 75.0540300 0.0386886 0.5031473 -0.0176791 0.8631532
26.074530 106.5650000 -8.3083720 75.3431100 0.0399171 0.5010026 -0.0171245 0.8643551
26.177790 107.0595000 -8.3631020 75.6342100 0.0406473 0.4985739 -0.0187841 0.8656899
26.280040 107.5403000 -8.4187480 75.9256900 0.0421585 0.4957320 -0.0213898 0.8671879
26.384510 108.0289000 -8.4758760 76.2288300 0.0432350 0.4926378 -0.0249310 0.8688022
26.486950 108.5079000 -8.5302830 76.5323100 0.0441123 0.4893915 -0.0281017 0.8704943
26.590190 108.9938000 -8.5861220 76.8408000 0.0451133 0.4859844 -0.0301712 0.8722807
26.693580 109.4846000 -8.6423390 77.1609200 0.0431143 0.4831350 -0.0314994 0.8739162
26.796950 109.9856000 -8.7064560 77.4899400 0.0393860 0.4802815 -0.0329416 0.8756102
26.900360 110.4964000 -8.7630950 77.8245100 0.0351779 0.4772102 -0.0339360 0.8774288
27.003850 111.0125000 -8.8178490 78.1710900 0.0309784 0.4741215 -0.0350424 0.8792162
27.107250 111.5367000 -8.8674110 78.5196500 0.0288310 0.4708633 -0.0352348 0.8810307
27.210600 112.0557000 -8.9153740 78.8761300 0.0285557 0.4672691 -0.0374783 0.8828588
27.313990 112.5829000 -8.9632210 79.2467800 0.0288404 0.4639054 -0.0395765 0.8845302
27.417420 113.1161000 -9.0116450 79.6276600 0.0293875 0.4604589 -0.0412266 0.8862360
27.520750 113.6686000 -9.0571180 80.0188800 0.0295290 0.4569234 -0.0422515 0.8880112
27.624170 114.2286000 -9.1053680 80.4258900 0.0284779 0.4533885 -0.0433468 0.8898027
27.727690 114.7933000 -9.1580050 80.8487100 0.0264883 0.4497891 -0.0454757 0.8915829
27.831080 115.3671000 -9.2170430 81.2845100 0.0252255 0.4458504 -0.0448518 0.8936271
27.934460 115.9476000 -9.2737020 81.7292600 0.0243736 0.4416564 -0.0442053 0.8957630
28.037820 116.5301000 -9.3178110 82.1889100 0.0241701 0.4373597 -0.0443996 0.8978647
28.141050 117.1091000 -9.3663380 82.6639700 0.0229676 0.4328762 -0.0463370 0.8999686
28.244420 117.7001000 -9.4102240 83.1510900 0.0232789 0.4283075 -0.0464846 0.9021364
28.348030 118.2986000 -9.4576280 83.6523600 0.0229494 0.4242882 -0.0470860 0.9040109
28.451340 118.9071000 -9.5014590 84.1641700 0.0223291 0.4212663 -0.0466253 0.9054624
28.554810 119.5230000 -9.5499030 84.6852100 0.0220646 0.4191354 -0.0459473 0.9064919
28.660870 120.1636000 -9.5906470 85.2238600 0.0229083 0.4170356 -0.0440943 0.9075308
28.761830 120.7812000 -9.6352300 85.7437600 0.0240795 0.4151852 -0.0415764 0.9084673
28.866830 121.4334000 -9.6829370 86.2926600 0.0247448 0.4131596 -0.0375200 0.9095488
28.970690 122.0849000 -9.7286970 86.8516500 0.0248492 0.4112016 -0.0343853 0.9105566
29.073550 122.7300000 -9.7739630 87.4050000 0.0249484 0.4092635 -0.0312357 0.9115401
29.176740 123.3777000 -9.8203540 87.9782100 0.0245029 0.4072653 -0.0308392 0.9124601
29.279330 124.0203000 -9.8680550 88.5548400 0.0251406 0.4053514 -0.0314877 0.9132725
29.384830 124.6768000 -9.9162750 89.1604700 0.0244835 0.4031222 -0.0342935 0.9141756
29.486390 125.3111000 -9.9643970 89.7536200 0.0233029 0.4013044 -0.0366929 0.9149128
29.589380 125.9636000 -10.0137300 90.3599300 0.0207733 0.3995435 -0.0360446 0.9157698
29.692890 126.6190000 -10.0578000 90.9767600 0.0174165 0.3973679 -0.0359502 0.9167895
29.796330 127.2756000 -10.1008700 91.5968600 0.0144072 0.3952964 -0.0343801 0.9177969
29.899820 127.9271000 -10.1427600 92.2181800 0.0135144 0.3925013 -0.0324116 0.9190808
30.003170 128.5815000 -10.1842000 92.8407800 0.0154501 0.3896357 -0.0301103 0.9203470
30.106560 129.2245000 -10.2334200 93.4639000 0.0206098 0.3863513 -0.0263319 0.9217454
30.211630 129.8788000 -10.2869100 94.1063800 0.0257524 0.3828456 -0.0252133 0.9231091
30.313330 130.5065000 -10.3407000 94.7442600 0.0277420 0.3791614 -0.0244613 0.9245911
30.416690 131.1491000 -10.3996300 95.4032300 0.0270351 0.3754171 -0.0226614 0.9261844
30.520070 131.7916000 -10.4560000 96.0704200 0.0260852 0.3715635 -0.0196665 0.9278326
30.623580 132.4272000 -10.5052300 96.7420000 0.0276012 0.3680150 -0.0178701 0.9292383
30.726980 133.0590000 -10.5524800 97.4192600 0.0303312 0.3648750 -0.0175213 0.9303973
30.830330 133.6847000 -10.6043200 98.1043900 0.0316427 0.3623294 -0.0185079 0.9313289
30.933840 134.3191000 -10.6600400 98.7963100 0.0306921 0.3602059 -0.0167774 0.9322168
31.037350 134.9539000 -10.7155100 99.4885600 0.0294769 0.3586010 -0.0145143 0.9329125
31.142770 135.6011000 -10.7713900 100.1963000 0.0289446 0.3576828 -0.0125984 0.9333094
31.244240 136.2215000 -10.8199800 100.8793000 0.0282832 0.3573310 -0.0105011 0.9334904
31.347740 136.8528000 -10.8697800 101.5789000 0.0275599 0.3571500 -0.0102736 0.9335838
31.451260 137.4843000 -10.9183200 102.2803000 0.0268570 0.3572623 -0.0106561 0.9335571
31.555590 138.1207000 -10.9686900 102.9852000 0.0273073 0.3575980 -0.0117260 0.9334026
31.661730 138.7684000 -11.0180700 103.7008000 0.0275149 0.3584904 -0.0138970 0.9330243
31.763200 139.3904000 -11.0652900 104.3827000 0.0273939 0.3597475 -0.0157460 0.9325146
31.865880 140.0213000 -11.1150700 105.0727000 0.0263638 0.3610672 -0.0177619 0.9319978
31.970850 140.6686000 -11.1641000 105.7715000 0.0255696 0.3627083 -0.0185277 0.9313676
32.074110 141.3096000 -11.2153400 106.4570000 0.0248861 0.3643067 -0.0187459 0.9307577
32.176640 141.9472000 -11.2617100 107.1334000 0.0230276 0.3660013 -0.0187120 0.9301412
32.280170 142.5933000 -11.3094000 107.8056000 0.0229118 0.3678861 -0.0167226 0.9294381
32.382560 143.2295000 -11.3596500 108.4648000 0.0249554 0.3698087 -0.0181194 0.9285960
32.486110 143.8589000 -11.4107000 109.1244000 0.0288123 0.3719522 -0.0223534 0.9275353
32.589890 144.4994000 -11.4626000 109.7839000 0.0307432 0.3740871 -0.0243595 0.9265637
32.694680 145.1538000 -11.5214100 110.4492000 0.0274893 0.3765536 -0.0246665 0.9256583
32.796560 145.7899000 -11.5785400 111.0957000 0.0243493 0.3789369 -0.0249494 0.9247656
32.902290 146.4484000 -11.6335700 111.7540000 0.0229572 0.3812644 -0.0252705 0.9238354
33.003430 147.0826000 -11.6826400 112.3782000 0.0228442 0.3833946 -0.0251023 0.9229608
33.106800 147.7333000 -11.7322100 113.0076000 0.0231005 0.3854210 -0.0241532 0.9221354
33.211600 148.3963000 -11.7841600 113.6394000 0.0247099 0.3873458 -0.0228181 0.9213208
33.314720 149.0522000 -11.8350000 114.2503000 0.0266496 0.3895891 -0.0218393 0.9203441
33.417090 149.7073000 -11.8835200 114.8427000 0.0284261 0.3921095 -0.0211632 0.9192357
33.520520 150.3763000 -11.9278300 115.4384000 0.0286694 0.3946366 -0.0214112 0.9181403
33.623980 151.0476000 -11.9757800 116.0372000 0.0282426 0.3972384 -0.0223758 0.9170078
33.727760 151.7272000 -12.0240900 116.6342000 0.0280544 0.4004783 -0.0223162 0.9156048
33.830820 152.4041000 -12.0720400 117.2224000 0.0283050 0.4039122 -0.0237665 0.9140508
33.934650 153.0860000 -12.1250100 117.8158000 0.0293148 0.4076624 -0.0268808 0.9122661
34.037880 153.7739000 -12.1793300 118.3992000 0.0315956 0.4113230 -0.0291748 0.9104746
34.142230 154.4786000 -12.2383100 118.9893000 0.0324560 0.4152022 -0.0296286 0.9086671
34.244700 155.1890000 -12.2990000 119.5662000 0.0286156 0.4191694 -0.0287180 0.9070024
34.348070 155.9127000 -12.3650300 120.1520000 0.0222185 0.4233997 -0.0292763 0.9051972
34.451590 156.6454000 -12.4264600 120.7245000 0.0193568 0.4278075 -0.0276552 0.9032393
34.555090 157.3838000 -12.4764300 121.2983000 0.0179363 0.4319037 -0.0296090 0.9012551
34.659100 158.1338000 -12.5257800 121.8681000 0.0194119 0.4364946 -0.0294415 0.8990155
34.764710 158.9058000 -12.5837400 122.4322000 0.0226983 0.4401989 -0.0282065 0.8971700
34.866170 159.6460000 -12.6393300 122.9716000 0.0271472 0.4440447 -0.0301885 0.8950843
34.969030 160.4008000 -12.7021600 123.5094000 0.0301266 0.4482789 -0.0292786 0.8929060
35.074860 161.1947000 -12.7776200 124.0636000 0.0288665 0.4523937 -0.0273946 0.8909299
35.176790 161.9638000 -12.8519300 124.5828000 0.0275938 0.4563536 -0.0245803 0.8890308
35.279490 162.7291000 -12.9194000 125.0909000 0.0279156 0.4599510 -0.0241135 0.8871777
35.382770 163.4987000 -12.9872600 125.6019000 0.0282434 0.4635610 -0.0236464 0.8852990
35.486280 164.2698000 -13.0552700 126.1138000 0.0285669 0.4671638 -0.0231590 0.8834057
35.589680 165.0417000 -13.1222600 126.6042000 0.0278281 0.4699964 -0.0203130 0.8819956
35.693160 165.8008000 -13.1828900 127.0920000 0.0262548 0.4726870 -0.0192510 0.8806288
35.796540 166.5531000 -13.2395400 127.5770000 0.0249868 0.4750247 -0.0194728 0.8794021
35.900040 167.2915000 -13.2997800 128.0524000 0.0261481 0.4773993 -0.0204882 0.8780583
36.006010 168.0469000 -13.3642900 128.5271000 0.0282960 0.4793632 -0.0213231 0.8769011
36.108200 168.7640000 -13.4243100 128.9792000 0.0308244 0.4808472 -0.0227700 0.8759665
36.210300 169.4764000 -13.4845900 129.4289000 0.0305765 0.4826043 -0.0243290 0.8749665
36.313700 170.1931000 -13.5489900 129.8817000 0.0279810 0.4840828 -0.0228796 0.8742754
36.417070 170.9121000 -13.6118100 130.3215000 0.0251701 0.4853697 -0.0195673 0.8737276
36.520460 171.6213000 -13.6712100 130.7525000 0.0248135 0.4867641 -0.0169466 0.8730165
36.623970 172.3205000 -13.7281300 131.1750000 0.0271195 0.4881266 -0.0149035 0.8722241
36.727360 173.0101000 -13.7841000 131.5931000 0.0293444 0.4892556 -0.0154336 0.8715100
36.830740 173.6861000 -13.8450800 132.0073000 0.0316763 0.4902467 -0.0179571 0.8708228
36.934690 174.3545000 -13.9062700 132.4182000 0.0348768 0.4912801 -0.0211075 0.8700471
37.040370 175.0350000 -13.9637800 132.8270000 0.0376345 0.4923990 -0.0202332 0.8693201
37.141020 175.6897000 -14.0182500 133.2184000 0.0339585 0.4937677 -0.0187848 0.8687275
37.244700 176.3532000 -14.0786500 133.6308000 0.0257003 0.4956143 -0.0187367 0.8679602
37.347880 177.0072000 -14.1340000 134.0303000 0.0200434 0.4973075 -0.0203661 0.8671037
37.451400 177.6520000 -14.1808900 134.4121000 0.0205540 0.4983868 -0.0211503 0.8664530
37.554790 178.2937000 -14.2229300 134.7778000 0.0238988 0.4995192 -0.0211072 0.8657158
37.658150 178.9314000 -14.2646500 135.1404000 0.0250885 0.5007638 -0.0212745 0.8649587
37.761670 179.5573000 -14.3126100 135.5048000 0.0244596 0.5020844 -0.0212035 0.8642126
37.865070 180.1748000 -14.3632200 135.8638000 0.0234394 0.5034746 -0.0211781 0.8634324
37.968550 180.7795000 -14.4125800 136.2166000 0.0233107 0.5047337 -0.0210607 0.8627033
38.072390 181.3913000 -14.4585200 136.5576000 0.0242546 0.5061982 -0.0207007 0.8618275
38.176120 181.9903000 -14.5031200 136.8908000 0.0255029 0.5080924 -0.0209963 0.8606688
38.278810 182.5812000 -14.5474500 137.2138000 0.0263269 0.5101960 -0.0216780 0.8593818
38.382320 183.1665000 -14.5909600 137.5326000 0.0271272 0.5125053 -0.0222612 0.8579667
38.485830 183.7467000 -14.6310300 137.8441000 0.0281016 0.5149870 -0.0231770 0.8564237
38.589330 184.3283000 -14.6715100 138.1496000 0.0301145 0.5177875 -0.0237583 0.8546489
38.692720 184.9104000 -14.7123700 138.4500000 0.0321832 0.5208491 -0.0241189 0.8527009
38.796340 185.5029000 -14.7551000 138.7526000 0.0323305 0.5239639 -0.0254071 0.8507473
38.899920 186.0967000 -14.7976300 139.0562000 0.0309656 0.5271625 -0.0273616 0.8487592
39.003240 186.7023000 -14.8450100 139.3564000 0.0297691 0.5302685 -0.0289134 0.8468135
39.106870 187.3167000 -14.8936600 139.6500000 0.0298870 0.5332618 -0.0293843 0.8449113
39.210380 187.9390000 -14.9425900 139.9420000 0.0307436 0.5364632 -0.0307191 0.8428039
39.313880 188.5640000 -14.9929200 140.2354000 0.0315103 0.5398953 -0.0333234 0.8404818
39.417430 189.1978000 -15.0390800 140.5266000 0.0321226 0.5433582 -0.0351299 0.8381503
39.520900 189.8399000 -15.0879500 140.8155000 0.0323794 0.5466331 -0.0364655 0.8359510
39.624300 190.4965000 -15.1457900 141.0981000 0.0332315 0.5499818 -0.0374922 0.8336726
39.727990 191.1667000 -15.2055100 141.3810000 0.0332330 0.5532793 -0.0385514 0.8314393
39.831290 191.8455000 -15.2638300 141.6544000 0.0349391 0.5565059 -0.0378112 0.8292471
39.934800 192.5394000 -15.3252600 141.9287000 0.0352762 0.5596879 -0.0369554 0.8271272
40.038300 193.2450000 -15.3882200 142.2045000 0.0344169 0.5630767 -0.0359612 0.8249042
40.141680 193.9627000 -15.4519900 142.4808000 0.0326314 0.5663766 -0.0357256 0.8227250
40.245190 194.6963000 -15.5136700 142.7543000 0.0308895 0.5693790 -0.0342803 0.8207791
40.350540 195.4600000 -15.5730500 143.0263000 0.0307066 0.5719691 -0.0321328 0.8190702
40.452080 196.2138000 -15.6268400 143.2937000 0.0285025 0.5744208 -0.0303761 0.8174996
40.556060 196.9859000 -15.6819600 143.5675000 0.0262763 0.5769213 -0.0285644 0.8158771
40.660160 197.7721000 -15.7403300 143.8336000 0.0281917 0.5790034 -0.0270856 0.8143873
40.764080 198.5592000 -15.7984600 144.0967000 0.0323407 0.5810759 -0.0287277 0.8126990
40.865860 199.3386000 -15.8542800 144.3500000 0.0397160 0.5828425 -0.0307919 0.8110297
40.969360 200.1451000 -15.9243700 144.6074000 0.0447644 0.5845011 -0.0308826 0.8095683
41.072760 200.9751000 -16.0053200 144.8679000 0.0452183 0.5863814 -0.0275916 0.8083012
41.176820 201.8244000 -16.0885700 145.1297000 0.0442964 0.5885163 -0.0228708 0.8069469
41.282760 202.6924000 -16.1759800 145.3976000 0.0427933 0.5906399 -0.0205859 0.8055368
41.385110 203.5316000 -16.2612400 145.6544000 0.0441007 0.5925303 -0.0237015 0.8039908
41.486770 204.3673000 -16.3386900 145.9080000 0.0462092 0.5943031 -0.0279209 0.8024269
41.592690 205.2495000 -16.4265500 146.1719000 0.0461220 0.5963657 -0.0304052 0.8008097
41.693290 206.1048000 -16.5160900 146.4228000 0.0424743 0.5987158 -0.0298871 0.7992760
41.796670 206.9819000 -16.6098000 146.6776000 0.0397844 0.6010584 -0.0296538 0.7976632
41.900180 207.8609000 -16.6985800 146.9260000 0.0398681 0.6033026 -0.0305966 0.7959274
42.003560 208.7471000 -16.7843900 147.1708000 0.0411230 0.6052833 -0.0323237 0.7942898
42.106940 209.6440000 -16.8739000 147.4068000 0.0424383 0.6072141 -0.0314397 0.7927809
42.210320 210.5492000 -16.9631900 147.6436000 0.0435294 0.6089043 -0.0300224 0.7914792
42.313830 211.4620000 -17.0544300 147.8807000 0.0433826 0.6105290 -0.0290735 0.7902702
42.417600 212.3811000 -17.1438800 148.1148000 0.0440770 0.6119769 -0.0281548 0.7891444
42.520590 213.3004000 -17.2337600 148.3482000 0.0435977 0.6131183 -0.0277824 0.7882977
42.623970 214.2272000 -17.3223900 148.5829000 0.0425429 0.6142746 -0.0277821 0.7874548
42.727360 215.1568000 -17.4110900 148.8145000 0.0417515 0.6153386 -0.0271921 0.7866866
42.830730 216.0841000 -17.5003200 149.0489000 0.0400041 0.6164047 -0.0287527 0.7858869
42.934150 217.0093000 -17.5891200 149.2778000 0.0404213 0.6170510 -0.0299619 0.7853130
43.037390 217.9343000 -17.6776800 149.5044000 0.0405412 0.6177585 -0.0305031 0.7847295
43.140760 218.8603000 -17.7686200 149.7262000 0.0409348 0.6185629 -0.0306271 0.7840704
43.244710 219.7937000 -17.8588600 149.9499000 0.0397912 0.6191411 -0.0297881 0.7837050
43.347610 220.7197000 -17.9462300 150.1656000 0.0399324 0.6196496 -0.0282834 0.7833517
43.450910 221.6448000 -18.0341300 150.3821000 0.0384498 0.6203663 -0.0266652 0.7829152
43.555160 222.5742000 -18.1203800 150.6004000 0.0396416 0.6209733 -0.0281896 0.7823210
43.660340 223.5075000 -18.2084700 150.8144000 0.0411978 0.6216809 -0.0297269 0.7816213
43.762280 224.4121000 -18.2936300 151.0218000 0.0427603 0.6223510 -0.0312465 0.7809446
43.865300 225.3277000 -18.3863500 151.2317000 0.0423854 0.6234352 -0.0318177 0.7800767
43.971430 226.2731000 -18.4808000 151.4464000 0.0402600 0.6246341 -0.0311286 0.7792576
44.071640 227.1676000 -18.5675200 151.6432000 0.0379218 0.6259521 -0.0290235 0.7783981
44.176790 228.1038000 -18.6550800 151.8450000 0.0366182 0.6274863 -0.0275961 0.7772763
44.278660 229.0056000 -18.7366100 152.0382000 0.0363075 0.6290409 -0.0283214 0.7760072
44.382090 229.9189000 -18.8165200 152.2303000 0.0369408 0.6306809 -0.0288727 0.7746247
44.485720 230.8378000 -18.8937600 152.4181000 0.0369043 0.6321905 -0.0289412 0.7733923
44.589150 231.7587000 -18.9699200 152.6032000 0.0366099 0.6339035 -0.0287838 0.7720088
44.692960 232.6895000 -19.0411200 152.7858000 0.0363672 0.6355019 -0.0282098 0.7707263
44.796760 233.6155000 -19.1149400 152.9646000 0.0357905 0.6370475 -0.0284314 0.7694681
44.899580 234.5305000 -19.1870100 153.1401000 0.0354128 0.6386303 -0.0292582 0.7681414
45.003060 235.4493000 -19.2611800 153.3132000 0.0347175 0.6401576 -0.0303454 0.7668586
45.107140 236.3787000 -19.3336600 153.4780000 0.0335876 0.6417632 -0.0309758 0.7655406
45.209900 237.2897000 -19.4101100 153.6418000 0.0321862 0.6431449 -0.0328264 0.7643632
45.313460 238.1998000 -19.4955500 153.8032000 0.0320758 0.6444681 -0.0359169 0.7631133
45.416890 239.1054000 -19.5793000 153.9590000 0.0331725 0.6456260 -0.0386680 0.7619524
45.520350 240.0191000 -19.6644400 154.1100000 0.0331751 0.6469164 -0.0397902 0.7607991
45.623680 240.9342000 -19.7525700 154.2564000 0.0315149 0.6482463 -0.0394737 0.7597535
45.727180 241.8500000 -19.8399900 154.3982000 0.0301689 0.6496044 -0.0381120 0.7587169
45.830550 242.7628000 -19.9237800 154.5354000 0.0291957 0.6508339 -0.0370168 0.7577550
45.933940 243.6688000 -20.0043400 154.6684000 0.0292692 0.6521275 -0.0362706 0.7566753
46.037440 244.5757000 -20.0838800 154.7979000 0.0295104 0.6534535 -0.0361458 0.7555271
46.140840 245.4743000 -20.1639900 154.9236000 0.0299170 0.6550055 -0.0370583 0.7541216
46.244200 246.3684000 -20.2453200 155.0412000 0.0306599 0.6567705 -0.0380658 0.7525048
46.347740 247.2733000 -20.3235000 155.1446000 0.0325495 0.6588442 -0.0336441 0.7508215
46.451100 248.1739000 -20.4037900 155.2524000 0.0306010 0.6605362 -0.0316691 0.7495016
46.554470 249.0698000 -20.4820400 155.3582000 0.0308348 0.6626005 -0.0320868 0.7476498
46.657980 249.9549000 -20.5574900 155.4527000 0.0367895 0.6639322 -0.0354090 0.7460474
46.761380 250.8345000 -20.6346000 155.5425000 0.0424984 0.6657324 -0.0393824 0.7439377
46.864950 251.7259000 -20.7197200 155.6328000 0.0425878 0.6677820 -0.0412008 0.7419946
46.968250 252.6209000 -20.8061500 155.7215000 0.0384802 0.6698940 -0.0406944 0.7403413
47.071770 253.5136000 -20.8944900 155.8057000 0.0350577 0.6718853 -0.0392154 0.7387850
47.175200 254.4024000 -20.9821700 155.8813000 0.0329721 0.6738931 -0.0385798 0.7370838
47.278520 255.2821000 -21.0651600 155.9558000 0.0313473 0.6761755 -0.0398444 0.7349942
47.382040 256.1621000 -21.1449400 156.0255000 0.0290754 0.6787964 -0.0406751 0.7326224
47.485460 257.0428000 -21.2238100 156.0897000 0.0260905 0.6815280 -0.0405296 0.7302028
47.588920 257.9199000 -21.3023200 156.1451000 0.0238819 0.6842368 -0.0399313 0.7277741
47.692300 258.7907000 -21.3755000 156.1854000 0.0261843 0.6866506 -0.0393030 0.7254520
47.795800 259.6601000 -21.4420500 156.2240000 0.0282917 0.6889176 -0.0400482 0.7231793
47.899190 260.5270000 -21.5111600 156.2580000 0.0298218 0.6913447 -0.0400450 0.7207978
48.002630 261.3989000 -21.5841800 156.2883000 0.0291622 0.6936925 -0.0396494 0.7185877
48.105950 262.2717000 -21.6534700 156.3158000 0.0275926 0.6959895 -0.0389196 0.7164653
48.209330 263.1403000 -21.7263600 156.3324000 0.0282115 0.6981913 -0.0377501 0.7143584
48.312780 264.0060000 -21.7966300 156.3451000 0.0296689 0.7000096 -0.0378442 0.7125126
48.416100 264.8657000 -21.8670700 156.3569000 0.0308051 0.7016083 -0.0393676 0.7108073
48.519480 265.7295000 -21.9411500 156.3616000 0.0322360 0.7028577 -0.0389816 0.7095297
48.622870 266.5945000 -22.0171000 156.3599000 0.0336283 0.7037884 -0.0367643 0.7086603
48.726120 267.4594000 -22.0932800 156.3596000 0.0333697 0.7045107 -0.0352241 0.7080328
48.829380 268.3206000 -22.1674900 156.3531000 0.0334808 0.7052299 -0.0339559 0.7073732
48.932760 269.1826000 -22.2424000 156.3491000 0.0337402 0.7058787 -0.0328899 0.7067638
49.036150 270.0395000 -22.3169400 156.3437000 0.0351767 0.7062114 -0.0327300 0.7063688
49.139410 270.8934000 -22.3923100 156.3409000 0.0363200 0.7064070 -0.0326030 0.7061211
49.242780 271.7439000 -22.4693700 156.3340000 0.0381488 0.7062399 -0.0319156 0.7062232
49.346620 272.5882000 -22.5527500 156.3300000 0.0391502 0.7058731 -0.0315715 0.7065505
49.452210 273.4367000 -22.6372900 156.3283000 0.0397276 0.7053872 -0.0311373 0.7070227
49.553030 274.2406000 -22.7174300 156.3276000 0.0403600 0.7047581 -0.0303228 0.7076493
49.656580 275.0562000 -22.7980100 156.3301000 0.0402953 0.7039308 -0.0295558 0.7085084
49.759580 275.8616000 -22.8778300 156.3361000 0.0398212 0.7030334 -0.0284382 0.7094713
49.863540 276.6656000 -22.9547700 156.3455000 0.0387826 0.7019708 -0.0273260 0.7106238
49.966330 277.4484000 -23.0296100 156.3596000 0.0375105 0.7007959 -0.0265569 0.7118797
50.069330 278.2238000 -23.1016600 156.3778000 0.0361903 0.6995399 -0.0263939 0.7131883
50.172720 278.9862000 -23.1720500 156.4029000 0.0347597 0.6981457 -0.0281212 0.7145583
50.276120 279.7382000 -23.2384300 156.4295000 0.0343133 0.6967490 -0.0294647 0.7158878
50.379340 280.4806000 -23.3016800 156.4550000 0.0344625 0.6952645 -0.0294419 0.7173233
50.483680 281.2202000 -23.3673100 156.4848000 0.0331259 0.6939888 -0.0287784 0.7186474
50.586570 281.9382000 -23.4318900 156.5202000 0.0313577 0.6928726 -0.0282359 0.7198243
50.691000 282.6515000 -23.4959700 156.5600000 0.0294205 0.6915156 -0.0287215 0.7211905
50.793430 283.3383000 -23.5516400 156.5937000 0.0308258 0.6900722 -0.0284372 0.7225244
50.896200 284.0121000 -23.6105000 156.6340000 0.0311699 0.6886595 -0.0289946 0.7238341
50.999580 284.6753000 -23.6696000 156.6761000 0.0317562 0.6874103 -0.0298669 0.7249597
51.103000 285.3276000 -23.7268000 156.7166000 0.0323393 0.6862516 -0.0310203 0.7259825
51.206270 285.9670000 -23.7812800 156.7616000 0.0312633 0.6850862 -0.0323529 0.7270713
51.309660 286.5937000 -23.8344600 156.8069000 0.0307117 0.6838887 -0.0332085 0.7281828
51.413610 287.2092000 -23.8901700 156.8523000 0.0306491 0.6825738 -0.0340548 0.7293791
51.516920 287.8108000 -23.9434400 156.8983000 0.0295512 0.6815015 -0.0337607 0.7304400
51.622300 288.4106000 -23.9958200 156.9431000 0.0302184 0.6801469 -0.0345879 0.7316356
51.723400 288.9746000 -24.0462600 156.9918000 0.0300613 0.6790952 -0.0365488 0.7325232
51.826760 289.5493000 -24.1016900 157.0416000 0.0294113 0.6781484 -0.0370220 0.7334024
51.930130 290.1099000 -24.1511700 157.0886000 0.0287071 0.6769248 -0.0371207 0.7345548
52.033540 290.6604000 -24.1966900 157.1342000 0.0283995 0.6758200 -0.0375539 0.7355613
52.136910 291.1990000 -24.2400400 157.1804000 0.0283654 0.6747373 -0.0375932 0.7365539
52.240390 291.7281000 -24.2819400 157.2288000 0.0286657 0.6735720 -0.0384243 0.7375653
52.343730 292.2488000 -24.3219300 157.2772000 0.0286220 0.6726143 -0.0388762 0.7384169
52.447130 292.7596000 -24.3611600 157.3242000 0.0294604 0.6716850 -0.0388494 0.7392307
52.550540 293.2587000 -24.4049400 157.3722000 0.0297064 0.6708346 -0.0397635 0.7399442
52.654640 293.7527000 -24.4476700 157.4213000 0.0298305 0.6702178 -0.0404530 0.7404606
52.757460 294.2374000 -24.4914800 157.4678000 0.0301552 0.6696412 -0.0411911 0.7409283
52.860930 294.7246000 -24.5374600 157.5174000 0.0304281 0.6692383 -0.0417742 0.7412484
52.964300 295.2096000 -24.5849600 157.5670000 0.0309293 0.6691987 -0.0416806 0.7412687
53.067800 295.7020000 -24.6330700 157.6170000 0.0309195 0.6693914 -0.0420349 0.7410750
53.171240 296.1993000 -24.6782400 157.6689000 0.0300594 0.6697566 -0.0423438 0.7407628
53.274690 296.7013000 -24.7233300 157.7197000 0.0293754 0.6703114 -0.0421694 0.7402982
53.378120 297.2090000 -24.7705500 157.7654000 0.0302809 0.6710313 -0.0418349 0.7396282
53.481550 297.7199000 -24.8216900 157.8091000 0.0325630 0.6717181 -0.0420567 0.7388949
53.585110 298.2403000 -24.8748800 157.8477000 0.0356766 0.6722964 -0.0414411 0.7382597
53.688500 298.7679000 -24.9237400 157.8894000 0.0386233 0.6730745 -0.0423040 0.7373529
53.792070 299.3114000 -24.9695600 157.9364000 0.0395819 0.6738960 -0.0438953 0.7364582
53.895510 299.8664000 -25.0205400 157.9801000 0.0396505 0.6746821 -0.0439108 0.7357335
53.999020 300.4328000 -25.0850000 158.0169000 0.0402053 0.6753916 -0.0413787 0.7351989
54.102390 301.0133000 -25.1504600 158.0468000 0.0411880 0.6759981 -0.0362062 0.7348600
54.205940 301.5988000 -25.2132100 158.0882000 0.0415831 0.6767735 -0.0357506 0.7341460
54.309430 302.1893000 -25.2748300 158.1416000 0.0412476 0.6777749 -0.0385452 0.7330990
54.412740 302.7896000 -25.3386800 158.1930000 0.0408098 0.6784625 -0.0400809 0.7324047
54.516280 303.4095000 -25.4026900 158.2314000 0.0419317 0.6789508 -0.0376302 0.7320188
54.619690 304.0385000 -25.4672200 158.2678000 0.0434087 0.6794088 -0.0356432 0.7316070
54.723200 304.6811000 -25.5320400 158.3096000 0.0433642 0.6800801 -0.0352203 0.7310063
54.826640 305.3328000 -25.5981500 158.3588000 0.0425964 0.6809605 -0.0370634 0.7301401
54.930030 305.9952000 -25.6622100 158.4057000 0.0419908 0.6816652 -0.0383481 0.7294509
55.033520 306.6661000 -25.7246700 158.4467000 0.0435509 0.6821007 -0.0398942 0.7288693
55.136960 307.3491000 -25.7950300 158.4838000 0.0444738 0.6827384 -0.0400759 0.7282062
55.240380 308.0487000 -25.8682100 158.5319000 0.0427486 0.6833993 -0.0410010 0.7276379
55.343740 308.7476000 -25.9412600 158.5802000 0.0409732 0.6840532 -0.0419243 0.7270728
55.447050 309.4569000 -26.0168500 158.6244000 0.0413936 0.6847881 -0.0427748 0.7263072
55.550620 310.1745000 -26.0960600 158.6611000 0.0440798 0.6852584 -0.0430668 0.7256881
55.653990 310.8972000 -26.1748000 158.6982000 0.0469217 0.6856923 -0.0447241 0.7249995
55.757510 311.6329000 -26.2544800 158.7386000 0.0483779 0.6860889 -0.0461603 0.7244382
55.860740 312.3814000 -26.3409100 158.7711000 0.0488813 0.6863897 -0.0437062 0.7242717
55.964160 313.1397000 -26.4317500 158.8018000 0.0483243 0.6868424 -0.0398420 0.7241028
56.067460 313.9052000 -26.5205300 158.8338000 0.0484397 0.6873484 -0.0379350 0.7237172
56.170950 314.6762000 -26.6078900 158.8676000 0.0496732 0.6877635 -0.0375937 0.7232570
56.274290 315.4536000 -26.6938100 158.9033000 0.0506096 0.6879903 -0.0380398 0.7229529
56.377670 316.2406000 -26.7802500 158.9387000 0.0513666 0.6881683 -0.0379332 0.7227357
56.481050 317.0373000 -26.8707200 158.9755000 0.0511701 0.6881487 -0.0374618 0.7227929
56.584420 317.8436000 -26.9631800 159.0134000 0.0507455 0.6878789 -0.0366117 0.7231232
56.687660 318.6531000 -27.0554900 159.0532000 0.0506312 0.6875241 -0.0360819 0.7234951
56.791050 319.4779000 -27.1454800 159.0967000 0.0501120 0.6870870 -0.0355944 0.7239705
56.894350 320.3018000 -27.2353800 159.1401000 0.0495834 0.6866546 -0.0351162 0.7244403
56.997680 321.1391000 -27.3265500 159.1855000 0.0495206 0.6859591 -0.0342224 0.7251460
57.100960 321.9833000 -27.4181000 159.2317000 0.0495611 0.6852427 -0.0332065 0.7258674
57.204360 322.8344000 -27.5085800 159.2816000 0.0496737 0.6845571 -0.0328790 0.7265212
57.307630 323.6909000 -27.5990100 159.3323000 0.0503319 0.6835964 -0.0325691 0.7273939
57.410890 324.5567000 -27.6893600 159.3854000 0.0504948 0.6825484 -0.0316314 0.7284074
57.514200 325.4350000 -27.7820700 159.4432000 0.0507520 0.6815191 -0.0307119 0.7293920
57.617510 326.3133000 -27.8748000 159.5010000 0.0510089 0.6804873 -0.0298030 0.7303745
57.720780 327.1990000 -27.9679100 159.5617000 0.0514459 0.6793702 -0.0297949 0.7313834
57.824090 328.0932000 -28.0628300 159.6224000 0.0521963 0.6782579 -0.0296778 0.7323667
57.927360 328.9883000 -28.1578600 159.6885000 0.0524196 0.6771556 -0.0302390 0.7333472
58.030610 329.8880000 -28.2577500 159.7631000 0.0518600 0.6761138 -0.0315709 0.7342915
58.133900 330.7890000 -28.3586100 159.8373000 0.0517503 0.6751662 -0.0324999 0.7351301
58.237240 331.6970000 -28.4599200 159.9145000 0.0511152 0.6743758 -0.0334596 0.7358566
58.340500 332.6065000 -28.5625000 159.9925000 0.0503775 0.6737954 -0.0330182 0.7364589
58.443830 333.5180000 -28.6663900 160.0736000 0.0495716 0.6731661 -0.0320763 0.7371303
58.547070 334.4313000 -28.7718900 160.1589000 0.0485252 0.6727423 -0.0311416 0.7376268
58.650440 335.3462000 -28.8734800 160.2423000 0.0492751 0.6723347 -0.0307698 0.7379642
58.753660 336.2589000 -28.9721200 160.3277000 0.0501578 0.6720040 -0.0307181 0.7382081
58.857110 337.1754000 -29.0710800 160.4126000 0.0501242 0.6717547 -0.0308465 0.7384319
58.960410 338.0878000 -29.1731200 160.5022000 0.0482557 0.6717531 -0.0310599 0.7385489
59.063680 338.9981000 -29.2751600 160.5872000 0.0464571 0.6717425 -0.0313594 0.7386612
59.167110 339.9061000 -29.3750900 160.6703000 0.0463905 0.6716106 -0.0323876 0.7387409
59.270460 340.8083000 -29.4769300 160.7513000 0.0469143 0.6715582 -0.0330043 0.7387282
59.373860 341.7122000 -29.5778200 160.8345000 0.0468583 0.6714551 -0.0332027 0.7388166
59.477160 342.6161000 -29.6802000 160.9116000 0.0465709 0.6714354 -0.0339492 0.7388187
59.580540 343.5205000 -29.7801800 160.9891000 0.0468971 0.6713840 -0.0339265 0.7388458
59.683780 344.4236000 -29.8775600 161.0668000 0.0466310 0.6712585 -0.0339799 0.7389743
59.787170 345.3276000 -29.9776900 161.1449000 0.0466399 0.6712044 -0.0332293 0.7390570
59.890360 346.2235000 -30.0770900 161.2272000 0.0463249 0.6710742 -0.0336999 0.7391737
59.993680 347.1167000 -30.1775300 161.3076000 0.0475893 0.6709956 -0.0348967 0.7391092
60.097040 348.0099000 -30.2757400 161.3912000 0.0490628 0.6705843 -0.0338784 0.7394334
60.200330 348.9065000 -30.3754800 161.4741000 0.0489003 0.6702159 -0.0319009 0.7398661
60.303580 349.8059000 -30.4741300 161.5564000 0.0489833 0.6695586 -0.0303480 0.7405207
60.406760 350.6977000 -30.5695300 161.6370000 0.0517613 0.6684450 -0.0299666 0.7413529
60.510030 351.5901000 -30.6650100 161.7177000 0.0545399 0.6673186 -0.0295780 0.7421836
60.613290 352.4825000 -30.7603500 161.7983000 0.0573923 0.6661808 -0.0292064 0.7430049
60.716680 353.3785000 -30.8605000 161.8840000 0.0576189 0.6650180 -0.0279969 0.7440748
60.819920 354.2731000 -30.9609700 161.9694000 0.0584840 0.6637734 -0.0277285 0.7451279
60.923310 355.1700000 -31.0556900 162.0527000 0.0590957 0.6625619 -0.0278227 0.7461537
61.026630 356.0658000 -31.1498200 162.1440000 0.0597061 0.6612415 -0.0281512 0.7472632
61.129940 356.9660000 -31.2442400 162.2399000 0.0576703 0.6598533 -0.0266963 0.7487022
61.233200 357.8634000 -31.3426800 162.3464000 0.0554692 0.6583088 -0.0263290 0.7502396
61.336450 358.7644000 -31.4323200 162.4482000 0.0545655 0.6565048 -0.0265284 0.7518778
61.439830 359.6666000 -31.5220300 162.5502000 0.0536618 0.6546857 -0.0267323 0.7535201
61.543140 360.5743000 -31.6098500 162.6543000 0.0527384 0.6526303 -0.0269271 0.7553591
61.646430 361.4763000 -31.6995800 162.7695000 0.0524473 0.6502332 -0.0273220 0.7574296
61.749770 362.3757000 -31.7917600 162.8963000 0.0522907 0.6474715 -0.0282492 0.7597686
61.853030 363.2722000 -31.8845600 163.0348000 0.0520893 0.6441125 -0.0292268 0.7625953
61.956290 364.1687000 -31.9773600 163.1733000 0.0518976 0.6407414 -0.0302070 0.7654049
62.059540 365.0628000 -32.0726400 163.3230000 0.0516747 0.6370549 -0.0308009 0.7684674
62.162940 365.9547000 -32.1686400 163.4848000 0.0512388 0.6334169 -0.0311890 0.7714822
62.266190 366.8412000 -32.2655400 163.6594000 0.0508267 0.6297367 -0.0317207 0.7744948
62.369430 367.7270000 -32.3654800 163.8508000 0.0501152 0.6262542 -0.0321853 0.7773405
62.472790 368.6005000 -32.4669600 164.0490000 0.0496750 0.6229589 -0.0324617 0.7800006
62.576200 369.4767000 -32.5638500 164.2602000 0.0489702 0.6201932 -0.0329289 0.7822263
62.679430 370.3486000 -32.6582400 164.4754000 0.0487381 0.6178254 -0.0333352 0.7840951
62.782780 371.2200000 -32.7525300 164.6956000 0.0486003 0.6157410 -0.0339778 0.7857141
62.886160 372.0932000 -32.8487100 164.9156000 0.0482777 0.6138770 -0.0340356 0.7871886
62.989540 372.9644000 -32.9496500 165.1387000 0.0480315 0.6119955 -0.0343804 0.7886523
63.092920 373.8419000 -33.0490400 165.3620000 0.0479988 0.6101985 -0.0342483 0.7900513
63.196200 374.7198000 -33.1473300 165.5911000 0.0482013 0.6083547 -0.0343457 0.7914553
63.299560 375.5998000 -33.2471100 165.8267000 0.0480729 0.6066266 -0.0343314 0.7927891
63.402810 376.4772000 -33.3484400 166.0669000 0.0474771 0.6047836 -0.0338432 0.7942527
63.506200 377.3568000 -33.4518600 166.3146000 0.0464469 0.6029669 -0.0337467 0.7956977
63.609460 378.2299000 -33.5520400 166.5661000 0.0457223 0.6010883 -0.0327872 0.7971997
63.712840 379.0956000 -33.6514700 166.8284000 0.0449390 0.5992267 -0.0321321 0.7986710
63.816090 379.9484000 -33.7506800 167.0928000 0.0444595 0.5974370 -0.0321114 0.8000383
63.919450 380.8018000 -33.8500600 167.3575000 0.0440107 0.5956362 -0.0321377 0.8014036
64.022620 381.6460000 -33.9494700 167.6218000 0.0447322 0.5936149 -0.0338340 0.8027924
64.125870 382.4797000 -34.0516600 167.8984000 0.0451498 0.5916873 -0.0356195 0.8041137
64.229120 383.3184000 -34.1504200 168.1718000 0.0447519 0.5899411 -0.0360915 0.8053969
64.332410 384.1565000 -34.2485500 168.4494000 0.0421951 0.5886360 -0.0354571 0.8065172
64.435680 384.9855000 -34.3489300 168.7309000 0.0397071 0.5876884 -0.0356712 0.8073248
64.539060 385.8082000 -34.4490900 169.0139000 0.0384717 0.5870074 -0.0375643 0.8077940
64.642350 386.6213000 -34.5440400 169.2932000 0.0397448 0.5865328 -0.0398110 0.8079695
64.745710 387.4349000 -34.6390000 169.5726000 0.0410370 0.5860560 -0.0420706 0.8081364
64.849050 388.2465000 -34.7377800 169.8564000 0.0403946 0.5858401 -0.0427335 0.8082905
64.952280 389.0518000 -34.8365100 170.1379000 0.0374305 0.5858416 -0.0423609 0.8084517
65.055650 389.8585000 -34.9353700 170.4198000 0.0344467 0.5858313 -0.0419868 0.8086113
65.158820 390.6508000 -35.0312100 170.6950000 0.0331723 0.5858578 -0.0418149 0.8086543
65.262120 391.4405000 -35.1214300 170.9678000 0.0332804 0.5860180 -0.0415399 0.8085479
65.365480 392.2273000 -35.2105600 171.2375000 0.0338514 0.5862207 -0.0418034 0.8083637
65.468780 393.0148000 -35.2981900 171.5035000 0.0341687 0.5863725 -0.0421595 0.8082217
65.571960 393.8158000 -35.3780800 171.7624000 0.0349766 0.5866373 -0.0388570 0.8081606
65.675410 394.6157000 -35.4594600 172.0196000 0.0349463 0.5866441 -0.0381398 0.8081911
65.778660 395.4044000 -35.5430200 172.2841000 0.0354590 0.5869060 -0.0389100 0.8079418
65.881970 396.1902000 -35.6229900 172.5390000 0.0385086 0.5868623 -0.0399285 0.8077843
65.985180 396.9791000 -35.7099200 172.7964000 0.0415683 0.5867189 -0.0407785 0.8076943
66.088540 397.7804000 -35.7999400 173.0637000 0.0395772 0.5871766 -0.0407896 0.8074612
66.191750 398.5862000 -35.8910600 173.3316000 0.0383610 0.5873137 -0.0396024 0.8074793
66.295140 399.3940000 -35.9873800 173.6026000 0.0381973 0.5874306 -0.0399441 0.8073851
66.398400 400.2054000 -36.0816200 173.8740000 0.0387499 0.5874240 -0.0404197 0.8073399
66.503710 401.0420000 -36.1729100 174.1460000 0.0409622 0.5872180 -0.0407320 0.8073649
66.605040 401.8570000 -36.2614300 174.4114000 0.0416489 0.5871478 -0.0408639 0.8073742
66.712060 402.7259000 -36.3599200 174.6994000 0.0409561 0.5871553 -0.0403356 0.8074307
66.811530 403.5400000 -36.4565000 174.9704000 0.0400868 0.5870711 -0.0391258 0.8075951
66.914810 404.3866000 -36.5598700 175.2516000 0.0410905 0.5869249 -0.0381836 0.8076960
67.018180 405.2387000 -36.6581800 175.5298000 0.0430481 0.5866164 -0.0368167 0.8078816
67.122370 406.0994000 -36.7612700 175.8119000 0.0446985 0.5862931 -0.0355235 0.8080845
67.224700 406.9522000 -36.8606200 176.0920000 0.0446618 0.5858657 -0.0338844 0.8084668
67.327990 407.8104000 -36.9606000 176.3696000 0.0470498 0.5852117 -0.0317615 0.8088911
67.431360 408.6653000 -37.0571600 176.6545000 0.0480603 0.5846511 -0.0299242 0.8093070
67.534610 409.5217000 -37.1486700 176.9473000 0.0460485 0.5845822 -0.0297601 0.8094798
67.638020 410.3808000 -37.2372700 177.2463000 0.0421546 0.5846174 -0.0287533 0.8097029
67.741230 411.2375000 -37.3234000 177.5323000 0.0417184 0.5842642 -0.0277812 0.8100143
67.844550 412.0933000 -37.4067500 177.8160000 0.0416589 0.5840651 -0.0276421 0.8101657
67.947740 412.9441000 -37.4916900 178.0918000 0.0434232 0.5838542 -0.0285221 0.8101945
68.051170 413.8009000 -37.5727000 178.3624000 0.0446815 0.5834346 -0.0285444 0.8104276
68.154890 414.6582000 -37.6618800 178.6362000 0.0448512 0.5830999 -0.0274397 0.8106972
68.257700 415.5021000 -37.7491200 178.9073000 0.0441885 0.5828782 -0.0258558 0.8109450
68.361010 416.3431000 -37.8326200 179.1783000 0.0435155 0.5828431 -0.0256415 0.8110135
68.464300 417.1677000 -37.9166400 179.4502000 0.0431761 0.5829675 -0.0262981 0.8109212
68.567750 417.9870000 -38.0009700 179.7220000 0.0431138 0.5830891 -0.0265903 0.8108275
68.670920 418.7969000 -38.0822200 179.9864000 0.0426861 0.5833300 -0.0253173 0.8107176
68.774690 419.6091000 -38.1582700 180.2456000 0.0418371 0.5837508 -0.0242504 0.8104916
68.877620 420.4007000 -38.2330700 180.4990000 0.0409415 0.5842103 -0.0238044 0.8102194
68.981020 421.1854000 -38.3059600 180.7477000 0.0412326 0.5847014 -0.0233815 0.8098626
69.084250 421.9594000 -38.3748400 180.9889000 0.0427229 0.5851476 -0.0233065 0.8094652
69.187640 422.7235000 -38.4442700 181.2296000 0.0444137 0.5856633 -0.0249464 0.8089522
69.290960 423.4737000 -38.5222300 181.4720000 0.0459326 0.5861602 -0.0268926 0.8084449
69.394410 424.2251000 -38.6001800 181.7147000 0.0474782 0.5866594 -0.0288868 0.8079246
69.497520 424.9706000 -38.6818000 181.9531000 0.0478343 0.5870311 -0.0290349 0.8076282
69.600870 425.7139000 -38.7653800 182.1916000 0.0456873 0.5877401 -0.0280460 0.8072717
69.704490 426.4553000 -38.8457600 182.4274000 0.0435225 0.5882832 -0.0266340 0.8070435
69.808000 427.1913000 -38.9186000 182.6547000 0.0436529 0.5885927 -0.0256478 0.8068428
69.910950 427.9167000 -38.9893000 182.8782000 0.0445950 0.5888330 -0.0252524 0.8066284
70.014150 428.6390000 -39.0608200 183.1044000 0.0455603 0.5888822 -0.0259136 0.8065175
70.118000 429.3649000 -39.1322400 183.3307000 0.0460905 0.5889262 -0.0262222 0.8064453
70.221570 430.0878000 -39.2017600 183.5566000 0.0468583 0.5889134 -0.0256572 0.8064286
70.324290 430.8055000 -39.2666100 183.7827000 0.0477503 0.5888197 -0.0255765 0.8064472
70.429610 431.5424000 -39.3290900 184.0151000 0.0479904 0.5888731 -0.0254851 0.8063968
70.530930 432.2521000 -39.3855200 184.2421000 0.0487430 0.5887524 -0.0265865 0.8064043
70.634290 432.9778000 -39.4456600 184.4755000 0.0489795 0.5887187 -0.0262117 0.8064268
70.738030 433.7097000 -39.5154100 184.7061000 0.0483514 0.5885601 -0.0258497 0.8065922
70.841960 434.4438000 -39.5860700 184.9369000 0.0480884 0.5881801 -0.0249750 0.8069126
70.946380 435.1772000 -39.6556000 185.1676000 0.0473871 0.5875973 -0.0243223 0.8073985
71.049300 435.8944000 -39.7267800 185.3968000 0.0468332 0.5869435 -0.0235130 0.8079301
71.151220 436.5933000 -39.8018900 185.6247000 0.0462785 0.5862680 -0.0231282 0.8084635
71.255370 437.2950000 -39.8799800 185.8583000 0.0460236 0.5854434 -0.0238864 0.8090533
71.359740 437.9870000 -39.9618400 186.0948000 0.0460206 0.5846239 -0.0247542 0.8096198
71.462150 438.6578000 -40.0369800 186.3220000 0.0462496 0.5837379 -0.0251035 0.8102350
71.564460 439.3183000 -40.1152100 186.5498000 0.0457220 0.5829535 -0.0254282 0.8108194
71.668000 439.9765000 -40.1933500 186.7754000 0.0447352 0.5824417 -0.0254990 0.8112400
71.771950 440.6294000 -40.2668800 186.9990000 0.0436252 0.5819969 -0.0254591 0.8116208
71.874710 441.2583000 -40.3330100 187.2107000 0.0435248 0.5815171 -0.0255330 0.8119677
71.977870 441.8895000 -40.3994000 187.4232000 0.0434263 0.5810355 -0.0256050 0.8123154
72.084410 442.5242000 -40.4691000 187.6386000 0.0435633 0.5805730 -0.0254255 0.8126443
72.184720 443.1116000 -40.5317000 187.8378000 0.0436606 0.5800485 -0.0250835 0.8130242
72.288020 443.7097000 -40.5899300 188.0413000 0.0440127 0.5795187 -0.0244255 0.8134029
72.394080 444.3114000 -40.6510500 188.2466000 0.0440613 0.5790092 -0.0246092 0.8137575
72.495110 444.8710000 -40.7126900 188.4403000 0.0439158 0.5785402 -0.0250296 0.8140861
72.601510 445.4493000 -40.7768100 188.6415000 0.0437366 0.5780755 -0.0253227 0.8144167
72.701420 445.9827000 -40.8361500 188.8272000 0.0437255 0.5776420 -0.0254058 0.8147223
72.804810 446.5258000 -40.8936100 189.0156000 0.0437158 0.5772404 -0.0254766 0.8150051
72.908190 447.0563000 -40.9472200 189.2012000 0.0430267 0.5769446 -0.0257041 0.8152441
73.011570 447.5777000 -41.0028500 189.3847000 0.0421266 0.5766996 -0.0257982 0.8154614
73.114920 448.0907000 -41.0568000 189.5643000 0.0415061 0.5763934 -0.0257062 0.8157126
73.218200 448.5905000 -41.1109700 189.7399000 0.0417605 0.5760942 -0.0252679 0.8159247
73.322240 449.0822000 -41.1650700 189.9127000 0.0424732 0.5757907 -0.0254478 0.8160965
73.425090 449.5511000 -41.2224100 190.0814000 0.0432600 0.5755365 -0.0267918 0.8161915
73.528470 450.0150000 -41.2784000 190.2493000 0.0439305 0.5752334 -0.0281379 0.8163240
73.632800 450.4737000 -41.3339900 190.4150000 0.0447007 0.5747865 -0.0287917 0.8165741
73.735300 450.9162000 -41.3848200 190.5699000 0.0457208 0.5744437 -0.0284285 0.8167716
73.838630 451.3527000 -41.4311600 190.7215000 0.0461301 0.5742071 -0.0280349 0.8169285
73.942010 451.7763000 -41.4777800 190.8714000 0.0453791 0.5745228 -0.0276472 0.8167619
74.045380 452.1892000 -41.5232000 191.0192000 0.0441465 0.5750384 -0.0277977 0.8164614
74.150730 452.5961000 -41.5702700 191.1612000 0.0436714 0.5756136 -0.0276347 0.8160871
74.252330 452.9753000 -41.6161200 191.2926000 0.0434324 0.5761697 -0.0274254 0.8157143
74.355660 453.3477000 -41.6627400 191.4237000 0.0434027 0.5766773 -0.0271628 0.8153660
74.459100 453.7102000 -41.7038900 191.5502000 0.0430859 0.5770853 -0.0271769 0.8150936
74.562490 454.0561000 -41.7470700 191.6725000 0.0428978 0.5775172 -0.0267760 0.8148109
74.665890 454.4021000 -41.7902300 191.7949000 0.0427091 0.5779488 -0.0263752 0.8145278
74.769280 454.7312000 -41.8346000 191.9114000 0.0426116 0.5783967 -0.0259544 0.8142284
74.872800 455.0471000 -41.8789600 192.0290000 0.0421917 0.5788756 -0.0261050 0.8139051
74.976100 455.3537000 -41.9151000 192.1421000 0.0415525 0.5793100 -0.0266626 0.8136107
75.079510 455.6532000 -41.9495200 192.2468000 0.0411198 0.5797302 -0.0270553 0.8133204
75.182880 455.9458000 -41.9761700 192.3442000 0.0413018 0.5802386 -0.0269095 0.8129534
75.286270 456.2262000 -42.0070400 192.4409000 0.0419945 0.5806434 -0.0267693 0.8126335
75.389540 456.5053000 -42.0335500 192.5337000 0.0428049 0.5808762 -0.0269194 0.8124198
75.492900 456.7802000 -42.0600700 192.6304000 0.0430437 0.5810132 -0.0270084 0.8123063
75.596260 457.0499000 -42.0898400 192.7285000 0.0425917 0.5809265 -0.0270729 0.8123899
75.699680 457.3193000 -42.1196000 192.8262000 0.0421391 0.5807976 -0.0271612 0.8125028
75.802980 457.5849000 -42.1487400 192.9215000 0.0416864 0.5803718 -0.0274124 0.8128219
75.906260 457.8478000 -42.1783300 193.0158000 0.0411699 0.5798366 -0.0278214 0.8132161
76.009520 458.1099000 -42.2010700 193.1115000 0.0407577 0.5790365 -0.0283344 0.8137891
76.112930 458.3727000 -42.2229800 193.2069000 0.0407391 0.5778134 -0.0284558 0.8146547
76.216170 458.6339000 -42.2458700 193.3069000 0.0409623 0.5759478 -0.0283554 0.8159670
76.319510 458.8966000 -42.2731500 193.4109000 0.0410944 0.5734456 -0.0281756 0.8177270
76.422600 459.1567000 -42.3020700 193.5220000 0.0411718 0.5701628 -0.0286542 0.8199989
76.526720 459.4284000 -42.3298200 193.6404000 0.0410002 0.5659503 -0.0294341 0.8228930
76.628920 459.6977000 -42.3579600 193.7601000 0.0411719 0.5613240 -0.0300004 0.8260267
76.732320 459.9699000 -42.3882200 193.8837000 0.0415442 0.5560572 -0.0299394 0.8295650
76.835380 460.2494000 -42.4164100 194.0183000 0.0412000 0.5496003 -0.0304683 0.8338548
76.938900 460.5317000 -42.4451900 194.1659000 0.0409487 0.5422701 -0.0317643 0.8386044
77.041770 460.8164000 -42.4699700 194.3198000 0.0405289 0.5341407 -0.0332544 0.8437685
77.144940 461.0905000 -42.4946400 194.4719000 0.0412451 0.5253356 -0.0339398 0.8492170
77.248120 461.3703000 -42.5215600 194.6318000 0.0421049 0.5162656 -0.0349967 0.8546767
77.351390 461.6462000 -42.5521400 194.7973000 0.0426315 0.5068241 -0.0354973 0.8602626
77.454530 461.9028000 -42.5802900 194.9670000 0.0417769 0.4971790 -0.0378243 0.8658159
77.557920 462.1586000 -42.6007000 195.1399000 0.0421295 0.4899253 -0.0402718 0.8698140
77.661290 462.4096000 -42.6202000 195.3093000 0.0412584 0.4874467 -0.0437806 0.8710779
77.764930 462.6558000 -42.6418000 195.4678000 0.0408537 0.4878087 -0.0450010 0.8708321
77.868560 462.8996000 -42.6619300 195.6128000 0.0406992 0.4900806 -0.0456990 0.8695264
77.972190 463.1354000 -42.6833500 195.7438000 0.0407963 0.4948101 -0.0457765 0.8668351
78.075790 463.3755000 -42.6945200 195.8647000 0.0416435 0.5014097 -0.0448307 0.8630437
78.179430 463.5862000 -42.7001100 195.9620000 0.0427844 0.5085031 -0.0434369 0.8588989
78.283030 463.8526000 -42.7194600 196.0754000 0.0439710 0.5173843 -0.0417322 0.8536032
78.386780 464.1011000 -42.7370600 196.1766000 0.0444316 0.5269377 -0.0409477 0.8477533
78.490350 464.3543000 -42.7504700 196.2736000 0.0445649 0.5366487 -0.0407674 0.8416413
78.593920 464.6036000 -42.7634500 196.3641000 0.0442876 0.5462533 -0.0407591 0.8354548
78.697630 464.8704000 -42.7844600 196.4577000 0.0441653 0.5553597 -0.0401501 0.8294655
78.800950 465.1394000 -42.8119000 196.5508000 0.0451720 0.5635940 -0.0386011 0.8239121
78.904330 465.4025000 -42.8386200 196.6346000 0.0465092 0.5708518 -0.0366535 0.8189149
79.007710 465.6751000 -42.8731700 196.7174000 0.0472528 0.5774639 -0.0354772 0.8142751
79.114220 465.9486000 -42.9039100 196.7998000 0.0468648 0.5834047 -0.0356453 0.8100445
79.214940 466.2106000 -42.9343200 196.8705000 0.0462957 0.5876249 -0.0347885 0.8070585
79.322290 466.4742000 -42.9710700 196.9409000 0.0454315 0.5916376 -0.0333661 0.8042311
79.422000 466.7140000 -43.0032900 197.0063000 0.0453891 0.5943081 -0.0326371 0.8022920
79.524510 466.9526000 -43.0331900 197.0727000 0.0458927 0.5951535 -0.0322967 0.8016503
79.631890 467.1914000 -43.0547100 197.1423000 0.0461994 0.5939686 -0.0323751 0.8025078
79.733660 467.4097000 -43.0761800 197.2090000 0.0464997 0.5912065 -0.0316188 0.8045576
79.833670 467.6176000 -43.0985600 197.2758000 0.0468021 0.5870726 -0.0305371 0.8076031
79.940110 467.8226000 -43.1238500 197.3493000 0.0460435 0.5818373 -0.0307696 0.8114176
80.044830 468.0046000 -43.1513200 197.4270000 0.0447897 0.5759732 -0.0331332 0.8155679
80.144160 468.1669000 -43.1832900 197.4971000 0.0439340 0.5701541 -0.0352817 0.8196031
80.245950 468.3295000 -43.2034500 197.5723000 0.0426849 0.5639935 -0.0362548 0.8238780
80.350710 468.4910000 -43.2237100 197.6433000 0.0413241 0.5574978 -0.0360974 0.8283631
80.453690 468.6283000 -43.2413900 197.6916000 0.0435670 0.5507391 -0.0339057 0.8328498
80.555530 468.7634000 -43.2591000 197.7388000 0.0457256 0.5440233 -0.0316745 0.8372243
80.658440 468.8842000 -43.2732900 197.7883000 0.0494576 0.5365692 -0.0311447 0.8418298
80.763430 468.9924000 -43.2847400 197.8525000 0.0497941 0.5293369 -0.0326169 0.8463209
80.864960 469.0948000 -43.2918500 197.9181000 0.0469690 0.5229098 -0.0355880 0.8503486
80.971640 469.2040000 -43.2957900 197.9843000 0.0444461 0.5162147 -0.0373815 0.8544879
81.071670 469.2991000 -43.2983300 198.0352000 0.0432978 0.5101663 -0.0378285 0.8581519
81.174860 469.3867000 -43.3068400 198.0824000 0.0429964 0.5043496 -0.0375237 0.8616117
81.278100 469.4730000 -43.3131500 198.1348000 0.0427374 0.4984208 -0.0374878 0.8650693
81.381470 469.5559000 -43.3163200 198.1810000 0.0426326 0.4928286 -0.0375202 0.8682711
81.484880 469.6341000 -43.3135100 198.2243000 0.0424051 0.4875440 -0.0370044 0.8712826
81.588120 469.7087000 -43.3222900 198.2622000 0.0419025 0.4827878 -0.0361778 0.8739859
81.691630 469.7717000 -43.3356000 198.3029000 0.0411388 0.4789626 -0.0369758 0.8760908
81.795010 469.8181000 -43.3441800 198.3492000 0.0399412 0.4750265 -0.0401041 0.8781493
81.900220 469.8578000 -43.3493500 198.4001000 0.0387063 0.4701391 -0.0447873 0.8806050
82.001790 469.8944000 -43.3519600 198.4424000 0.0380394 0.4668988 -0.0478659 0.8821946
82.106980 469.9367000 -43.3574500 198.4781000 0.0377053 0.4643380 -0.0475286 0.8835777
82.208520 469.9846000 -43.3601300 198.5051000 0.0376561 0.4610319 -0.0447059 0.8854564
82.312040 470.0301000 -43.3656400 198.5343000 0.0376360 0.4584631 -0.0419903 0.8869227
82.415420 470.0664000 -43.3747900 198.5661000 0.0370737 0.4564550 -0.0413666 0.8880108
82.518840 470.0932000 -43.3869000 198.6001000 0.0358648 0.4536016 -0.0429915 0.8894442
82.624270 470.1173000 -43.3898000 198.6341000 0.0347822 0.4510985 -0.0453386 0.8906429
82.726180 470.1424000 -43.3918700 198.6644000 0.0342239 0.4493800 -0.0471665 0.8914380
