0.000000 0.0000000 0.0000000 0.0000000 0.0000000 0.0000000 0.0000000 1.0000000
0.103875 -0.0045967 -0.0020015 0.0915427 -0.0001565 -0.0031918 -0.0002509 0.9999949
0.207894 -0.0100112 -0.0043597 0.1857373 -0.0001028 -0.0067032 -0.0005301 0.9999774
0.311750 -0.0175337 -0.0068597 0.2834672 0.0002090 -0.0104653 -0.0006956 0.9999450
0.415622 -0.0286319 -0.0067267 0.3873100 0.0009102 -0.0150422 -0.0010265 0.9998859
0.519499 -0.0427370 -0.0073030 0.5011396 0.0017923 -0.0207011 -0.0011527 0.9997834
0.623377 -0.0600001 -0.0080655 0.6279359 0.0022645 -0.0274610 -0.0011354 0.9996197
0.727122 -0.0827569 -0.0089950 0.7669396 0.0022668 -0.0355093 -0.0011928 0.9993661
0.830874 -0.1090497 -0.0103398 0.9191805 0.0022661 -0.0448300 -0.0005978 0.9989919
0.934622 -0.1415335 -0.0119509 1.0819130 0.0022660 -0.0548472 0.0000540 0.9984922
1.038404 -0.1816057 -0.0160452 1.2513780 0.0023715 -0.0659623 0.0000693 0.9978193
1.142127 -0.2325643 -0.0226536 1.4256430 0.0031140 -0.0781161 -0.0017124 0.9969379
1.245873 -0.2934590 -0.0311643 1.6041400 0.0042001 -0.0909420 -0.0040397 0.9958391
1.349627 -0.3616512 -0.0393336 1.7886400 0.0047629 -0.1045286 -0.0059315 0.9944928
1.453253 -0.4366243 -0.0431351 1.9792310 0.0050632 -0.1195171 -0.0064435 0.9927983
1.556997 -0.5224919 -0.0457364 2.1730200 0.0049722 -0.1352865 -0.0074645 0.9907659
1.660772 -0.6200940 -0.0490223 2.3687410 0.0046825 -0.1517230 -0.0086976 0.9883737
1.764374 -0.7248452 -0.0514074 2.5656890 0.0044268 -0.1692512 -0.0097612 0.9855147
1.868002 -0.8394934 -0.0539779 2.7582850 0.0046666 -0.1867826 -0.0112538 0.9823257
1.971750 -0.9687591 -0.0510100 2.9504160 0.0048551 -0.2044797 -0.0130184 0.9787722
2.075498 -1.1036330 -0.0467624 3.1420850 0.0048514 -0.2232321 -0.0135915 0.9746585
2.179126 -1.2427640 -0.0429268 3.3331050 0.0050715 -0.2430447 -0.0118423 0.9699295
2.282875 -1.3924750 -0.0423897 3.5230280 0.0048574 -0.2639882 -0.0093701 0.9644682
2.386504 -1.5644460 -0.0449198 3.7062670 0.0037113 -0.2864076 -0.0099021 0.9580495
2.490144 -1.7615680 -0.0489941 3.8807030 0.0026265 -0.3103969 -0.0133252 0.9505100
2.593620 -1.9693610 -0.0514114 4.0494980 0.0025168 -0.3352363 -0.0151486 0.9420089
2.697329 -2.1878350 -0.0535875 4.2158840 0.0025948 -0.3608587 -0.0155010 0.9324881
2.800890 -2.4155270 -0.0531892 4.3823910 0.0013271 -0.3871658 -0.0130354 0.9219170
2.904641 -2.6631460 -0.0528704 4.5407740 0.0003028 -0.4136960 -0.0108963 0.9103498
3.008248 -2.9291150 -0.0528379 4.6876800 -0.0010240 -0.4396743 -0.0102489 0.8980982
3.112001 -3.2155120 -0.0513893 4.8244340 -0.0025679 -0.4660033 -0.0101146 0.8847214
3.215751 -3.5178390 -0.0487755 4.9481780 -0.0035925 -0.4924868 -0.0099746 0.8702553
3.319374 -3.8369550 -0.0450566 5.0572710 -0.0046084 -0.5184349 -0.0104639 0.8550406
3.423126 -4.1771300 -0.0387884 5.1534680 -0.0058826 -0.5438941 -0.0109818 0.8390614
3.526893 -4.5343350 -0.0332507 5.2337940 -0.0066389 -0.5687278 -0.0117338 0.8224153
3.630648 -4.9110750 -0.0294544 5.3024510 -0.0087215 -0.5924317 -0.0122020 0.8054811
3.734395 -5.2993290 -0.0269775 5.3609430 -0.0109913 -0.6147255 -0.0118901 0.7885749
3.838251 -5.7013570 -0.0230308 5.4016940 -0.0119659 -0.6351905 -0.0112710 0.7721805
3.942122 -6.1220910 -0.0160427 5.4212900 -0.0113329 -0.6536781 -0.0124296 0.7565857
4.046284 -6.5589940 -0.0057570 5.4276740 -0.0103666 -0.6699160 -0.0134959 0.7422419
4.150266 -7.0090910 0.0061916 5.4240170 -0.0091849 -0.6840482 -0.0136786 0.7292507
4.254380 -7.4734260 0.0162511 5.4106970 -0.0083938 -0.6966456 -0.0126989 0.7172539
4.358512 -7.9504110 0.0230642 5.3892820 -0.0076067 -0.7079722 -0.0116763 0.7061028
4.462646 -8.4446120 0.0306642 5.3536440 -0.0066842 -0.7174217 -0.0114263 0.6965134
4.566885 -8.9530070 0.0405748 5.3107290 -0.0056257 -0.7248039 -0.0108696 0.6888465
4.671250 -9.4803770 0.0524899 5.2638690 -0.0052245 -0.7304517 -0.0103295 0.6828662
4.775500 -10.0230200 0.0614173 5.2112270 -0.0057247 -0.7349838 -0.0101471 0.6779845
4.879959 -10.5792100 0.0659620 5.1530750 -0.0059084 -0.7383093 -0.0112047 0.6743433
4.984250 -11.1527400 0.0693640 5.0883600 -0.0056857 -0.7405871 -0.0126383 0.6718175
5.088502 -11.7394100 0.0785547 5.0258800 -0.0059534 -0.7421163 -0.0130007 0.6701186
5.192878 -12.3441200 0.0912305 4.9648410 -0.0068560 -0.7426991 -0.0121750 0.6694795
5.297154 -12.9642700 0.1026715 4.9018120 -0.0082672 -0.7424740 -0.0120914 0.6697147
5.401501 -13.6001500 0.1095163 4.8356810 -0.0089876 -0.7419568 -0.0133778 0.6702539
5.505749 -14.2516400 0.1178242 4.7672250 -0.0082995 -0.7413127 -0.0144182 0.6709535
5.610008 -14.9134100 0.1296149 4.6973630 -0.0067597 -0.7407674 -0.0139921 0.6715818
5.714253 -15.5937200 0.1450798 4.6299990 -0.0065564 -0.7403509 -0.0140442 0.6720419
5.818377 -16.2909800 0.1622254 4.5633020 -0.0075000 -0.7398150 -0.0147102 0.6726077
5.922523 -17.0047800 0.1770188 4.4946300 -0.0083604 -0.7391596 -0.0163128 0.6732809
6.026772 -17.7332200 0.1905594 4.4265320 -0.0090643 -0.7385099 -0.0178866 0.6739444
6.130876 -18.4718300 0.2092753 4.3592490 -0.0082731 -0.7378992 -0.0178830 0.6746232
6.235023 -19.2242700 0.2305555 4.2909840 -0.0065288 -0.7372745 -0.0176271 0.6753318
6.339025 -19.9883300 0.2503189 4.2231220 -0.0057650 -0.7367388 -0.0177773 0.6759191
6.443143 -20.7731000 0.2703516 4.1619290 -0.0074617 -0.7361690 -0.0176542 0.6765264
6.547271 -21.5644800 0.2880249 4.1002170 -0.0090174 -0.7357645 -0.0175711 0.6769495
6.651280 -22.3641900 0.3062236 4.0359610 -0.0100756 -0.7352891 -0.0181357 0.6774360
6.755380 -23.1641500 0.3216152 3.9710190 -0.0086509 -0.7350841 -0.0166335 0.6777166
6.859377 -23.9695000 0.3342058 3.9089700 -0.0065763 -0.7349781 -0.0134051 0.6779264
6.963378 -24.7894700 0.3492536 3.8490520 -0.0061704 -0.7350062 -0.0104005 0.6779525
7.067377 -25.6188600 0.3615096 3.7860790 -0.0065288 -0.7351832 -0.0096530 0.6777683
7.171256 -26.4613600 0.3717697 3.7163430 -0.0090970 -0.7350645 -0.0131779 0.6778081
7.275272 -27.3075500 0.3854991 3.6447520 -0.0110248 -0.7351211 -0.0161228 0.6776544
7.379272 -28.1528700 0.4028815 3.5695410 -0.0123397 -0.7351660 -0.0189955 0.6775086
7.483251 -28.9976200 0.4194172 3.4928980 -0.0119929 -0.7352731 -0.0199472 0.6773712
7.587271 -29.8372100 0.4370064 3.4184600 -0.0107573 -0.7354398 -0.0188362 0.6772428
7.691129 -30.6742400 0.4566603 3.3460460 -0.0097017 -0.7356240 -0.0175618 0.6770929
7.795131 -31.5158600 0.4763855 3.2719900 -0.0095731 -0.7355952 -0.0185621 0.6770993
7.899003 -32.3544200 0.4917256 3.1988210 -0.0101305 -0.7354932 -0.0199692 0.6771620
8.003004 -33.1951700 0.5076454 3.1236260 -0.0094474 -0.7355021 -0.0198810 0.6771648
8.107005 -34.0262600 0.5241899 3.0512610 -0.0074443 -0.7354068 -0.0182439 0.6773393
8.211004 -34.8600400 0.5386702 2.9803580 -0.0054616 -0.7353142 -0.0169908 0.6774913
8.315006 -35.6963900 0.5500320 2.9106210 -0.0056308 -0.7351609 -0.0171901 0.6776513
8.418880 -36.5334500 0.5579548 2.8431370 -0.0069197 -0.7348835 -0.0178836 0.6779222
8.522877 -37.3737500 0.5707777 2.7750700 -0.0086346 -0.7346881 -0.0193525 0.6780739
8.626899 -38.2147600 0.5878615 2.7069850 -0.0107821 -0.7344253 -0.0210778 0.6782764
8.730751 -39.0491800 0.6055646 2.6388550 -0.0120833 -0.7344346 -0.0225654 0.6781966
8.834756 -39.8816700 0.6246496 2.5722570 -0.0119921 -0.7343504 -0.0222266 0.6783005
8.938756 -40.7117100 0.6464858 2.5048060 -0.0108375 -0.7343294 -0.0208881 0.6783852
9.042758 -41.5384000 0.6640169 2.4361540 -0.0090025 -0.7342398 -0.0194334 0.6785522
9.146631 -42.3652000 0.6807227 2.3630720 -0.0067160 -0.7341096 -0.0198724 0.6787069
9.250652 -43.1914300 0.6977483 2.2902050 -0.0048533 -0.7342689 -0.0202850 0.6785383
9.354505 -44.0151900 0.7092788 2.2236830 -0.0047719 -0.7345149 -0.0192522 0.6783027
9.458529 -44.8388300 0.7206987 2.1609080 -0.0048992 -0.7349970 -0.0166411 0.6778484
9.562503 -45.6612100 0.7331961 2.0966190 -0.0056022 -0.7352798 -0.0143084 0.6775895
9.666385 -46.4833500 0.7434451 2.0282530 -0.0070102 -0.7358156 -0.0151879 0.6769753
9.770380 -47.3074400 0.7534145 1.9591220 -0.0099160 -0.7363722 -0.0170026 0.6762903
9.874249 -48.1233300 0.7646921 1.8904930 -0.0119876 -0.7369528 -0.0177374 0.6756051
9.978133 -48.9331400 0.7767209 1.8202950 -0.0119207 -0.7375552 -0.0169666 0.6749684
10.082130 -49.7355300 0.7874193 1.7406950 -0.0094938 -0.7379013 -0.0172031 0.6746225
10.186010 -50.5325200 0.7989932 1.6593660 -0.0066789 -0.7383390 -0.0172105 0.6741771
10.290010 -51.3287100 0.8126433 1.5753040 -0.0046328 -0.7387028 -0.0182028 0.6737695
10.393880 -52.1227600 0.8219496 1.4937520 -0.0043114 -0.7390026 -0.0195357 0.6734054
10.497760 -52.9159000 0.8317695 1.4168070 -0.0050121 -0.7393122 -0.0199729 0.6730479
10.601750 -53.7019600 0.8419538 1.3374790 -0.0042465 -0.7396123 -0.0204774 0.6727081
10.705630 -54.4840000 0.8494927 1.2589940 -0.0038238 -0.7398005 -0.0208176 0.6724933
10.809650 -55.2630300 0.8601357 1.1847020 -0.0048566 -0.7399783 -0.0208817 0.6722890
10.913510 -56.0380800 0.8696735 1.1107560 -0.0061472 -0.7400677 -0.0213982 0.6721638
11.017510 -56.8107400 0.8820234 1.0326370 -0.0074508 -0.7400125 -0.0232567 0.6721496
11.121380 -57.5746000 0.8957003 0.9565390 -0.0083065 -0.7401435 -0.0241628 0.6719634
11.225380 -58.3303900 0.9106542 0.8830630 -0.0084014 -0.7403934 -0.0239522 0.6716943
11.329280 -59.0775900 0.9234551 0.8100074 -0.0080247 -0.7405715 -0.0230462 0.6715343
11.433260 -59.8104000 0.9337799 0.7359683 -0.0069151 -0.7406414 -0.0216434 0.6715162
11.537150 -60.5365800 0.9432177 0.6623665 -0.0059470 -0.7406548 -0.0207387 0.6715393
11.641130 -61.2454800 0.9508013 0.5919478 -0.0049247 -0.7402556 -0.0199921 0.6720102
11.745130 -61.9403300 0.9565112 0.5237598 -0.0039550 -0.7394702 -0.0204441 0.6728672
11.849140 -62.6202200 0.9607290 0.4617179 -0.0039997 -0.7381594 -0.0211842 0.6742818
11.953260 -63.2855100 0.9654748 0.4088407 -0.0046974 -0.7361684 -0.0212234 0.6764492
12.057260 -63.9354600 0.9696725 0.3622951 -0.0055829 -0.7337465 -0.0214879 0.6790605
12.161380 -64.5704700 0.9742130 0.3201877 -0.0057367 -0.7307836 -0.0222804 0.6822214
12.265510 -65.1899100 0.9801827 0.2859581 -0.0055790 -0.7266493 -0.0235906 0.6865807
12.369630 -65.7913600 0.9882448 0.2627668 -0.0051098 -0.7216128 -0.0251087 0.6918226
12.473910 -66.3756300 0.9966522 0.2555668 -0.0050304 -0.7151751 -0.0259638 0.6984448
12.578130 -66.9370300 1.0037120 0.2646196 -0.0049329 -0.7075045 -0.0263963 0.7061984
12.682390 -67.4767300 1.0092130 0.2941699 -0.0053290 -0.6984746 -0.0262648 0.7151328
12.786780 -67.9905200 1.0138130 0.3455598 -0.0057662 -0.6881419 -0.0251387 0.7251176
12.891130 -68.4821400 1.0164770 0.4164808 -0.0062817 -0.6758128 -0.0244298 0.7366415
12.995510 -68.9541200 1.0198240 0.5048813 -0.0066957 -0.6618557 -0.0238423 0.7492221
13.099880 -69.4037600 1.0215430 0.6110892 -0.0067879 -0.6465043 -0.0232734 0.7625251
13.204380 -69.8484600 1.0239280 0.7419667 -0.0077106 -0.6289510 -0.0228322 0.7770714
13.308760 -70.2704700 1.0243370 0.8955753 -0.0085883 -0.6097317 -0.0212758 0.7922757
13.413260 -70.6817100 1.0238880 1.0807440 -0.0100496 -0.5891247 -0.0170599 0.8077995
13.517630 -71.0686100 1.0258880 1.2857460 -0.0105908 -0.5672348 -0.0134248 0.8233786
13.622130 -71.4514400 1.0323620 1.5135600 -0.0112150 -0.5439795 -0.0099513 0.8389645
13.726510 -71.8141900 1.0402910 1.7538290 -0.0112900 -0.5200223 -0.0094409 0.8540259
13.830760 -72.1707500 1.0455490 2.0136470 -0.0117623 -0.4964636 -0.0085606 0.8679356
13.935130 -72.5074200 1.0491840 2.2969440 -0.0140662 -0.4732530 -0.0052860 0.8807984
14.039380 -72.8107100 1.0521870 2.6017720 -0.0174331 -0.4496316 -0.0001001 0.8930440
14.143650 -73.1085500 1.0522140 2.9086650 -0.0165536 -0.4253644 0.0019643 0.9048686
14.247880 -73.3852400 1.0519910 3.2208230 -0.0128438 -0.4003865 0.0022380 0.9162536
14.352150 -73.6593200 1.0560810 3.5543850 -0.0068081 -0.3742314 0.0033697 0.9273042
14.456380 -73.9133300 1.0587530 3.9112700 -0.0015926 -0.3468577 0.0032022 0.9379110
14.560630 -74.1658800 1.0578550 4.3005510 0.0001865 -0.3187962 0.0031259 0.9478181
14.664880 -74.4017100 1.0570760 4.7185100 0.0012649 -0.2906285 0.0038271 0.9568275
14.769010 -74.6151500 1.0534570 5.1558270 0.0031039 -0.2625687 0.0029767 0.9649037
14.873160 -74.8256000 1.0448440 5.6231550 0.0024020 -0.2359572 0.0022120 0.9717580
14.977150 -75.0181600 1.0381190 6.1102470 0.0025323 -0.2116735 -0.0006123 0.9773370
15.081160 -75.2055700 1.0358360 6.6180960 0.0039540 -0.1893203 -0.0030122 0.9819028
15.185010 -75.3798900 1.0302820 7.1519760 0.0038403 -0.1698956 -0.0051401 0.9854412
15.288760 -75.5393000 1.0201340 7.7060950 0.0026439 -0.1538249 -0.0056346 0.9880785
15.392480 -75.6919600 1.0104520 8.2810910 0.0017951 -0.1411083 -0.0048823 0.9899805
15.496190 -75.8369800 1.0046880 8.8744040 0.0007010 -0.1300308 -0.0046111 0.9914990
15.599910 -75.9806900 0.9966334 9.4864180 -0.0006549 -0.1205498 -0.0057867 0.9926902
15.703610 -76.1222500 0.9889481 10.1122000 -0.0008968 -0.1125931 -0.0077308 0.9936107
15.807320 -76.2580400 0.9812746 10.7552200 -0.0017561 -0.1055848 -0.0099379 0.9943591
15.911010 -76.3790300 0.9768095 11.4149900 -0.0017222 -0.0988354 -0.0090872 0.9950608
16.014760 -76.4929400 0.9734490 12.0915000 -0.0016389 -0.0918570 -0.0090401 0.9957298
16.118550 -76.6020300 0.9705966 12.7842200 -0.0019147 -0.0844339 -0.0091881 0.9963849
16.222360 -76.7027100 0.9650851 13.4940700 -0.0021412 -0.0771425 -0.0097915 0.9969697
16.326140 -76.7965800 0.9546485 14.2125000 -0.0009421 -0.0706462 -0.0098910 0.9974520
16.429890 -76.8846200 0.9437305 14.9454500 0.0012615 -0.0649189 -0.0106977 0.9978324
16.533760 -76.9646300 0.9352274 15.6878500 0.0046743 -0.0599959 -0.0095246 0.9981422
16.637520 -77.0409100 0.9267552 16.4468400 0.0052605 -0.0558403 -0.0092527 0.9983830
16.741260 -77.1187300 0.9133109 17.2185600 0.0020331 -0.0523839 -0.0099811 0.9985751
16.845140 -77.1988100 0.8975356 17.9935900 -0.0020291 -0.0497674 -0.0120662 0.9986859
16.948890 -77.2720100 0.8859440 18.7675400 -0.0046569 -0.0475977 -0.0125290 0.9987772
17.052630 -77.3372300 0.8765600 19.5340100 -0.0037174 -0.0458690 -0.0115605 0.9988737
17.156420 -77.4024400 0.8673710 20.3015100 -0.0032317 -0.0442207 -0.0117019 0.9989480
17.260280 -77.4637400 0.8595219 21.0724600 -0.0042111 -0.0427735 -0.0108764 0.9990167
17.364000 -77.5211300 0.8514204 21.8429600 -0.0057131 -0.0415422 -0.0098746 0.9990716
17.467890 -77.5734000 0.8408161 22.6143400 -0.0068194 -0.0399799 -0.0086489 0.9991398
17.571660 -77.6221000 0.8279106 23.3776600 -0.0054201 -0.0385829 -0.0083329 0.9992060
17.675510 -77.6767500 0.8191268 24.1382700 -0.0015267 -0.0375688 -0.0097278 0.9992455
17.779390 -77.7342000 0.8046718 24.8981100 0.0023265 -0.0367441 -0.0101184 0.9992708
17.883140 -77.7896100 0.7903154 25.6547800 0.0047598 -0.0361315 -0.0104969 0.9992806
17.987010 -77.8461400 0.7739409 26.4219100 0.0038176 -0.0351578 -0.0113855 0.9993096
18.090880 -77.9087800 0.7508496 27.1806700 0.0020049 -0.0339838 -0.0127977 0.9993384
18.194760 -77.9689700 0.7293732 27.9392300 -0.0007037 -0.0328804 -0.0146265 0.9993520
18.298510 -78.0200700 0.7137060 28.6920000 -0.0016123 -0.0317489 -0.0135871 0.9994022
18.402390 -78.0646900 0.6969693 29.4406700 -0.0015020 -0.0311953 -0.0120321 0.9994398
18.506260 -78.1097000 0.6798769 30.1927700 -0.0018091 -0.0307762 -0.0110703 0.9994634
18.610130 -78.1554800 0.6647429 30.9456900 -0.0010096 -0.0301558 -0.0111078 0.9994830
18.713910 -78.1981000 0.6476766 31.7013000 0.0000287 -0.0298624 -0.0100642 0.9995034
18.817760 -78.2423300 0.6301632 32.4641300 -0.0002726 -0.0295351 -0.0092658 0.9995208
18.921640 -78.2949800 0.6149092 33.2307900 -0.0005064 -0.0290959 -0.0107783 0.9995184
19.025510 -78.3462400 0.5990528 34.0009300 -0.0000303 -0.0290855 -0.0107323 0.9995193
19.129390 -78.3992800 0.5789981 34.7768500 -0.0000065 -0.0299629 -0.0108017 0.9994926
19.233260 -78.4497400 0.5641545 35.5615200 -0.0003186 -0.0310198 -0.0095562 0.9994730
19.337010 -78.5071800 0.5473641 36.3475400 -0.0000200 -0.0325579 -0.0100640 0.9994192
19.440890 -78.5715200 0.5285291 37.1434700 -0.0001245 -0.0340608 -0.0120144 0.9993475
19.544760 -78.6361700 0.5110168 37.9375200 0.0019795 -0.0353522 -0.0128462 0.9992904
19.648510 -78.7004000 0.4940833 38.7352300 0.0044606 -0.0366638 -0.0128655 0.9992349
19.752390 -78.7627000 0.4825696 39.5460200 0.0049124 -0.0376214 -0.0122973 0.9992043
19.856260 -78.8286200 0.4646182 40.3645400 0.0043267 -0.0387075 -0.0127781 0.9991595
19.960140 -78.8959300 0.4461482 41.1946800 0.0036311 -0.0397937 -0.0124179 0.9991242
20.064010 -78.9598900 0.4339025 42.0306400 0.0030430 -0.0407664 -0.0114506 0.9990985
20.167930 -79.0289700 0.4207820 42.8742900 0.0011678 -0.0413099 -0.0111683 0.9990833
20.271890 -79.1003400 0.4039919 43.7247400 -0.0011715 -0.0417681 -0.0108777 0.9990674
20.375760 -79.1713000 0.3888969 44.5789400 -0.0025696 -0.0415403 -0.0108211 0.9990749
20.479750 -79.2466800 0.3756583 45.4386300 -0.0024471 -0.0404791 -0.0125939 0.9990980
20.583640 -79.3186300 0.3639286 46.2992000 -0.0018530 -0.0395529 -0.0126327 0.9991359
20.687510 -79.3849200 0.3498958 47.1629600 -0.0007551 -0.0387728 -0.0115053 0.9991815
20.791530 -79.4452700 0.3344377 48.0316600 0.0001051 -0.0379926 -0.0094791 0.9992331
20.895390 -79.5086100 0.3209956 48.9020700 0.0001177 -0.0370371 -0.0087585 0.9992755
20.999260 -79.5737600 0.3027919 49.7789500 -0.0010802 -0.0364929 -0.0078739 0.9993023
21.103270 -79.6339200 0.2867505 50.6563000 -0.0025082 -0.0361766 -0.0062661 0.9993226
21.207140 -79.6974200 0.2720427 51.5294500 -0.0027018 -0.0357444 -0.0057390 0.9993408
21.311120 -79.7646800 0.2574406 52.3966400 -0.0014281 -0.0352178 -0.0066345 0.9993566
21.415040 -79.8335800 0.2408602 53.2548000 0.0015294 -0.0348666 -0.0080486 0.9993584
21.519010 -79.9003900 0.2201002 54.1135000 0.0042059 -0.0343529 -0.0089840 0.9993605
21.622900 -79.9696400 0.1922996 54.9656200 0.0075447 -0.0339866 -0.0113716 0.9993291
21.726890 -80.0325900 0.1649343 55.8190600 0.0079722 -0.0334626 -0.0117109 0.9993396
21.830760 -80.0927300 0.1408072 56.6706300 0.0054379 -0.0333831 -0.0098688 0.9993791
21.934640 -80.1555800 0.1161116 57.5268900 0.0000153 -0.0336072 -0.0095331 0.9993897
22.038660 -80.2224400 0.0923346 58.3777500 -0.0044535 -0.0341859 -0.0100717 0.9993548
22.142620 -80.2808600 0.0751001 59.2131000 -0.0025827 -0.0355057 -0.0080994 0.9993333
22.246540 -80.3387100 0.0591433 60.0426400 -0.0010169 -0.0366424 -0.0051014 0.9993149
22.350390 -80.4030500 0.0400065 60.8722300 -0.0006200 -0.0379695 -0.0049000 0.9992667
22.454390 -80.4740100 0.0182673 61.6956700 0.0007674 -0.0392311 -0.0056243 0.9992140
22.558370 -80.5497200 -0.0037427 62.5136500 0.0024189 -0.0409794 -0.0066191 0.9991351
22.662270 -80.6208900 -0.0263229 63.3278700 0.0042690 -0.0430026 -0.0069713 0.9990415
22.766140 -80.6960400 -0.0545281 64.1362900 0.0065156 -0.0446143 -0.0076474 0.9989538
22.870160 -80.7781000 -0.0838000 64.9450800 0.0062548 -0.0461071 -0.0103906 0.9988629
22.974020 -80.8596700 -0.1090773 65.7527900 0.0056752 -0.0478856 -0.0117893 0.9987671
23.078010 -80.9451800 -0.1360470 66.5592900 0.0031077 -0.0498471 -0.0133952 0.9986622
23.181990 -81.0340800 -0.1573834 67.3635000 -0.0003396 -0.0518156 -0.0137497 0.9985620
23.285910 -81.1234100 -0.1755819 68.1599900 -0.0019688 -0.0542810 -0.0133408 0.9984346
23.389770 -81.2191600 -0.1913565 68.9488000 -0.0022184 -0.0575408 -0.0131000 0.9982547
23.493760 -81.3168500 -0.2042169 69.7395500 -0.0040637 -0.0605856 -0.0117194 0.9980859
23.597640 -81.4216400 -0.2174815 70.5203000 -0.0040695 -0.0638287 -0.0118049 0.9978827
23.701510 -81.5422600 -0.2305564 71.2919100 -0.0036417 -0.0667925 -0.0141827 0.9976594
23.805540 -81.6636800 -0.2426308 72.0594300 -0.0016866 -0.0696255 -0.0152231 0.9974556
23.909390 -81.7834400 -0.2550723 72.8219300 -0.0001801 -0.0727043 -0.0148727 0.9972426
24.013390 -81.9108900 -0.2691768 73.5847400 0.0001948 -0.0753805 -0.0158315 0.9970291
24.117270 -82.0491000 -0.2836517 74.3433500 -0.0015749 -0.0776907 -0.0165605 0.9968387
24.221270 -82.1865700 -0.2975894 75.1012400 -0.0039175 -0.0807072 -0.0168776 0.9965873
24.325140 -82.3269900 -0.3160459 75.8519800 -0.0052638 -0.0839190 -0.0166223 0.9963200
24.429140 -82.4670900 -0.3273793 76.5947000 -0.0036958 -0.0874056 -0.0156772 0.9960426
24.533020 -82.6141600 -0.3380953 77.3316100 0.0001881 -0.0916423 -0.0145411 0.9956858
24.636890 -82.7656400 -0.3542448 78.0692300 0.0013612 -0.0962256 -0.0133560 0.9952690
24.740760 -82.9303400 -0.3753983 78.8077700 -0.0005680 -0.1016233 -0.0136016 0.9947298
24.844640 -83.1011900 -0.3866320 79.5441100 -0.0028934 -0.1073762 -0.0128192 0.9941316
24.948510 -83.2840900 -0.3994934 80.2809700 -0.0069114 -0.1133484 -0.0134984 0.9934396
25.052390 -83.4672600 -0.4083909 81.0106000 -0.0093141 -0.1190273 -0.0137366 0.9927523
25.156270 -83.6579000 -0.4178227 81.7256800 -0.0068047 -0.1248897 -0.0155907 0.9920248
25.260140 -83.8564300 -0.4258951 82.4307000 -0.0016604 -0.1310515 -0.0155223 0.9912526
25.364010 -84.0574200 -0.4274942 83.1403800 0.0007420 -0.1373873 -0.0148771 0.9904054
25.467890 -84.2658200 -0.4288742 83.8623900 -0.0012906 -0.1437360 -0.0135999 0.9895218
25.571790 -84.4927800 -0.4369496 84.5841600 -0.0054493 -0.1496544 -0.0140219 0.9886239
25.675640 -84.7275100 -0.4424402 85.3029900 -0.0082981 -0.1557044 -0.0142279 0.9876664
25.779520 -84.9650700 -0.4446969 86.0117400 -0.0076053 -0.1622748 -0.0123325 0.9866392
25.883390 -85.2123000 -0.4477484 86.7155600 -0.0051257 -0.1683130 -0.0116463 0.9856515
25.987390 -85.4687900 -0.4551185 87.4170100 -0.0025028 -0.1730558 -0.0106491 0.9848513
26.091270 -85.7266800 -0.4633066 88.1180400 0.0008622 -0.1771103 -0.0088659 0.9841507
26.195270 -85.9963200 -0.4725988 88.8207900 0.0018799 -0.1810145 -0.0088410 0.9834389
26.299290 -86.2802900 -0.4872714 89.5211100 0.0024561 -0.1850247 -0.0115569 0.9826628
26.403140 -86.5690500 -0.4896331 90.2155300 0.0011529 -0.1891683 -0.0119935 0.9818708
26.507020 -86.8603900 -0.4833979 90.9180900 -0.0017477 -0.1933966 -0.0114481 0.9810523
26.611020 -87.1587800 -0.4804139 91.6219400 -0.0056299 -0.1970764 -0.0109955 0.9803103
26.714890 -87.4763200 -0.4825025 92.3185000 -0.0088262 -0.2002088 -0.0156347 0.9795887
26.818890 -87.8025000 -0.4756232 93.0035100 -0.0073019 -0.2031289 -0.0200543 0.9789194
26.922890 -88.1179500 -0.4680556 93.6869800 -0.0029175 -0.2062120 -0.0190935 0.9783167
27.026890 -88.4278400 -0.4619748 94.3757700 0.0003172 -0.2089726 -0.0156655 0.9777960
27.130890 -88.7490100 -0.4631796 95.0681700 0.0012196 -0.2110685 -0.0158666 0.9773417
27.234770 -89.0845200 -0.4666220 95.7660600 -0.0009893 -0.2133413 -0.0188154 0.9767960
27.338640 -89.4163700 -0.4736535 96.4657100 -0.0031216 -0.2161369 -0.0198294 0.9761567
27.442660 -89.7479600 -0.4788901 97.1635100 -0.0031746 -0.2190274 -0.0181784 0.9755442
27.546520 -90.0849500 -0.4847031 97.8497600 0.0001683 -0.2215056 -0.0177995 0.9749966
27.650520 -90.4266500 -0.4875902 98.5347400 0.0038378 -0.2240720 -0.0170526 0.9744158
27.754390 -90.7749300 -0.4958138 99.2195500 0.0049584 -0.2266726 -0.0175277 0.9738007
27.858410 -91.1310400 -0.5064823 99.9095000 0.0027857 -0.2287887 -0.0189791 0.9732871
27.962300 -91.4870300 -0.5172294 100.5948000 0.0018376 -0.2310458 -0.0194833 0.9727460
28.066150 -91.8400000 -0.5261980 101.2774000 0.0015177 -0.2335311 -0.0199320 0.9721438
28.170020 -92.1961700 -0.5349382 101.9541000 0.0015199 -0.2359770 -0.0192734 0.9715663
28.274040 -92.5529400 -0.5434586 102.6273000 0.0018105 -0.2382700 -0.0182262 0.9710262
28.377890 -92.9147800 -0.5511717 103.2961000 0.0013386 -0.2405606 -0.0180290 0.9704657
28.481890 -93.2832100 -0.5589669 103.9601000 0.0014048 -0.2428193 -0.0185100 0.9698939
28.585770 -93.6504600 -0.5659964 104.6187000 0.0011296 -0.2451702 -0.0190479 0.9692923
28.689660 -94.0150700 -0.5767572 105.2674000 0.0030549 -0.2476678 -0.0179592 0.9686737
28.793670 -94.3821100 -0.5883920 105.9103000 0.0050348 -0.2500431 -0.0168655 0.9680747
28.897520 -94.7482400 -0.5980777 106.5472000 0.0065361 -0.2521972 -0.0162853 0.9675167
29.001520 -95.1233500 -0.6050065 107.1878000 0.0049334 -0.2541272 -0.0166953 0.9670141
29.105390 -95.4962100 -0.6134439 107.8233000 0.0006769 -0.2558515 -0.0177748 0.9665524
29.209390 -95.8645100 -0.6210034 108.4529000 -0.0043143 -0.2573246 -0.0176943 0.9661534
29.313270 -96.2232000 -0.6251307 109.0677000 -0.0073781 -0.2588427 -0.0167931 0.9657453
29.417270 -96.5740200 -0.6245992 109.6683000 -0.0076415 -0.2604631 -0.0149147 0.9653383
29.521140 -96.9207700 -0.6262052 110.2481000 -0.0058314 -0.2621818 -0.0143906 0.9648936
29.625020 -97.2633800 -0.6273272 110.8135000 -0.0045638 -0.2637532 -0.0137947 0.9644808
29.729040 -97.6008300 -0.6270850 111.3654000 -0.0041652 -0.2652114 -0.0131750 0.9640913
29.832900 -97.9243300 -0.6283274 111.9025000 -0.0040344 -0.2664704 -0.0121270 0.9637584
29.936770 -98.2417500 -0.6324615 112.4233000 -0.0046642 -0.2676823 -0.0122801 0.9634177
30.040770 -98.5502700 -0.6360649 112.9252000 -0.0056291 -0.2688109 -0.0120979 0.9631006
30.144650 -98.8434800 -0.6367940 113.4056000 -0.0061003 -0.2700665 -0.0112816 0.9627562
30.248520 -99.1248500 -0.6384109 113.8657000 -0.0064667 -0.2713199 -0.0101301 0.9624142
30.352400 -99.3968200 -0.6400806 114.3023000 -0.0061922 -0.2723656 -0.0096830 0.9621252
30.456270 -99.6642300 -0.6481915 114.7173000 -0.0044034 -0.2734499 -0.0103796 0.9618202
30.560270 -99.9188400 -0.6560401 115.1137000 -0.0023579 -0.2748378 -0.0097483 0.9614383
30.664040 -100.1623000 -0.6586289 115.4941000 -0.0017073 -0.2768571 -0.0080329 0.9608760
30.767900 -100.3993000 -0.6585884 115.8608000 -0.0025416 -0.2792098 -0.0056718 0.9602100
30.871790 -100.6332000 -0.6607942 116.2046000 -0.0031433 -0.2821417 -0.0057830 0.9593502
30.975650 -100.8652000 -0.6647242 116.5286000 -0.0037305 -0.2852954 -0.0076075 0.9584022
31.079540 -101.0904000 -0.6694671 116.8348000 -0.0049937 -0.2883513 -0.0102468 0.9574568
31.183270 -101.3056000 -0.6713923 117.1266000 -0.0080780 -0.2915283 -0.0123304 0.9564486
31.287140 -101.5060000 -0.6722784 117.4011000 -0.0102379 -0.2953493 -0.0127444 0.9552495
31.390900 -101.6929000 -0.6721459 117.6574000 -0.0114096 -0.2997744 -0.0110773 0.9538776
31.494660 -101.8739000 -0.6729960 117.8992000 -0.0123221 -0.3052618 -0.0094587 0.9521418
31.598390 -102.0513000 -0.6736387 118.1220000 -0.0133179 -0.3120114 -0.0083619 0.9499482
31.702150 -102.2292000 -0.6753232 118.3256000 -0.0138320 -0.3198233 -0.0084519 0.9473385
31.805770 -102.4053000 -0.6766433 118.5086000 -0.0134128 -0.3287725 -0.0094413 0.9442667
31.909520 -102.5760000 -0.6819095 118.6815000 -0.0125045 -0.3389033 -0.0092789 0.9406924
32.013150 -102.7420000 -0.6858513 118.8380000 -0.0098856 -0.3493808 -0.0088914 0.9368865
32.116900 -102.9018000 -0.6870036 118.9816000 -0.0074720 -0.3597270 -0.0078635 0.9329946
32.220650 -103.0684000 -0.6855969 119.1160000 -0.0047302 -0.3699411 -0.0088289 0.9290012
32.324400 -103.2450000 -0.6827537 119.2422000 -0.0023355 -0.3800299 -0.0118536 0.9248953
32.428170 -103.4183000 -0.6819887 119.3668000 -0.0015820 -0.3907460 -0.0135966 0.9203968
32.531770 -103.5947000 -0.6769315 119.4976000 -0.0027224 -0.4021757 -0.0123896 0.9154746
32.635530 -103.7731000 -0.6726550 119.6238000 -0.0038619 -0.4140813 -0.0114018 0.9101603
32.739270 -103.9548000 -0.6680274 119.7348000 -0.0049804 -0.4267769 -0.0117399 0.9042670
32.842900 -104.1481000 -0.6624189 119.8384000 -0.0055236 -0.4401124 -0.0141882 0.8978136
32.946650 -104.3385000 -0.6580382 119.9342000 -0.0065524 -0.4534015 -0.0160099 0.8911385
33.050400 -104.5336000 -0.6558701 120.0291000 -0.0072066 -0.4668588 -0.0174859 0.8841296
33.154020 -104.7330000 -0.6537004 120.1137000 -0.0072458 -0.4801249 -0.0193366 0.8769571
33.257770 -104.9312000 -0.6515101 120.1854000 -0.0073293 -0.4933201 -0.0220549 0.8695373
33.361650 -105.1362000 -0.6502394 120.2566000 -0.0077945 -0.5068311 -0.0240023 0.8616759
33.465270 -105.3437000 -0.6512383 120.3283000 -0.0080482 -0.5209251 -0.0238623 0.8532309
33.569020 -105.5582000 -0.6512936 120.3886000 -0.0068954 -0.5358221 -0.0231606 0.8439850
33.672790 -105.8016000 -0.6467220 120.4520000 -0.0051749 -0.5513838 -0.0220033 0.8339454
33.776420 -106.0565000 -0.6404796 120.5003000 -0.0043999 -0.5683432 -0.0213772 0.8225021
33.880040 -106.3408000 -0.6320823 120.5536000 -0.0043618 -0.5859440 -0.0211192 0.8100645
33.983650 -106.6408000 -0.6251645 120.5994000 -0.0040635 -0.6039190 -0.0206806 0.7967670
34.087400 -106.9460000 -0.6151359 120.6206000 -0.0035478 -0.6227983 -0.0195966 0.7821289
34.191020 -107.2795000 -0.6047007 120.6402000 -0.0032980 -0.6419909 -0.0189168 0.7664717
34.294770 -107.6301000 -0.5937682 120.6434000 -0.0035272 -0.6610020 -0.0188817 0.7501383
34.398420 -107.9733000 -0.5851771 120.6163000 -0.0044580 -0.6800860 -0.0192469 0.7328661
34.502140 -108.3468000 -0.5780578 120.5908000 -0.0065958 -0.6992992 -0.0191826 0.7145412
34.605900 -108.7113000 -0.5724405 120.5308000 -0.0087766 -0.7181486 -0.0188241 0.6955797
34.709660 -109.1034000 -0.5651093 120.4648000 -0.0107924 -0.7365231 -0.0182633 0.6760797
34.813400 -109.5039000 -0.5571731 120.3764000 -0.0124775 -0.7542270 -0.0179371 0.6562501
34.917150 -109.8936000 -0.5498158 120.2526000 -0.0137176 -0.7710923 -0.0179096 0.6363237
35.021020 -110.3105000 -0.5385017 120.1212000 -0.0151406 -0.7869965 -0.0173434 0.6165277
35.124770 -110.7358000 -0.5271191 119.9688000 -0.0171285 -0.8022561 -0.0160962 0.5965171
35.228670 -111.1598000 -0.5145431 119.7761000 -0.0190057 -0.8167552 -0.0147881 0.5764816
35.332520 -111.6037000 -0.5003029 119.5688000 -0.0208780 -0.8303069 -0.0136346 0.5567483
35.436400 -112.0419000 -0.4860644 119.3248000 -0.0223139 -0.8429625 -0.0127272 0.5373586
35.540420 -112.4967000 -0.4701443 119.0622000 -0.0232088 -0.8545307 -0.0120465 0.5187422
35.644400 -112.9599000 -0.4518107 118.7686000 -0.0235202 -0.8645649 -0.0119220 0.5018289
35.748650 -113.4215000 -0.4332770 118.4470000 -0.0233149 -0.8729622 -0.0119470 0.4870839
35.852770 -113.8987000 -0.4140913 118.1067000 -0.0224233 -0.8796425 -0.0121517 0.4749512
35.957050 -114.3790000 -0.4005528 117.7492000 -0.0213759 -0.8848769 -0.0119950 0.4651796
36.061290 -114.8756000 -0.3846543 117.3755000 -0.0207955 -0.8888658 -0.0124336 0.4575266
36.165670 -115.3845000 -0.3685473 116.9889000 -0.0212408 -0.8920551 -0.0125350 0.4512531
36.269900 -115.9072000 -0.3511796 116.5875000 -0.0218278 -0.8948108 -0.0126097 0.4457332
36.374170 -116.4394000 -0.3334200 116.1705000 -0.0225314 -0.8970306 -0.0127791 0.4412087
36.478420 -116.9780000 -0.3145039 115.7373000 -0.0223502 -0.8988104 -0.0132117 0.4375680
36.582670 -117.5268000 -0.2939813 115.2919000 -0.0221579 -0.9003850 -0.0134648 0.4343208
36.686900 -118.0864000 -0.2732940 114.8352000 -0.0223483 -0.9016412 -0.0135219 0.4316953
36.791110 -118.6599000 -0.2513318 114.3662000 -0.0228131 -0.9025672 -0.0134747 0.4297330
36.895150 -119.2396000 -0.2283537 113.8874000 -0.0234603 -0.9032363 -0.0134679 0.4282900
36.999490 -119.8351000 -0.2043772 113.3947000 -0.0236665 -0.9035428 -0.0134219 0.4276332
37.103550 -120.4389000 -0.1816124 112.8933000 -0.0236698 -0.9037611 -0.0131036 0.4271814
37.207650 -121.0569000 -0.1575086 112.3812000 -0.0236112 -0.9039920 -0.0126264 0.4267102
37.311780 -121.6870000 -0.1322116 111.8577000 -0.0236897 -0.9041707 -0.0119825 0.4263455
37.415890 -122.3282000 -0.1050706 111.3222000 -0.0239151 -0.9043930 -0.0122836 0.4258526
37.520030 -122.9704000 -0.0753563 110.7728000 -0.0238225 -0.9046457 -0.0136028 0.4252807
37.624150 -123.6258000 -0.0473664 110.2135000 -0.0238281 -0.9049753 -0.0148831 0.4245356
37.728150 -124.2849000 -0.0186765 109.6502000 -0.0239303 -0.9052851 -0.0149421 0.4238666
37.832280 -124.9562000 0.0111099 109.0798000 -0.0238495 -0.9055849 -0.0137512 0.4232708
37.936280 -125.6369000 0.0422184 108.5006000 -0.0239726 -0.9058298 -0.0128900 0.4227666
38.040280 -126.3320000 0.0713343 107.9136000 -0.0248500 -0.9060964 -0.0121708 0.4221653
38.144280 -127.0372000 0.0992912 107.3179000 -0.0259727 -0.9063209 -0.0116059 0.4216316
38.248280 -127.7453000 0.1250424 106.7132000 -0.0253831 -0.9066763 -0.0105068 0.4209316
38.352280 -128.4619000 0.1484347 106.1014000 -0.0244500 -0.9070084 -0.0086899 0.4203124
38.456150 -129.1860000 0.1669410 105.4824000 -0.0228818 -0.9072815 -0.0071110 0.4198407
38.560150 -129.9193000 0.1835941 104.8515000 -0.0214941 -0.9072679 -0.0073680 0.4199390
38.664150 -130.6623000 0.1979002 104.2149000 -0.0211558 -0.9072371 -0.0083904 0.4200035
38.768150 -131.4132000 0.2144697 103.5744000 -0.0214263 -0.9072388 -0.0099196 0.4199528
38.872030 -132.1648000 0.2318873 102.9386000 -0.0224632 -0.9072361 -0.0108896 0.4198803
38.976020 -132.9234000 0.2513658 102.3035000 -0.0235665 -0.9072501 -0.0114879 0.4197737
39.079900 -133.6799000 0.2702986 101.6681000 -0.0240625 -0.9072709 -0.0118040 0.4196917
39.183930 -134.4357000 0.2900097 101.0301000 -0.0243626 -0.9072684 -0.0118915 0.4196773
39.287780 -135.1892000 0.3106498 100.3904000 -0.0236889 -0.9073256 -0.0123001 0.4195805
39.391750 -135.9465000 0.3298425 99.7510700 -0.0238633 -0.9073157 -0.0128086 0.4195768
39.495830 -136.7105000 0.3478641 99.1085100 -0.0239719 -0.9073416 -0.0135683 0.4194908
39.599580 -137.4685000 0.3680159 98.4694400 -0.0243109 -0.9073613 -0.0140140 0.4194138
39.703630 -138.2274000 0.3899821 97.8278500 -0.0243623 -0.9074963 -0.0139567 0.4191206
39.807870 -138.9901000 0.4148069 97.1826900 -0.0245558 -0.9076398 -0.0132631 0.4188211
39.911280 -139.7480000 0.4343912 96.5460900 -0.0247162 -0.9078602 -0.0129011 0.4183450
40.015280 -140.5111000 0.4529559 95.9042200 -0.0249902 -0.9080354 -0.0129012 0.4179482
40.119140 -141.2656000 0.4726101 95.2625900 -0.0246926 -0.9082581 -0.0129387 0.4174806
40.223030 -142.0208000 0.4912744 94.6204400 -0.0242395 -0.9084193 -0.0127808 0.4171611
40.326930 -142.7704000 0.5111815 93.9788900 -0.0237031 -0.9085588 -0.0124767 0.4168974
40.430770 -143.5294000 0.5274135 93.3370000 -0.0232776 -0.9085392 -0.0125605 0.4169614
40.534990 -144.2862000 0.5445632 92.6906700 -0.0219324 -0.9085135 -0.0135417 0.4170596
40.638670 -145.0409000 0.5612957 92.0489200 -0.0213173 -0.9082934 -0.0139376 0.4175577
40.742540 -145.7940000 0.5779645 91.4105200 -0.0205522 -0.9080334 -0.0134953 0.4181756
40.846410 -146.5475000 0.5937592 90.7740400 -0.0193244 -0.9076672 -0.0130673 0.4190418
40.950400 -147.3072000 0.6086489 90.1392800 -0.0196368 -0.9072653 -0.0127519 0.4199064
41.054600 -148.0704000 0.6250373 89.5032100 -0.0206930 -0.9069644 -0.0135124 0.4204817
41.158230 -148.8333000 0.6468099 88.8714600 -0.0230562 -0.9065844 -0.0152501 0.4211182
41.262460 -149.6005000 0.6716835 88.2369600 -0.0257438 -0.9062663 -0.0177244 0.4215501
41.365930 -150.3591000 0.6967564 87.6068300 -0.0264931 -0.9060904 -0.0188701 0.4218320
41.469820 -151.1134000 0.7256258 86.9780900 -0.0255600 -0.9060906 -0.0165955 0.4219847
41.573580 -151.8671000 0.7539528 86.3498900 -0.0244375 -0.9061446 -0.0144114 0.4220155
41.677410 -152.6218000 0.7806961 85.7189400 -0.0245259 -0.9061023 -0.0141528 0.4221100
41.781210 -153.3790000 0.8039512 85.0853900 -0.0248568 -0.9061074 -0.0157957 0.4220213
41.885060 -154.1322000 0.8288243 84.4567600 -0.0256826 -0.9061208 -0.0165365 0.4219147
41.988800 -154.8823000 0.8536668 83.8321500 -0.0258335 -0.9062753 -0.0154629 0.4216144
42.092740 -155.6292000 0.8796994 83.2061500 -0.0256598 -0.9064779 -0.0145165 0.4212228
42.196450 -156.3743000 0.9056545 82.5790600 -0.0255886 -0.9066423 -0.0150895 0.4208530
42.300170 -157.1190000 0.9324518 81.9514600 -0.0266983 -0.9067285 -0.0168369 0.4205320
42.404080 -157.8614000 0.9618364 81.3267100 -0.0277018 -0.9068470 -0.0184829 0.4201423
42.507790 -158.6032000 0.9920658 80.7034900 -0.0283600 -0.9069877 -0.0182540 0.4198044
42.611550 -159.3358000 1.0220690 80.0838300 -0.0285548 -0.9071717 -0.0174134 0.4194292
42.715290 -160.0585000 1.0499050 79.4645500 -0.0283876 -0.9073124 -0.0163886 0.4191775
42.819190 -160.7804000 1.0775050 78.8442800 -0.0272164 -0.9073333 -0.0162673 0.4192146
42.922920 -161.5000000 1.1027040 78.2248700 -0.0259894 -0.9071230 -0.0166202 0.4197335
43.026850 -162.2213000 1.1284620 77.6085800 -0.0252503 -0.9069912 -0.0166607 0.4200616
43.130550 -162.9402000 1.1543010 76.9941100 -0.0245209 -0.9068290 -0.0171050 0.4204370
43.234430 -163.6585000 1.1798450 76.3822300 -0.0238536 -0.9066688 -0.0175329 0.4208032
43.338330 -164.3767000 1.2059520 75.7742800 -0.0242888 -0.9065033 -0.0176322 0.4211304
43.442050 -165.0930000 1.2314440 75.1701800 -0.0236589 -0.9064161 -0.0171467 0.4213740
43.545910 -165.8081000 1.2570200 74.5663700 -0.0230111 -0.9062645 -0.0167778 0.4217507
43.649770 -166.5248000 1.2820620 73.9671300 -0.0234978 -0.9061516 -0.0165592 0.4219751
43.753650 -167.2418000 1.3065760 73.3721000 -0.0250733 -0.9059487 -0.0165303 0.4223209
43.857500 -167.9552000 1.3301080 72.7783800 -0.0257094 -0.9058782 -0.0167192 0.4224265
43.961280 -168.6684000 1.3510530 72.1910800 -0.0251466 -0.9058177 -0.0154685 0.4226378
44.065190 -169.3812000 1.3734310 71.6126700 -0.0250127 -0.9057589 -0.0133799 0.4228429
44.169050 -170.0844000 1.3967270 71.0355800 -0.0250816 -0.9055604 -0.0122199 0.4232988
44.272790 -170.7831000 1.4057310 70.4680000 -0.0237585 -0.9053980 -0.0133864 0.4236872
44.376660 -171.4722000 1.4161660 69.9057000 -0.0236903 -0.9053438 -0.0141780 0.4237810
44.480540 -172.1588000 1.4255690 69.3526100 -0.0236649 -0.9053918 -0.0141941 0.4236794
44.584310 -172.8299000 1.4368870 68.8074900 -0.0235608 -0.9054404 -0.0138269 0.4235935
44.688220 -173.4939000 1.4483570 68.2699900 -0.0237412 -0.9054284 -0.0136433 0.4236149
44.792180 -174.1451000 1.4600810 67.7391500 -0.0235089 -0.9054580 -0.0136995 0.4235628
44.895870 -174.7856000 1.4704170 67.2160500 -0.0231204 -0.9054421 -0.0140528 0.4236065
44.999710 -175.4193000 1.4827430 66.6981500 -0.0230545 -0.9054941 -0.0140711 0.4234985
45.103550 -176.0447000 1.4962450 66.1883500 -0.0233663 -0.9055557 -0.0142974 0.4233419
45.207330 -176.6638000 1.5104350 65.6842000 -0.0238942 -0.9055809 -0.0152000 0.4232271
45.311220 -177.2745000 1.5251250 65.1853900 -0.0245718 -0.9055974 -0.0160997 0.4231199
45.415240 -177.8683000 1.5380160 64.6893400 -0.0254592 -0.9055754 -0.0166933 0.4230914
45.518940 -178.4448000 1.5503320 64.1973900 -0.0263422 -0.9056258 -0.0169409 0.4229195
45.622980 -179.0078000 1.5619250 63.7122300 -0.0273988 -0.9056604 -0.0168479 0.4227822
45.726540 -179.5612000 1.5753970 63.2407100 -0.0279377 -0.9057580 -0.0166005 0.4225475
45.831090 -180.1003000 1.5864800 62.7651900 -0.0278085 -0.9059614 -0.0168754 0.4221088
45.934310 -180.6249000 1.6001250 62.3114100 -0.0285653 -0.9061841 -0.0164952 0.4215949
46.038180 -181.1416000 1.6119480 61.8605600 -0.0290679 -0.9067137 -0.0155136 0.4204577
46.142050 -181.6486000 1.6238590 61.4195900 -0.0300818 -0.9076462 -0.0143990 0.4184090
46.245920 -182.1422000 1.6352440 60.9800500 -0.0312484 -0.9090242 -0.0134699 0.4153519
46.349680 -182.6223000 1.6485400 60.5453000 -0.0324664 -0.9110883 -0.0127206 0.4107338
46.453430 -183.0885000 1.6622410 60.1103200 -0.0336858 -0.9134565 -0.0124401 0.4053488
46.557220 -183.5369000 1.6736110 59.6725200 -0.0345774 -0.9161797 -0.0121757 0.3990875
46.660970 -183.9747000 1.6854400 59.2357000 -0.0358390 -0.9194138 -0.0118982 0.3914744
46.764550 -184.4045000 1.6987480 58.8012100 -0.0377255 -0.9232172 -0.0109971 0.3822641
46.868310 -184.8122000 1.7137030 58.3606600 -0.0394777 -0.9274616 -0.0101786 0.3716893
46.971930 -185.1982000 1.7325810 57.9120300 -0.0401079 -0.9322620 -0.0102311 0.3594083
47.075560 -185.5495000 1.7495100 57.4583400 -0.0394271 -0.9374260 -0.0110763 0.3457678
47.179170 -185.8798000 1.7678960 57.0003300 -0.0381611 -0.9427442 -0.0122099 0.3311013
47.282920 -186.1871000 1.7849880 56.5375700 -0.0366841 -0.9482850 -0.0132676 0.3150138
47.386540 -186.4550000 1.8075260 56.0660800 -0.0356338 -0.9539936 -0.0141007 0.2973678
47.490160 -186.7152000 1.8266540 55.5968300 -0.0360671 -0.9598622 -0.0148599 0.2777462
47.593870 -186.9445000 1.8428800 55.1256400 -0.0340567 -0.9659394 -0.0156065 0.2560424
47.697410 -187.1206000 1.8564110 54.6475900 -0.0304031 -0.9717750 -0.0157491 0.2334114
47.801160 -187.2835000 1.8702180 54.1708500 -0.0244689 -0.9770771 -0.0157376 0.2108883
47.904910 -187.4227000 1.8832890 53.6941600 -0.0200336 -0.9817973 -0.0152998 0.1882514
48.008600 -187.5256000 1.8874170 53.2130900 -0.0164338 -0.9861167 -0.0141222 0.1646339
48.112290 -187.6307000 1.8933590 52.7371000 -0.0153678 -0.9899145 -0.0131256 0.1402172
48.216060 -187.6915000 1.9003160 52.2527600 -0.0149647 -0.9931248 -0.0132003 0.1153471
48.319780 -187.7485000 1.9013380 51.7723200 -0.0150126 -0.9956830 -0.0138528 0.0905438
48.423630 -187.7723000 1.9007780 51.2909800 -0.0116153 -0.9976610 -0.0157457 0.0654950
48.527420 -187.7414000 1.9016060 50.8034100 -0.0064890 -0.9989919 -0.0186307 0.0403243
48.631190 -187.7165000 1.9039120 50.3304200 -0.0047206 -0.9996612 -0.0207233 0.0150241
48.734910 -187.6828000 1.9095780 49.8671600 0.0067597 0.9997138 0.0201858 0.0109121
48.838780 -187.6045000 1.9138790 49.4037500 0.0109800 0.9990797 0.0193636 0.0366633
48.942530 -187.5198000 1.9160710 48.9547200 0.0127376 0.9978212 0.0181685 0.0621325
49.046410 -187.3856000 1.9160400 48.5087200 0.0133989 0.9959375 0.0175419 0.0872993
49.150280 -187.2454000 1.9195020 48.0832200 0.0129513 0.9934720 0.0163019 0.1121604
49.254030 -187.0919000 1.9219240 47.6675800 0.0138703 0.9903395 0.0151573 0.1371331
49.357910 -186.9050000 1.9251320 47.2498000 0.0164299 0.9864639 0.0152042 0.1624435
49.461780 -186.7142000 1.9227210 46.8408900 0.0181673 0.9823231 0.0147418 0.1857253
49.565780 -186.4782000 1.9175520 46.4305600 0.0158866 0.9779504 0.0152177 0.2076755
49.669780 -186.2433000 1.9106360 46.0249800 0.0142772 0.9733320 0.0171970 0.2283095
49.773780 -185.9999000 1.9068580 45.6205700 0.0151865 0.9687431 0.0194264 0.2468374
49.878030 -185.7437000 1.9048950 45.2175200 0.0170365 0.9643558 0.0213028 0.2631993
49.982180 -185.4762000 1.9034820 44.8249400 0.0171375 0.9602639 0.0217227 0.2777188
50.086410 -185.1904000 1.9039920 44.4335000 0.0163642 0.9565522 0.0220647 0.2902642
50.190690 -184.8981000 1.9061750 44.0441500 0.0156642 0.9533832 0.0214519 0.3005909
50.295050 -184.5971000 1.9083370 43.6514800 0.0153519 0.9507402 0.0210728 0.3088905
50.399300 -184.2874000 1.9088080 43.2571500 0.0148030 0.9485798 0.0206395 0.3155173
50.503680 -183.9689000 1.9091560 42.8589900 0.0139411 0.9468606 0.0198084 0.3207308
50.608030 -183.6434000 1.9110870 42.4563500 0.0130953 0.9454728 0.0184455 0.3249146
50.712390 -183.3133000 1.9149060 42.0460600 0.0137839 0.9442704 0.0177154 0.3284046
50.816730 -182.9728000 1.9212910 41.6285800 0.0145823 0.9433088 0.0177320 0.3311215
50.920920 -182.6247000 1.9285710 41.2043400 0.0165512 0.9425481 0.0180550 0.3331713
51.025280 -182.2608000 1.9334880 40.7774000 0.0154187 0.9419829 0.0172805 0.3348609
51.129530 -181.8872000 1.9364810 40.3446800 0.0137395 0.9415934 0.0157916 0.3361007
51.233800 -181.5012000 1.9447620 39.8948900 0.0120664 0.9413645 0.0152283 0.3368315
51.338030 -181.1166000 1.9528270 39.4324500 0.0129896 0.9411879 0.0160304 0.3372531
51.442160 -180.7267000 1.9542820 38.9517900 0.0154995 0.9411468 0.0169899 0.3372147
51.546400 -180.3265000 1.9510120 38.4614700 0.0159332 0.9413071 0.0170447 0.3367441
51.650530 -179.9121000 1.9484670 37.9650900 0.0144577 0.9414821 0.0144384 0.3364432
51.754650 -179.4927000 1.9508930 37.4591100 0.0151758 0.9416021 0.0109279 0.3362079
51.858780 -179.0635000 1.9504760 36.9373900 0.0154557 0.9417404 0.0084302 0.3358795
51.962780 -178.6239000 1.9468940 36.3941800 0.0167591 0.9418363 0.0088766 0.3355364
52.066910 -178.1621000 1.9421500 35.8491800 0.0155884 0.9418907 0.0097621 0.3354155
52.171030 -177.6842000 1.9376260 35.2961600 0.0123550 0.9419686 0.0099217 0.3353268
52.275030 -177.1997000 1.9296720 34.7268900 0.0102159 0.9419250 0.0099775 0.3355194
52.379030 -176.7106000 1.9231860 34.1427000 0.0097664 0.9418451 0.0104110 0.3357440
52.483160 -176.2079000 1.9225650 33.5388900 0.0090459 0.9418503 0.0118961 0.3357003
52.587160 -175.6955000 1.9237420 32.9220700 0.0087784 0.9419343 0.0140600 0.3353879
52.691180 -175.1718000 1.9221790 32.2966600 0.0071393 0.9419010 0.0146186 0.3354965
52.795150 -174.6388000 1.9214380 31.6649700 0.0058148 0.9418366 0.0130478 0.3357676
52.899160 -174.1052000 1.9270990 31.0220400 0.0069548 0.9417720 0.0114472 0.3359853
53.003160 -173.5590000 1.9330110 30.3632700 0.0081268 0.9415832 0.0120834 0.3364656
53.107160 -173.0021000 1.9383750 29.6959900 0.0079705 0.9415913 0.0151994 0.3363203
53.211180 -172.4382000 1.9458400 29.0235800 0.0091922 0.9415609 0.0169792 0.3362891
53.315160 -171.8670000 1.9514050 28.3467500 0.0098741 0.9414569 0.0170888 0.3365550
53.419160 -171.2881000 1.9562770 27.6606000 0.0120466 0.9414015 0.0159377 0.3366957
53.523150 -170.7093000 1.9586870 26.9633200 0.0147337 0.9413359 0.0144717 0.3368386
53.627040 -170.1234000 1.9510580 26.2592700 0.0154389 0.9413831 0.0134222 0.3367185
53.731040 -169.5314000 1.9432790 25.5462200 0.0151655 0.9415991 0.0127986 0.3361509
53.835050 -168.9342000 1.9366700 24.8235800 0.0142364 0.9417432 0.0139585 0.3357412
53.938910 -168.3371000 1.9296080 24.0978400 0.0132454 0.9418609 0.0153302 0.3353916
54.042910 -167.7434000 1.9218920 23.3687000 0.0133942 0.9420164 0.0168742 0.3348746
54.146780 -167.1591000 1.9143440 22.6392000 0.0155414 0.9420616 0.0184010 0.3345742
54.250800 -166.5815000 1.9087820 21.9086600 0.0188834 0.9421132 0.0200232 0.3341634
54.354660 -166.0001000 1.9080680 21.1795900 0.0200231 0.9421524 0.0221274 0.3338536
54.458660 -165.4129000 1.9141900 20.4484200 0.0206088 0.9421593 0.0254028 0.3335653
54.562530 -164.8351000 1.9238260 19.7146700 0.0211559 0.9420999 0.0289041 0.3334139
54.666410 -164.2567000 1.9340770 18.9925200 0.0223244 0.9421777 0.0286543 0.3331393
54.770420 -163.6778000 1.9403480 18.2802400 0.0226872 0.9424174 0.0246501 0.3327567
54.874290 -163.1045000 1.9416400 17.5738700 0.0242056 0.9427188 0.0202748 0.3320907
54.978530 -162.5251000 1.9427480 16.8568000 0.0250303 0.9429053 0.0185516 0.3316006
55.082040 -161.9505000 1.9392810 16.1438900 0.0245731 0.9430862 0.0199416 0.3310390
55.185920 -161.3773000 1.9365190 15.4291500 0.0244091 0.9432137 0.0213171 0.3306021
55.290780 -160.8026000 1.9357100 14.7120600 0.0242331 0.9433549 0.0220423 0.3301643
55.393730 -160.2415000 1.9365840 14.0138300 0.0227738 0.9439249 0.0217421 0.3286555
55.497680 -159.6822000 1.9360460 13.3034700 0.0210344 0.9450439 0.0211819 0.3255779
55.601700 -159.1338000 1.9350310 12.5909600 0.0199647 0.9465313 0.0211285 0.3212997
55.705670 -158.6027000 1.9390670 11.8758600 0.0202941 0.9483597 0.0209688 0.3158519
55.809690 -158.0880000 1.9455490 11.1536100 0.0209210 0.9506226 0.0215515 0.3088925
55.913810 -157.5933000 1.9521560 10.4231100 0.0223200 0.9532719 0.0232958 0.3003862
56.017930 -157.1079000 1.9580960 9.6859890 0.0227225 0.9562207 0.0255128 0.2906455
56.122050 -156.6525000 1.9680020 8.9409130 0.0237094 0.9596496 0.0262685 0.2789633
56.226190 -156.2137000 1.9813620 8.1874780 0.0256562 0.9634168 0.0269508 0.2654119
56.330510 -155.8113000 2.0026740 7.4197300 0.0270651 0.9674134 0.0277916 0.2502126
56.434670 -155.4337000 2.0207710 6.6405240 0.0282914 0.9713660 0.0287080 0.2341441
56.538940 -155.0736000 2.0395490 5.8542520 0.0294202 0.9750483 0.0282803 0.2182099
56.643030 -154.7551000 2.0559590 5.0667250 0.0314017 0.9785411 0.0246600 0.2021464
56.747290 -154.4511000 2.0707250 4.2758190 0.0330845 0.9818426 0.0196053 0.1857585
56.851430 -154.1799000 2.0767760 3.4752560 0.0317536 0.9849045 0.0161051 0.1693975
56.955550 -153.9186000 2.0814550 2.6602790 0.0293593 0.9875937 0.0154953 0.1534815
57.059650 -153.6909000 2.0810840 1.8360840 0.0282388 0.9897657 0.0154194 0.1390272
57.163560 -153.4863000 2.0826750 1.0042970 0.0287540 0.9914809 0.0149435 0.1261565
57.267470 -153.2952000 2.0889620 0.1642828 0.0307428 0.9927799 0.0137337 0.1151274
57.371290 -153.1167000 2.0946560 -0.6849197 0.0304926 0.9938549 0.0140898 0.1054712
57.475150 -152.9463000 2.0991910 -1.5510190 0.0283976 0.9948516 0.0169213 0.0957997
57.579070 -152.7936000 2.1080570 -2.4223460 0.0282422 0.9956823 0.0184436 0.0864805
57.682930 -152.6592000 2.1209830 -3.3018450 0.0282949 0.9964221 0.0181902 0.0775335
57.786690 -152.5347000 2.1299860 -4.1844100 0.0278249 0.9970828 0.0159995 0.0692515
57.890570 -152.4224000 2.1452340 -5.0817740 0.0291716 0.9975379 0.0145415 0.0620945
57.994890 -152.3238000 2.1645370 -6.0034420 0.0321221 0.9977426 0.0156906 0.0568480
58.098070 -152.2301000 2.1845190 -6.9326670 0.0346927 0.9977494 0.0211029 0.0533592
58.201850 -152.1344000 2.2080270 -7.8756580 0.0362110 0.9976755 0.0257686 0.0516561
58.305440 -152.0349000 2.2365690 -8.8184350 0.0359800 0.9977164 0.0260550 0.0508775
58.409230 -151.9309000 2.2643800 -9.7672730 0.0345345 0.9978358 0.0244051 0.0503537
58.512810 -151.8222000 2.2905030 -10.7234300 0.0320241 0.9979890 0.0223146 0.0499450
58.616560 -151.7054000 2.3148060 -11.6964900 0.0278616 0.9981546 0.0207543 0.0498041
58.720450 -151.5906000 2.3402530 -12.6860100 0.0252727 0.9982204 0.0208313 0.0498327
58.824030 -151.4796000 2.3662340 -13.6843600 0.0241163 0.9982069 0.0218506 0.0502394
58.927820 -151.3681000 2.3907390 -14.6894100 0.0229247 0.9981914 0.0228201 0.0506712
59.031700 -151.2539000 2.4193040 -15.7097400 0.0227937 0.9981604 0.0229081 0.0512972
59.135420 -151.1385000 2.4462520 -16.7299600 0.0218329 0.9981529 0.0225393 0.0520195
59.239170 -151.0183000 2.4717480 -17.7606100 0.0209435 0.9981702 0.0214968 0.0524921
59.343070 -150.8986000 2.4953540 -18.7944500 0.0200324 0.9981865 0.0205220 0.0529273
59.446780 -150.7787000 2.5162090 -19.8362900 0.0184272 0.9982319 0.0199607 0.0528680
59.550680 -150.6584000 2.5310820 -20.8845700 0.0171501 0.9982855 0.0200490 0.0522492
59.654550 -150.5418000 2.5469220 -21.9352400 0.0163868 0.9983317 0.0203753 0.0514786
59.758420 -150.4287000 2.5629120 -22.9877700 0.0161648 0.9983678 0.0206028 0.0507531
59.862460 -150.3173000 2.5805230 -24.0396300 0.0157383 0.9984051 0.0209119 0.0500220
59.965990 -150.2100000 2.6022480 -25.0939400 0.0157612 0.9984236 0.0214651 0.0494082
60.069690 -150.1008000 2.6248420 -26.1480500 0.0155072 0.9984187 0.0227953 0.0489906
60.173450 -149.9955000 2.6520680 -27.1987200 0.0150703 0.9984253 0.0236420 0.0485891
60.277190 -149.8915000 2.6773430 -28.2431800 0.0146366 0.9984726 0.0230785 0.0480159
60.381050 -149.7898000 2.7037160 -29.2848400 0.0144813 0.9985203 0.0219177 0.0476141
60.484800 -149.6882000 2.7274890 -30.3262100 0.0141685 0.9985569 0.0212125 0.0472583
60.588540 -149.5881000 2.7493710 -31.3652000 0.0139482 0.9985827 0.0212683 0.0467517
60.692600 -149.4892000 2.7720550 -32.4060700 0.0135005 0.9986168 0.0217614 0.0459209
60.797000 -149.3925000 2.7982900 -33.4488000 0.0129017 0.9986717 0.0223382 0.0446016
60.900200 -149.3004000 2.8229130 -34.4723700 0.0123803 0.9987319 0.0227491 0.0431720
61.003920 -149.2116000 2.8477940 -35.5002500 0.0120610 0.9988140 0.0220429 0.0417040
61.107700 -149.1247000 2.8721460 -36.5257000 0.0115450 0.9988872 0.0218056 0.0401939
61.211580 -149.0389000 2.8933000 -37.5498900 0.0110879 0.9989419 0.0222991 0.0386633
61.315290 -148.9571000 2.9148980 -38.5706500 0.0109542 0.9989738 0.0231986 0.0373256
61.419200 -148.8814000 2.9368480 -39.5888900 0.0112207 0.9990055 0.0239018 0.0359270
61.522950 -148.8101000 2.9588860 -40.6027500 0.0115758 0.9990401 0.0240031 0.0347678
61.626790 -148.7352000 2.9808460 -41.6118100 0.0114640 0.9990857 0.0237563 0.0336448
61.730990 -148.6636000 3.0028990 -42.6214400 0.0119956 0.9991242 0.0231867 0.0326994
61.834510 -148.5927000 3.0272760 -43.6216400 0.0116192 0.9991512 0.0232167 0.0319824
61.938390 -148.5176000 3.0549800 -44.6254500 0.0109367 0.9991709 0.0235441 0.0313612
62.042070 -148.4441000 3.0791010 -45.6221700 0.0105321 0.9991999 0.0230020 0.0309758
62.145930 -148.3689000 3.1020610 -46.6139300 0.0103535 0.9992567 0.0209223 0.0306790
62.249910 -148.2960000 3.1222090 -47.6025900 0.0098882 0.9992999 0.0191949 0.0305541
62.353660 -148.2258000 3.1428140 -48.5907500 0.0100789 0.9992961 0.0189903 0.0307417
62.457420 -148.1556000 3.1597210 -49.5761100 0.0105058 0.9992834 0.0190081 0.0309988
62.561290 -148.0851000 3.1752970 -50.5584300 0.0113421 0.9992477 0.0197684 0.0313791
62.665290 -148.0135000 3.1894030 -51.5384400 0.0124009 0.9992081 0.0204180 0.0318210
62.769050 -147.9424000 3.2057880 -52.5117800 0.0128060 0.9991776 0.0208718 0.0323195
62.872800 -147.8700000 3.2197050 -53.4797300 0.0131224 0.9991521 0.0211922 0.0327681
62.976670 -147.7977000 3.2318970 -54.4485300 0.0126360 0.9991362 0.0214401 0.0332802
63.080660 -147.7243000 3.2435270 -55.4135200 0.0125563 0.9991355 0.0208822 0.0336827
63.184460 -147.6532000 3.2572650 -56.3728400 0.0136175 0.9991044 0.0202836 0.0345478
63.288240 -147.5797000 3.2703110 -57.3302000 0.0143101 0.9990524 0.0198110 0.0360142
63.392070 -147.5001000 3.2824000 -58.2811000 0.0137144 0.9990154 0.0194623 0.0374359
63.495820 -147.4207000 3.2913900 -59.2293500 0.0136460 0.9989839 0.0188035 0.0386183
63.599720 -147.3415000 3.3010020 -60.1716400 0.0138102 0.9989476 0.0184935 0.0396362
63.703640 -147.2599000 3.3109250 -61.1080300 0.0134170 0.9989297 0.0185941 0.0401706
63.807440 -147.1781000 3.3174490 -62.0374400 0.0125748 0.9989104 0.0197154 0.0403881
63.911420 -147.0991000 3.3246240 -62.9564700 0.0121511 0.9989066 0.0206994 0.0401189
64.015770 -147.0218000 3.3325090 -63.8690900 0.0120122 0.9989155 0.0212636 0.0396403
64.119460 -146.9462000 3.3414520 -64.7616200 0.0113171 0.9989465 0.0213850 0.0389933
64.223410 -146.8736000 3.3509490 -65.6418900 0.0106740 0.9989967 0.0212512 0.0379467
64.327430 -146.8046000 3.3627880 -66.5073200 0.0101854 0.9990657 0.0214280 0.0361224
64.431450 -146.7409000 3.3761350 -67.3578400 0.0102808 0.9991566 0.0216239 0.0333602
64.535560 -146.6842000 3.3878620 -68.1889600 0.0105619 0.9992644 0.0216568 0.0298333
64.639590 -146.6370000 3.4008700 -68.9992200 0.0114962 0.9993589 0.0218700 0.0259095
64.743580 -146.6018000 3.4099580 -69.7868500 0.0126589 0.9994205 0.0226798 0.0220017
64.847590 -146.5750000 3.4160110 -70.5509500 0.0143502 0.9994729 0.0228306 0.0180783
64.951550 -146.5515000 3.4213600 -71.2894400 0.0152116 0.9995123 0.0232029 0.0143292
65.055500 -146.5298000 3.4262780 -72.0034200 0.0159108 0.9995404 0.0235197 0.0106125
65.159520 -146.5152000 3.4309450 -72.6893700 0.0163475 0.9995654 0.0234594 0.0071694
65.263460 -146.5063000 3.4365110 -73.3485000 0.0170195 0.9995759 0.0232908 0.0039969
65.367480 -146.4990000 3.4431750 -73.9819100 0.0174551 0.9995799 0.0231136 0.0010247
65.471470 -146.4960000 3.4511890 -74.5886000 -0.0180270 -0.9995750 -0.0228486 0.0016808
65.575320 -146.4997000 3.4546730 -75.1677100 -0.0190761 -0.9995565 -0.0225005 0.0040896
65.679310 -146.5087000 3.4582630 -75.7242600 -0.0199385 -0.9995110 -0.0232331 0.0063640
65.783300 -146.5201000 3.4606800 -76.2492100 -0.0201993 -0.9994672 -0.0242279 0.0083875
65.887300 -146.5310000 3.4649480 -76.7450100 -0.0206413 -0.9994294 -0.0246884 0.0102652
65.991170 -146.5458000 3.4690950 -77.2083600 -0.0208525 -0.9994003 -0.0250003 0.0117994
66.095340 -146.5624000 3.4749750 -77.6444700 -0.0215840 -0.9993610 -0.0253301 0.0130413
66.199080 -146.5828000 3.4811000 -78.0455600 -0.0227094 -0.9993159 -0.0256155 0.0139982
66.303070 -146.5982000 3.4877350 -78.4153200 -0.0232937 -0.9992852 -0.0259482 0.0146022
66.407050 -146.6147000 3.4898380 -78.7529000 -0.0231734 -0.9992709 -0.0265110 0.0147614
66.512930 -146.6267000 3.4923330 -79.0606000 -0.0226677 -0.9992793 -0.0267537 0.0145370
66.614800 -146.6358000 3.4933900 -79.3269400 -0.0219660 -0.9993100 -0.0264773 0.0139982
66.718800 -146.6444000 3.4967680 -79.5719300 -0.0211043 -0.9993484 -0.0261674 0.0131377
66.824140 -146.6502000 3.5017750 -79.7971700 -0.0203061 -0.9993893 -0.0258279 0.0119038
66.926760 -146.6574000 3.5073980 -79.9987700 -0.0197853 -0.9994296 -0.0252056 0.0106642
67.031610 -146.6613000 3.5134050 -80.1957600 -0.0196360 -0.9994797 -0.0238610 0.0092399
67.134650 -146.6636000 3.5237850 -80.3846700 -0.0198835 -0.9995092 -0.0228169 0.0080824
67.238470 -146.6635000 3.5319680 -80.5698800 -0.0203098 -0.9995113 -0.0227164 0.0069678
67.342520 -146.6558000 3.5444290 -80.7461700 -0.0198798 -0.9995158 -0.0232151 0.0058310
67.446480 -146.6452000 3.5533030 -80.9114800 -0.0189200 -0.9995358 -0.0234299 0.0046125
67.550330 -146.6315000 3.5620760 -81.0615900 -0.0180298 -0.9995653 -0.0231001 0.0032442
67.654290 -146.6264000 3.5683550 -81.2021700 -0.0183264 -0.9995740 -0.0226693 0.0014142
67.758210 -146.6236000 3.5746430 -81.3349000 0.0189425 0.9995714 0.0223021 0.0008944
67.862190 -146.6172000 3.5802460 -81.4609300 0.0191458 0.9995668 0.0220618 0.0035917
67.966080 -146.6064000 3.5864320 -81.5800500 0.0185770 0.9995609 0.0220329 0.0068920
68.070190 -146.5910000 3.5916110 -81.6918100 0.0175742 0.9995471 0.0219249 0.0107750
68.173980 -146.5743000 3.5959450 -81.7961100 0.0165480 0.9995126 0.0220439 0.0146544
68.277930 -146.5544000 3.5990090 -81.8879900 0.0158860 0.9994547 0.0225411 0.0181611
68.381800 -146.5371000 3.6015980 -81.9640700 0.0151986 0.9993965 0.0227955 0.0213553
68.485930 -146.5218000 3.6051250 -82.0253500 0.0148310 0.9993455 0.0228895 0.0237618
68.589980 -146.5098000 3.6078750 -82.0726800 0.0149043 0.9993019 0.0224786 0.0258505
68.693970 -146.4988000 3.6108930 -82.1081300 0.0148406 0.9992648 0.0222605 0.0274609
68.797970 -146.4897000 3.6123610 -82.1330700 0.0149606 0.9992317 0.0222907 0.0285552
68.902060 -146.4813000 3.6149010 -82.1479000 0.0147327 0.9992141 0.0219653 0.0295241
69.006040 -146.4749000 3.6165610 -82.1546600 0.0145955 0.9992010 0.0220642 0.0299571
69.110830 -146.4700000 3.6187150 -82.1516200 0.0145674 0.9992028 0.0221068 0.0298810
69.214230 -146.4675000 3.6184270 -82.1444900 0.0149350 0.9992073 0.0216677 0.0298697
69.318190 -146.4666000 3.6174870 -82.1428900 0.0151516 0.9992130 0.0210557 0.0300079
69.422330 -146.4691000 3.6192370 -82.1459800 0.0150289 0.9992223 0.0208860 0.0298777
69.526320 -146.4743000 3.6214180 -82.1484600 0.0149065 0.9992166 0.0210927 0.0299842
69.630320 -146.4784000 3.6223430 -82.1481400 0.0149193 0.9992186 0.0208859 0.0300574
69.734330 -146.4809000 3.6262750 -82.1468900 0.0150173 0.9992189 0.0208798 0.0300029
69.838430 -146.4837000 3.6309560 -82.1459200 0.0150067 0.9992112 0.0211030 0.0301077
69.943310 -146.4853000 3.6356660 -82.1443000 0.0150152 0.9992135 0.0209621 0.0301243
70.047250 -146.4860000 3.6421970 -82.1433900 0.0150504 0.9992103 0.0209523 0.0302192
70.150510 -146.4874000 3.6464080 -82.1447800 0.0150627 0.9992069 0.0210527 0.0302552
70.254450 -146.4896000 3.6509130 -82.1465100 0.0150875 0.9992057 0.0210437 0.0302886
70.358440 -146.4903000 3.6530960 -82.1473200 0.0151539 0.9992021 0.0210173 0.0303949
70.462450 -146.4929000 3.6608500 -82.1509800 0.0151885 0.9991998 0.0209907 0.0304701
70.566450 -146.4935000 3.6661240 -82.1525500 0.0152444 0.9991961 0.0210505 0.0305238
70.670640 -146.4950000 3.6726700 -82.1546000 0.0152690 0.9991933 0.0210383 0.0306088
70.774540 -146.4952000 3.6770410 -82.1553600 0.0152852 0.9991920 0.0210381 0.0306439
70.878550 -146.4961000 3.6829290 -82.1566200 0.0153029 0.9991881 0.0210465 0.0307587
70.982540 -146.4944000 3.6865750 -82.1561200 0.0153400 0.9991827 0.0210574 0.0309059
71.086680 -146.4943000 3.6925870 -82.1565700 0.0154292 0.9991778 0.0210492 0.0310270
71.190680 -146.4929000 3.6976920 -82.1552300 0.0154828 0.9991712 0.0210099 0.0312382
71.294670 -146.4903000 3.7039760 -82.1518500 0.0155514 0.9991642 0.0210092 0.0314269
71.398790 -146.4878000 3.7112650 -82.1484300 0.0155938 0.9991553 0.0209816 0.0317076
71.503010 -146.4858000 3.7173300 -82.1454400 0.0156705 0.9991492 0.0209898 0.0318563
71.606920 -146.4866000 3.7214050 -82.1430200 0.0157112 0.9991490 0.0209829 0.0318465
71.710990 -146.4873000 3.7253800 -82.1409100 0.0157757 0.9991464 0.0210181 0.0318732
71.817720 -146.4876000 3.7302240 -82.1384200 0.0157556 0.9991429 0.0210279 0.0319859
71.918960 -146.4871000 3.7337570 -82.1363500 0.0157890 0.9991417 0.0210002 0.0320234
72.023080 -146.4865000 3.7363020 -82.1350500 0.0158620 0.9991395 0.0210106 0.0320492
72.127050 -146.4860000 3.7371470 -82.1336200 0.0159500 0.9991344 0.0210083 0.0321675
72.231970 -146.4879000 3.7381830 -82.1332600 0.0159956 0.9991334 0.0210393 0.0321543
72.335120 -146.4881000 3.7397430 -82.1325200 0.0159871 0.9991315 0.0209985 0.0322459
72.439200 -146.4887000 3.7439620 -82.1329700 0.0160156 0.9991296 0.0210056 0.0322839
72.543190 -146.4887000 3.7468080 -82.1331500 0.0160132 0.9991280 0.0210266 0.0323230
72.647200 -146.4890000 3.7497340 -82.1334600 0.0160396 0.9991249 0.0210593 0.0323821
72.751200 -146.4885000 3.7519690 -82.1332400 0.0160603 0.9991204 0.0210670 0.0325058
72.855180 -146.4862000 3.7567270 -82.1335800 0.0160743 0.9991165 0.0210546 0.0326263
72.959210 -146.4847000 3.7603900 -82.1334800 0.0160729 0.9991136 0.0210960 0.0326902
73.063300 -146.4850000 3.7626860 -82.1336300 0.0161389 0.9991123 0.0210982 0.0326956
73.167460 -146.4854000 3.7632510 -82.1338200 0.0161766 0.9991092 0.0210996 0.0327704
73.271730 -146.4849000 3.7634440 -82.1335100 0.0161348 0.9991101 0.0211147 0.0327552
73.375310 -146.4851000 3.7643540 -82.1333900 0.0161486 0.9991096 0.0211201 0.0327601
73.479440 -146.4851000 3.7658290 -82.1330400 0.0161656 0.9991092 0.0211521 0.0327410
73.583460 -146.4801000 3.7697600 -82.1336700 0.0161121 0.9991086 0.0211510 0.0327887
73.687600 -146.4764000 3.7726360 -82.1327600 0.0160778 0.9991068 0.0211842 0.0328382
73.791560 -146.4733000 3.7737490 -82.1322600 0.0160900 0.9991073 0.0211353 0.0328481
73.895660 -146.4721000 3.7746600 -82.1318900 0.0161059 0.9991063 0.0211496 0.0328611
73.999560 -146.4755000 3.7750660 -82.1328100 0.0161004 0.9991082 0.0211609 0.0327990
74.103680 -146.4771000 3.7751510 -82.1330800 0.0161063 0.9991085 0.0211686 0.0327815
74.207700 -146.4775000 3.7760200 -82.1332200 0.0161378 0.9991074 0.0211684 0.0328005
74.311710 -146.4765000 3.7782530 -82.1331800 0.0161339 0.9991078 0.0211357 0.0328101
74.415680 -146.5060000 3.8175930 -82.1499600 0.0161424 0.9991066 0.0211777 0.0328181
74.519800 -146.5250000 3.8448670 -82.1620100 0.0160931 0.9990986 0.0210791 0.0331459
74.623890 -146.5414000 3.8679970 -82.1760500 0.0160106 0.9990654 0.0208510 0.0343100
74.727840 -146.5569000 3.8918630 -82.1955700 0.0157633 0.9990426 0.0206562 0.0351941
74.831850 -146.5659000 3.9087760 -82.2173000 0.0154857 0.9989947 0.0205455 0.0367100
74.935850 -146.5794000 3.9272810 -82.2456500 0.0157206 0.9988980 0.0206336 0.0391152
75.039850 -146.5858000 3.9402790 -82.2754400 0.0157291 0.9987856 0.0206317 0.0418847
75.143810 -146.5906000 3.9550310 -82.3101300 0.0153954 0.9986555 0.0206188 0.0450008
75.247810 -146.5878000 3.9638250 -82.3443100 0.0152682 0.9984768 0.0206417 0.0488354
75.351710 -146.5882000 3.9740880 -82.3843900 0.0152515 0.9982492 0.0205534 0.0533235
75.455730 -146.5818000 3.9807900 -82.4261700 0.0151503 0.9979857 0.0205978 0.0580579
75.559590 -146.5780000 3.9883690 -82.4735400 0.0149915 0.9976660 0.0206389 0.0633388
75.663570 -146.5675000 3.9938990 -82.5225900 0.0149908 0.9972677 0.0206216 0.0693334
75.767480 -146.5518000 4.0007730 -82.5742200 0.0149014 0.9967983 0.0205031 0.0758330
75.871360 -146.5331000 4.0066160 -82.6323400 0.0147873 0.9962452 0.0200254 0.0829204
75.975180 -146.5075000 4.0132330 -82.6980500 0.0145258 0.9955656 0.0190002 0.0909788
76.079100 -146.4759000 4.0192030 -82.7784800 0.0139097 0.9947680 0.0178921 0.0996139
76.182950 -146.4452000 4.0244290 -82.8803100 0.0132830 0.9938496 0.0173649 0.1085585
76.286810 -146.3964000 4.0293230 -82.9877800 0.0129044 0.9928051 0.0175845 0.1177380
76.390670 -146.3513000 4.0335620 -83.1167100 0.0134851 0.9916054 0.0182642 0.1272924
76.495070 -146.2958000 4.0378310 -83.2583900 0.0142503 0.9901594 0.0190501 0.1379073
76.598340 -146.2309000 4.0409890 -83.4100500 0.0137664 0.9884906 0.0196723 0.1493646
76.702070 -146.1563000 4.0457130 -83.5744400 0.0129279 0.9865831 0.0209622 0.1613914
76.805830 -146.0701000 4.0519460 -83.7430300 0.0129267 0.9844550 0.0219641 0.1737779
76.909690 -145.9804000 4.0581850 -83.9209800 0.0137571 0.9820476 0.0225817 0.1867708
77.013440 -145.8795000 4.0635540 -84.1061600 0.0142712 0.9792728 0.0238281 0.2006321
77.117090 -145.7599000 4.0700540 -84.2913100 0.0146534 0.9760123 0.0254512 0.2157255
77.220840 -145.6332000 4.0763390 -84.4845300 0.0149138 0.9721907 0.0263056 0.2322302
77.324460 -145.4913000 4.0836200 -84.6826000 0.0152220 0.9676653 0.0259045 0.2504417
77.428190 -145.3153000 4.0897160 -84.8808300 0.0148295 0.9623376 0.0246133 0.2703344
77.531820 -145.1255000 4.0951050 -85.0975300 0.0136156 0.9561416 0.0232486 0.2916631
77.635430 -144.8957000 4.1000680 -85.3185100 0.0134365 0.9488692 0.0223011 0.3145941
77.739080 -144.6601000 4.1099170 -85.5649200 0.0153079 0.9403910 0.0216459 0.3390602
77.842690 -144.3964000 4.1210880 -85.8194200 0.0176654 0.9310720 0.0203623 0.3638383
77.946530 -144.0775000 4.1288580 -86.0653600 0.0186676 0.9211961 0.0186812 0.3882014
78.050250 -143.7422000 4.1344740 -86.3272300 0.0187646 0.9107728 0.0181510 0.4120816
78.153970 -143.3707000 4.1376900 -86.5914100 0.0192991 0.8995377 0.0184573 0.4360262
78.257840 -142.9474000 4.1415710 -86.8406200 0.0199014 0.8875535 0.0193218 0.4598689
78.361560 -142.5033000 4.1435500 -87.0880300 0.0189376 0.8749856 0.0205215 0.4833430
78.465430 -142.0100000 4.1481600 -87.3156400 0.0185461 0.8615809 0.0227614 0.5067705
78.569310 -141.5092000 4.1533700 -87.5433500 0.0192943 0.8473033 0.0256364 0.5301393
78.673060 -140.9762000 4.1562560 -87.7514000 0.0197674 0.8323568 0.0280198 0.5531783
78.776930 -140.3921000 4.1586570 -87.9243100 0.0194666 0.8170421 0.0296698 0.5754849
78.880800 -139.7985000 4.1600180 -88.0875800 0.0191011 0.8016859 0.0312427 0.5966228
78.984860 -139.1586000 4.1621710 -88.2198800 0.0192944 0.7862341 0.0322919 0.6167827
79.088830 -138.5086000 4.1660450 -88.3387900 0.0208331 0.7716242 0.0325804 0.6349020
79.192960 -137.8281000 4.1688710 -88.4333300 0.0216818 0.7586195 0.0316772 0.6504021
79.297060 -137.1128000 4.1712570 -88.5014700 0.0215965 0.7473186 0.0303116 0.6634227
79.401310 -136.3792000 4.1717060 -88.5603100 0.0220337 0.7380899 0.0286986 0.6737315
79.505690 -135.6148000 4.1698990 -88.6075300 0.0229446 0.7306284 0.0275711 0.6818325
79.610070 -134.8254000 4.1683820 -88.6464600 0.0234860 0.7246830 0.0273474 0.6881389
79.714470 -134.0129000 4.1647620 -88.6760900 0.0244802 0.7194661 0.0272059 0.6935626
79.818800 -133.1801000 4.1568120 -88.6965600 0.0257728 0.7145614 0.0268661 0.6985814
79.923050 -132.3277000 4.1476370 -88.7055600 0.0277106 0.7094232 0.0260360 0.7037563
80.027420 -131.4527000 4.1366330 -88.7010900 0.0290786 0.7044033 0.0246454 0.7087757
80.131680 -130.5520000 4.1226230 -88.6804900 0.0284120 0.6999643 0.0231900 0.7132356
80.235930 -129.6312000 4.1039830 -88.6495300 0.0267795 0.6965506 0.0216398 0.7166811
80.340300 -128.6888000 4.0847910 -88.6121200 0.0249414 0.6946600 0.0199778 0.7186280
80.444550 -127.7239000 4.0658780 -88.5756900 0.0243570 0.6937855 0.0186897 0.7195270
80.548940 -126.7352000 4.0482130 -88.5405100 0.0235761 0.6934974 0.0186761 0.7198310
80.653190 -125.7210000 4.0310670 -88.5048900 0.0234133 0.6930588 0.0194116 0.7202392
80.757320 -124.6835000 4.0139520 -88.4643300 0.0234206 0.6920299 0.0197900 0.7212173
80.861430 -123.6288000 3.9968900 -88.4197000 0.0237416 0.6904914 0.0200265 0.7226734
80.965550 -122.5531000 3.9780930 -88.3683400 0.0239079 0.6888067 0.0198235 0.7242795
81.069680 -121.4602000 3.9603470 -88.2942800 0.0238003 0.6870288 0.0197313 0.7259722
81.173790 -120.3502000 3.9406540 -88.2107800 0.0235566 0.6850386 0.0194616 0.7278657
81.277810 -119.2271000 3.9202640 -88.1305700 0.0230090 0.6830906 0.0205458 0.7296819
81.381810 -118.0866000 3.9018490 -88.0405500 0.0220213 0.6811301 0.0222210 0.7314937
81.485930 -116.9301000 3.8833030 -87.9486800 0.0211568 0.6794465 0.0232123 0.7330525
81.589930 -115.7614000 3.8679810 -87.8485800 0.0212923 0.6786214 0.0230985 0.7338161
81.694050 -114.5794000 3.8497170 -87.7450700 0.0216680 0.6786091 0.0219572 0.7338516
81.798060 -113.3837000 3.8309630 -87.6392400 0.0216742 0.6789640 0.0216023 0.7335336
81.902180 -112.1817000 3.8121800 -87.5392400 0.0210853 0.6791817 0.0227601 0.7333141
82.006180 -110.9751000 3.7918450 -87.4386800 0.0207172 0.6792915 0.0240751 0.7331809
82.110180 -109.7745000 3.7716940 -87.3428900 0.0206267 0.6794657 0.0250395 0.7329897
82.214180 -108.5794000 3.7505740 -87.2470800 0.0204031 0.6795860 0.0252744 0.7328764
82.318180 -107.3857000 3.7267380 -87.1467600 0.0203974 0.6797751 0.0254383 0.7326955
82.422200 -106.1976000 3.7017460 -87.0498800 0.0205687 0.6799830 0.0247526 0.7325212
82.526180 -105.0099000 3.6771720 -86.9529600 0.0214126 0.6801657 0.0239348 0.7323546
82.630180 -103.8211000 3.6532240 -86.8596600 0.0215039 0.6803024 0.0237789 0.7322300
82.734050 -102.6322000 3.6287330 -86.7640100 0.0203287 0.6804911 0.0242414 0.7320731
82.838070 -101.4446000 3.6072390 -86.6722200 0.0195533 0.6806749 0.0251154 0.7318938
82.942060 -100.2617000 3.5886980 -86.5720000 0.0198407 0.6807707 0.0243798 0.7318219
83.046050 -99.0843600 3.5694320 -86.4806700 0.0209589 0.6809047 0.0239839 0.7316791
83.149930 -97.9101100 3.5474960 -86.3862600 0.0214669 0.6809662 0.0235263 0.7316220
83.253960 -96.7361400 3.5268240 -86.2938700 0.0201781 0.6810950 0.0237668 0.7315310
83.357930 -95.5627900 3.5065170 -86.2014300 0.0188530 0.6811748 0.0244630 0.7314691
83.461930 -94.3923000 3.4900950 -86.1102300 0.0172687 0.6813517 0.0247563 0.7313336
83.565930 -93.2288800 3.4740640 -86.0175200 0.0166969 0.6815315 0.0234554 0.7312221
83.669810 -92.0707700 3.4573320 -85.9300700 0.0169475 0.6815906 0.0226376 0.7311871
83.773690 -90.9148200 3.4399320 -85.8444000 0.0169946 0.6816436 0.0223249 0.7311462
83.877560 -89.7608300 3.4204990 -85.7575000 0.0164294 0.6817417 0.0221034 0.7310743
83.981560 -88.6075600 3.4022980 -85.6740600 0.0161379 0.6817430 0.0229749 0.7310528
84.085580 -87.4582200 3.3838250 -85.5911800 0.0164985 0.6817237 0.0232383 0.7310545
84.189660 -86.3142800 3.3656600 -85.5113000 0.0180267 0.6817980 0.0233368 0.7309459
84.293370 -85.1763900 3.3472560 -85.4316000 0.0193662 0.6815512 0.0235985 0.7311334
84.397140 -84.0421200 3.3271240 -85.3525700 0.0202124 0.6809862 0.0246786 0.7316011
84.500970 -82.9048100 3.3061360 -85.2666500 0.0201255 0.6799860 0.0253921 0.7325089
84.604690 -81.7744200 3.2856750 -85.1782200 0.0199179 0.6787610 0.0259128 0.7336316
84.708560 -80.6465800 3.2666260 -85.0824700 0.0192064 0.6776873 0.0257289 0.7346489
84.812320 -79.5258400 3.2453940 -84.9828300 0.0186106 0.6767146 0.0243851 0.7356062
84.916060 -78.4096900 3.2217680 -84.8824400 0.0189691 0.6756439 0.0232208 0.7366182
85.020090 -77.2889600 3.1919120 -84.7846100 0.0190058 0.6746705 0.0229998 0.7375158
85.123720 -76.1748500 3.1624840 -84.6849800 0.0183946 0.6739101 0.0234881 0.7382108
85.227440 -75.0636300 3.1338530 -84.5843600 0.0181851 0.6732384 0.0238538 0.7388168
85.331180 -73.9559900 3.1085030 -84.4815500 0.0179889 0.6726623 0.0240204 0.7393409
85.435100 -72.8496400 3.0827210 -84.3754800 0.0174591 0.6721399 0.0243888 0.7398164
85.538870 -71.7485600 3.0593200 -84.2675100 0.0167154 0.6718066 0.0239184 0.7401516
85.642600 -70.6504900 3.0358510 -84.1597000 0.0164819 0.6718349 0.0236136 0.7401409
85.746450 -69.5564000 3.0145670 -84.0516500 0.0161437 0.6721008 0.0227298 0.7399346
85.850400 -68.4631000 2.9934830 -83.9465700 0.0161811 0.6726173 0.0225212 0.7394707
85.954220 -67.3687100 2.9732020 -83.8445200 0.0162564 0.6732077 0.0229702 0.7389178
86.058060 -66.2697800 2.9591340 -83.7442400 0.0173411 0.6740081 0.0239077 0.7381333
86.161940 -65.1736100 2.9451930 -83.6485500 0.0189719 0.6747834 0.0245670 0.7373628
86.266420 -64.0722500 2.9300560 -83.5538500 0.0202963 0.6756213 0.0250681 0.7365430
86.369740 -62.9884600 2.9145830 -83.4638600 0.0208891 0.6764248 0.0260475 0.7357545
86.473600 -61.8938500 2.8944780 -83.3719200 0.0200974 0.6772643 0.0268698 0.7349742
86.577490 -60.8016500 2.8733620 -83.2798300 0.0190212 0.6781342 0.0270239 0.7341948
86.681310 -59.7253200 2.8515340 -83.1922900 0.0188798 0.6790119 0.0265465 0.7334042
86.785510 -58.6532300 2.8260800 -83.1058200 0.0187557 0.6798269 0.0256119 0.7326852
86.889090 -57.5889100 2.8016370 -83.0228800 0.0193988 0.6805640 0.0244860 0.7320224
86.992950 -56.5119300 2.7796510 -82.9287200 0.0200654 0.6812211 0.0232234 0.7314342
87.096690 -55.4392400 2.7564450 -82.8455700 0.0212596 0.6818000 0.0228887 0.7308713
87.200570 -54.3629300 2.7315900 -82.7594800 0.0214223 0.6821706 0.0227595 0.7305248
87.304430 -53.2879500 2.7073330 -82.6777700 0.0208523 0.6823579 0.0235575 0.7303409
87.408330 -52.2149100 2.6843400 -82.5944900 0.0198753 0.6822598 0.0244109 0.7304319
87.512180 -51.1510500 2.6631650 -82.5098300 0.0183477 0.6821367 0.0242202 0.7305931
87.616060 -50.1023800 2.6446280 -82.4238200 0.0168583 0.6819658 0.0232357 0.7308205
87.719790 -49.0533400 2.6265370 -82.3369600 0.0153234 0.6818335 0.0215270 0.7310300
87.823570 -48.0047200 2.6092420 -82.2502200 0.0143236 0.6817213 0.0201302 0.7311947
87.927320 -46.9613300 2.5916400 -82.1617400 0.0133348 0.6816213 0.0184666 0.7313506
88.031060 -45.9138500 2.5730830 -82.0771700 0.0132363 0.6815216 0.0176988 0.7314642
88.135050 -44.8539800 2.5605630 -81.9935600 0.0136658 0.6812323 0.0163294 0.7317576
88.238710 -43.7950000 2.5471180 -81.9130700 0.0139488 0.6810265 0.0164874 0.7319402
88.342600 -42.7297500 2.5394570 -81.8360000 0.0139502 0.6806743 0.0192006 0.7322016
88.446330 -41.6687300 2.5281940 -81.7552300 0.0119987 0.6802896 0.0219201 0.7325173
88.550190 -40.6058500 2.5158500 -81.6695800 0.0129429 0.6798111 0.0230511 0.7329107
88.653930 -39.5516500 2.5039500 -81.5933000 0.0152931 0.6793319 0.0225656 0.7333247
88.757820 -38.4964400 2.4880820 -81.5130200 0.0170556 0.6790495 0.0214020 0.7335822
88.861690 -37.4469900 2.4678970 -81.4292000 0.0173194 0.6789343 0.0206746 0.7337035
88.965560 -36.3993100 2.4493280 -81.3435200 0.0173626 0.6787053 0.0204441 0.7339207
89.069450 -35.3589300 2.4306470 -81.2601500 0.0178284 0.6785706 0.0209795 0.7340191
89.173320 -34.3241300 2.4097720 -81.1784600 0.0193360 0.6785415 0.0208915 0.7340103
89.277420 -33.2906900 2.3881580 -81.0983300 0.0214095 0.6785569 0.0210154 0.7339350
89.381180 -32.2656500 2.3646540 -81.0188800 0.0224264 0.6787179 0.0212479 0.7337490
89.485130 -31.2342300 2.3414590 -80.9389300 0.0221818 0.6789926 0.0227484 0.7334573
89.588990 -30.2054200 2.3199470 -80.8633400 0.0213866 0.6791786 0.0247424 0.7332441
89.692870 -29.1819800 2.3015130 -80.7900300 0.0208461 0.6794629 0.0254485 0.7329721
89.796830 -28.1648500 2.2865400 -80.7195000 0.0208814 0.6798812 0.0247437 0.7326072
89.900710 -27.1549300 2.2738560 -80.6508700 0.0208137 0.6802794 0.0234657 0.7322814
90.004580 -26.1424800 2.2583380 -80.5796000 0.0203529 0.6806890 0.0232678 0.7319200
90.108700 -25.1308700 2.2433600 -80.5128700 0.0194927 0.6810389 0.0238756 0.7315982
90.212510 -24.1261600 2.2244170 -80.4451300 0.0188279 0.6814115 0.0242541 0.7312562
90.316520 -23.1231400 2.2008740 -80.3801100 0.0194609 0.6816658 0.0247622 0.7309856
90.420320 -22.1281400 2.1791860 -80.3138200 0.0195728 0.6819077 0.0247630 0.7307568
90.524330 -21.1362400 2.1581180 -80.2473000 0.0195419 0.6821916 0.0247905 0.7304917
90.628220 -20.1591400 2.1365390 -80.1810200 0.0183348 0.6824786 0.0246000 0.7302613
90.732220 -19.2034400 2.1156840 -80.1180300 0.0177355 0.6827952 0.0244937 0.7299837
90.836200 -18.2654500 2.0947940 -80.0560500 0.0173399 0.6831083 0.0244981 0.7297001
90.940100 -17.3429600 2.0766120 -79.9931100 0.0167068 0.6833387 0.0245780 0.7294964
91.044070 -16.4399700 2.0567340 -79.9296400 0.0154513 0.6833583 0.0245627 0.7295063
91.148110 -15.5580500 2.0381360 -79.8663100 0.0155466 0.6830804 0.0249288 0.7297520
91.251940 -14.7018700 2.0214720 -79.7975500 0.0160357 0.6822558 0.0244921 0.7305272
91.355930 -13.8624200 2.0068980 -79.7309500 0.0164500 0.6811323 0.0241842 0.7315759
91.459820 -13.0479900 1.9826350 -79.6577400 0.0158042 0.6796908 0.0233325 0.7329571
91.563820 -12.2520900 1.9557010 -79.5809500 0.0151739 0.6781231 0.0222215 0.7344556
91.667690 -11.4710000 1.9313720 -79.5052500 0.0155233 0.6762453 0.0216822 0.7361938
91.771700 -10.7140700 1.9072560 -79.4283600 0.0163036 0.6736744 0.0214590 0.7385367
91.875570 -9.9785970 1.8821250 -79.3468500 0.0177628 0.6703051 0.0214950 0.7415615
91.979540 -9.2673070 1.8550180 -79.2587100 0.0191254 0.6662046 0.0214128 0.7452162
92.083700 -8.5770340 1.8246200 -79.1590400 0.0191583 0.6617097 0.0210110 0.7492208
92.187280 -7.9154260 1.7935140 -79.0515900 0.0192502 0.6569492 0.0207505 0.7534034
92.291780 -7.2723110 1.7649920 -78.9404900 0.0191588 0.6516336 0.0209369 0.7580028
92.394820 -6.6609910 1.7322300 -78.8234400 0.0187872 0.6457480 0.0218964 0.7630053
92.498710 -6.0688270 1.7024110 -78.6963900 0.0183127 0.6392090 0.0213734 0.7685178
92.607140 -5.4729140 1.6695830 -78.5495500 0.0177672 0.6317080 0.0195921 0.7747551
92.706330 -4.9403330 1.6427610 -78.4073000 0.0170573 0.6242119 0.0180446 0.7808604
92.812670 -4.3826470 1.6161160 -78.2485600 0.0172734 0.6154051 0.0180731 0.7878144
92.913890 -3.8678300 1.5947970 -78.0862700 0.0167234 0.6065994 0.0178979 0.7946302
93.017610 -3.3589950 1.5760120 -77.9027500 0.0159933 0.5970714 0.0169500 0.8018495
93.121320 -2.8648380 1.5578090 -77.7112900 0.0158628 0.5862455 0.0160646 0.8098188
93.225060 -2.3856050 1.5388000 -77.5039600 0.0163924 0.5740009 0.0147016 0.8185585
93.328690 -1.9217350 1.5192880 -77.2871300 0.0180054 0.5597661 0.0137584 0.8283408
93.432440 -1.4697500 1.5005540 -77.0544800 0.0192385 0.5437509 0.0130566 0.8389245
93.536240 -1.0278510 1.4875560 -76.8001200 0.0200649 0.5255518 0.0143119 0.8504045
93.639690 -0.6036779 1.4729460 -76.5331400 0.0198973 0.5043465 0.0159866 0.8631240
93.743290 -0.2051226 1.4557860 -76.2388400 0.0184215 0.4818817 0.0151544 0.8759115
93.847210 0.1668060 1.4348110 -75.9119200 0.0171610 0.4593216 0.0122263 0.8880201
93.950650 0.5205388 1.4185360 -75.5815700 0.0174308 0.4362057 0.0101043 0.8996214
94.054400 0.8592366 1.4001380 -75.2418100 0.0190354 0.4122299 0.0099338 0.9108268
94.158110 1.1820300 1.3767180 -74.8830100 0.0206878 0.3882346 0.0113253 0.9212587
94.261830 1.4730460 1.3503480 -74.5093200 0.0188544 0.3645932 0.0091086 0.9309315
94.365720 1.7337860 1.3244530 -74.1107900 0.0158099 0.3409790 0.0046770 0.9399263
94.469450 1.9772410 1.3085180 -73.7097300 0.0134097 0.3166370 0.0018703 0.9484501
94.573250 2.2112690 1.2952590 -73.2990800 0.0104538 0.2919178 0.0022412 0.9563836
94.677090 2.4317000 1.2826610 -72.8688000 0.0075403 0.2672902 0.0040094 0.9635782
94.780820 2.6255920 1.2687600 -72.4325400 0.0038668 0.2428450 0.0032211 0.9700520
94.884790 2.7786900 1.2583430 -71.9683700 -0.0007303 0.2183033 -0.0020858 0.9758785
94.988570 2.9156420 1.2539950 -71.5118000 -0.0024576 0.1940277 -0.0042019 0.9809840
95.092440 3.0463120 1.2583500 -71.0534300 -0.0012990 0.1697967 -0.0049653 0.9854658
95.196460 3.1608680 1.2579720 -70.5795800 -0.0003457 0.1474791 -0.0046172 0.9890543
95.300440 3.2579330 1.2646190 -70.1026000 -0.0002998 0.1275766 -0.0050711 0.9918157
95.404570 3.3327900 1.2671190 -69.6100700 -0.0004722 0.1089761 -0.0079911 0.9940121
95.508570 3.3949820 1.2725260 -69.1164800 0.0000757 0.0919076 -0.0108498 0.9957084
95.612820 3.4529990 1.2706760 -68.6114300 -0.0002239 0.0776534 -0.0120123 0.9969080
95.717080 3.5057480 1.2670620 -68.0968300 -0.0007813 0.0663815 -0.0125024 0.9977157
95.821210 3.5510820 1.2617500 -67.5757300 -0.0012723 0.0559891 -0.0128589 0.9983478
95.925440 3.5915600 1.2594810 -67.0462500 -0.0010995 0.0464596 -0.0117364 0.9988506
96.029700 3.6230780 1.2528750 -66.5056000 -0.0001049 0.0388633 -0.0113429 0.9991802
96.133950 3.6477720 1.2430960 -65.9503400 0.0004813 0.0318354 -0.0119039 0.9994221
96.238190 3.6638010 1.2348920 -65.3770500 0.0005648 0.0245181 -0.0123337 0.9996231
96.342320 3.6738870 1.2272010 -64.7900200 0.0008031 0.0175883 -0.0121535 0.9997711
96.446460 3.6773080 1.2187040 -64.1850400 0.0010084 0.0106247 -0.0118817 0.9998725
96.550570 3.6759670 1.2094660 -63.5633700 0.0006527 0.0034557 -0.0108170 0.9999353
96.654710 3.6640220 1.1998560 -62.9254300 0.0009365 -0.0030970 -0.0107288 0.9999372
96.758950 3.6430490 1.1897550 -62.2713300 0.0014854 -0.0082405 -0.0113154 0.9999009
96.863080 3.6172030 1.1790280 -61.6023600 0.0021189 -0.0125328 -0.0122327 0.9998444
96.967200 3.5912270 1.1680960 -60.9157000 0.0028238 -0.0157536 -0.0121439 0.9997982
97.071450 3.5563910 1.1524510 -60.2096000 0.0031046 -0.0178934 -0.0122470 0.9997601
97.175570 3.5203190 1.1396020 -59.4934800 0.0031822 -0.0196617 -0.0119757 0.9997299
97.279720 3.4855680 1.1288690 -58.7603800 0.0026717 -0.0210893 -0.0120147 0.9997018
97.383810 3.4513010 1.1175310 -58.0126600 0.0017440 -0.0224182 -0.0113349 0.9996829
97.487940 3.4152870 1.1065940 -57.2552000 0.0005041 -0.0240135 -0.0106111 0.9996552
97.592070 3.3757370 1.0948910 -56.4937500 -0.0006937 -0.0255640 -0.0101020 0.9996219
97.696240 3.3324270 1.0842480 -55.7296400 -0.0019028 -0.0271135 -0.0099403 0.9995811
97.800340 3.2885810 1.0743940 -54.9651400 -0.0028592 -0.0287413 -0.0090104 0.9995422
97.904320 3.2430970 1.0648840 -54.2035200 -0.0032827 -0.0304914 -0.0078993 0.9994984
98.008320 3.1923530 1.0564660 -53.4379900 -0.0034072 -0.0323216 -0.0068651 0.9994481
98.112320 3.1328610 1.0496400 -52.6732700 -0.0033626 -0.0342038 -0.0066062 0.9993874
98.216470 3.0697950 1.0428360 -51.9072100 -0.0031481 -0.0360958 -0.0064076 0.9993228
98.320320 3.0054920 1.0353110 -51.1424200 -0.0032246 -0.0376546 -0.0064254 0.9992650
98.424320 2.9378960 1.0278910 -50.3764300 -0.0033633 -0.0386834 -0.0067645 0.9992230
98.528320 2.8717090 1.0189520 -49.6122800 -0.0032423 -0.0393116 -0.0070754 0.9991967
98.632320 2.8032200 1.0100360 -48.8461600 -0.0032230 -0.0396449 -0.0076938 0.9991790
98.736320 2.7419850 0.9980856 -48.0822000 -0.0033007 -0.0397335 -0.0077525 0.9991748
98.840320 2.6902560 0.9818285 -47.3187100 -0.0036520 -0.0397078 -0.0073418 0.9991777
98.944340 2.6328470 0.9665624 -46.5559000 -0.0040560 -0.0396945 -0.0072313 0.9991775
99.048200 2.5737470 0.9515027 -45.7973300 -0.0046397 -0.0396876 -0.0072537 0.9991750
99.152220 2.5146170 0.9390078 -45.0396800 -0.0050993 -0.0396914 -0.0070953 0.9991738
99.256070 2.4559170 0.9260055 -44.2862800 -0.0050807 -0.0396643 -0.0070110 0.9991755
99.360070 2.3952780 0.9139468 -43.5355800 -0.0048987 -0.0395101 -0.0074652 0.9991793
99.464100 2.3364870 0.9025269 -42.7870400 -0.0046228 -0.0390622 -0.0073860 0.9991988
99.567940 2.2813950 0.8911355 -42.0436000 -0.0043439 -0.0384988 -0.0068738 0.9992256
99.671950 2.2290240 0.8765595 -41.3039700 -0.0043143 -0.0377308 -0.0069876 0.9992542
99.775950 2.1760530 0.8564019 -40.5742300 -0.0040063 -0.0369633 -0.0074907 0.9992805
99.879940 2.1281610 0.8397655 -39.8533100 -0.0046807 -0.0363360 -0.0061574 0.9993097
99.983820 2.0804780 0.8233957 -39.1418400 -0.0055551 -0.0357779 -0.0053113 0.9993302
100.087800 2.0238010 0.8103769 -38.4412700 -0.0066140 -0.0351208 -0.0067291 0.9993385
100.191800 1.9754100 0.7933529 -37.7537800 -0.0068489 -0.0343724 -0.0070198 0.9993610
100.295700 1.9332300 0.7801851 -37.0788000 -0.0054860 -0.0342453 -0.0056313 0.9993825
100.399700 1.8955200 0.7597285 -36.4147100 -0.0044838 -0.0340567 -0.0053490 0.9993955
100.503700 1.8516130 0.7422292 -35.7575600 -0.0023887 -0.0334545 -0.0065378 0.9994160
100.607700 1.8079910 0.7220826 -35.1058700 -0.0014567 -0.0332859 -0.0079580 0.9994131
100.711600 1.7666750 0.7015109 -34.4581800 -0.0012495 -0.0331034 -0.0083834 0.9994160
100.815600 1.7274170 0.6817103 -33.8137800 -0.0012565 -0.0327551 -0.0083800 0.9994275
100.919600 1.6877730 0.6642943 -33.1769100 -0.0005890 -0.0325341 -0.0084371 0.9994348
101.023600 1.6455820 0.6488052 -32.5444700 -0.0000517 -0.0325097 -0.0091458 0.9994296
101.127400 1.6028430 0.6337501 -31.9172200 0.0003492 -0.0324533 -0.0099190 0.9994240
101.231500 1.5615530 0.6192475 -31.2933400 0.0004524 -0.0324745 -0.0104834 0.9994175
101.335400 1.5247240 0.6035847 -30.6744700 0.0001534 -0.0327282 -0.0103012 0.9994112
101.439300 1.4880550 0.5854894 -30.0592100 -0.0002857 -0.0330339 -0.0099325 0.9994048
101.543300 1.4500300 0.5615753 -29.4492800 -0.0004091 -0.0334550 -0.0096784 0.9993933
101.647200 1.4123890 0.5423823 -28.8402800 -0.0002265 -0.0341350 -0.0093354 0.9993736
101.751200 1.3783150 0.5196914 -28.2346000 0.0003875 -0.0349743 -0.0089928 0.9993477
101.855100 1.3407830 0.4975266 -27.6306100 0.0009311 -0.0357016 -0.0089670 0.9993218
101.959100 1.3059860 0.4776523 -27.0287000 0.0009385 -0.0366432 -0.0090067 0.9992874
102.062900 1.2676920 0.4591265 -26.4307400 0.0008776 -0.0377076 -0.0088992 0.9992488
102.166900 1.2292490 0.4405908 -25.8340800 0.0009136 -0.0387061 -0.0084055 0.9992149
102.270800 1.1911050 0.4256449 -25.2395300 0.0007696 -0.0396493 -0.0075425 0.9991849
102.374800 1.1520740 0.4124776 -24.6469000 0.0001458 -0.0407093 -0.0070361 0.9991462
102.478700 1.1114480 0.4026685 -24.0604200 -0.0003132 -0.0416002 -0.0070549 0.9991094
102.582700 1.0673650 0.3920096 -23.4769200 -0.0007912 -0.0423867 -0.0073240 0.9990741
102.686600 1.0228140 0.3816930 -22.8984500 -0.0014568 -0.0433196 -0.0076365 0.9990310
102.790600 0.9777518 0.3707154 -22.3266000 -0.0018388 -0.0439629 -0.0075833 0.9990027
102.894400 0.9345741 0.3612177 -21.7654600 -0.0019271 -0.0443187 -0.0075361 0.9989872
102.998500 0.8867823 0.3506486 -21.2126700 -0.0018983 -0.0444241 -0.0077325 0.9989810
103.102400 0.8446471 0.3428022 -20.6704600 -0.0020439 -0.0441039 -0.0082733 0.9989906
103.206500 0.8029049 0.3330321 -20.1402300 -0.0019504 -0.0433796 -0.0087781 0.9990182
103.310300 0.7667103 0.3282057 -19.6199500 -0.0019372 -0.0426842 -0.0089668 0.9990465
103.414300 0.7322119 0.3216458 -19.1116000 -0.0019137 -0.0420573 -0.0086860 0.9990756
103.518300 0.6995025 0.3170837 -18.6159100 -0.0017879 -0.0413252 -0.0086391 0.9991068
103.622300 0.6673674 0.3108239 -18.1320000 -0.0013555 -0.0405118 -0.0086835 0.9991404
103.726300 0.6355362 0.3060331 -17.6572600 -0.0011803 -0.0399462 -0.0088166 0.9991622
103.830300 0.6017668 0.2964822 -17.1963200 -0.0011999 -0.0393648 -0.0088981 0.9991846
103.934300 0.5679449 0.2867121 -16.7443100 -0.0011826 -0.0387566 -0.0091258 0.9992063
104.038400 0.5366303 0.2753636 -16.3070400 -0.0014039 -0.0381842 -0.0090177 0.9992290
104.142300 0.5073413 0.2644759 -15.8858100 -0.0015820 -0.0376956 -0.0086914 0.9992502
104.251000 0.4756959 0.2538892 -15.4649200 -0.0020436 -0.0371371 -0.0083760 0.9992730
104.350600 0.4466098 0.2450817 -15.0950200 -0.0026965 -0.0366467 -0.0088627 0.9992853
104.455200 0.4170347 0.2363433 -14.7266600 -0.0030816 -0.0361573 -0.0095669 0.9992956
104.558200 0.3916312 0.2279003 -14.3851400 -0.0030194 -0.0356769 -0.0098625 0.9993101
104.662200 0.3699658 0.2140665 -14.0646300 -0.0027679 -0.0353166 -0.0092668 0.9993294
104.766200 0.3512582 0.2032018 -13.7606200 -0.0023506 -0.0350181 -0.0088363 0.9993448
104.870200 0.3319222 0.1919107 -13.4743700 -0.0020817 -0.0346669 -0.0085569 0.9993601
104.974200 0.3139292 0.1822253 -13.1991400 -0.0017996 -0.0343747 -0.0088214 0.9993685
105.078600 0.2995160 0.1737489 -12.9303500 -0.0013259 -0.0341342 -0.0088133 0.9993775
105.181900 0.2860852 0.1660659 -12.6699900 -0.0003852 -0.0339684 -0.0085529 0.9993862
105.286000 0.2755991 0.1593153 -12.4108900 0.0005479 -0.0337660 -0.0083219 0.9993950
105.390000 0.2638684 0.1529288 -12.1530000 0.0007381 -0.0336259 -0.0083039 0.9993997
105.494000 0.2561202 0.1472591 -11.8967000 0.0004650 -0.0335796 -0.0082972 0.9994015
105.597900 0.2503151 0.1411226 -11.6435000 0.0002021 -0.0335173 -0.0079813 0.9994062
105.701800 0.2385751 0.1355226 -11.3910500 0.0000689 -0.0334543 -0.0077075 0.9994105
105.805700 0.2255563 0.1287714 -11.1401900 -0.0001086 -0.0334415 -0.0075019 0.9994125
105.909700 0.2115382 0.1228655 -10.8933400 -0.0001327 -0.0335241 -0.0076546 0.9994086
106.013700 0.1981649 0.1204292 -10.6448900 -0.0001707 -0.0335676 -0.0074789 0.9994085
106.117600 0.1839541 0.1141874 -10.3981400 -0.0000993 -0.0340366 -0.0070088 0.9993960
106.221500 0.1693736 0.1079282 -10.1522400 -0.0002164 -0.0354146 -0.0063133 0.9993527
106.325500 0.1512010 0.1010753 -9.9078690 -0.0002122 -0.0376370 -0.0061855 0.9992723
106.429300 0.1327650 0.0964899 -9.6650590 -0.0002679 -0.0406754 -0.0064081 0.9991518
106.533200 0.1131098 0.0920031 -9.4245130 -0.0000706 -0.0444589 -0.0065553 0.9989897
106.637700 0.0910114 0.0882731 -9.1834990 -0.0000817 -0.0482730 -0.0072155 0.9988081
106.741000 0.0654352 0.0824131 -8.9476900 -0.0000660 -0.0511383 -0.0082744 0.9986573
106.845000 0.0408307 0.0740682 -8.7135650 0.0001081 -0.0534855 -0.0090021 0.9985280
106.949400 0.0168597 0.0689529 -8.4767070 0.0002399 -0.0559426 -0.0085246 0.9983976
107.052900 -0.0081307 0.0653196 -8.2425870 0.0002640 -0.0584428 -0.0079460 0.9982591
107.156800 -0.0370814 0.0622421 -8.0088710 0.0003397 -0.0604595 -0.0084460 0.9981349
107.260700 -0.0708621 0.0579385 -7.7783890 0.0004904 -0.0616134 -0.0097571 0.9980523
107.364700 -0.1055715 0.0505747 -7.5499180 0.0006674 -0.0618928 -0.0108989 0.9980231
107.468800 -0.1332081 0.0449382 -7.3213850 0.0008053 -0.0615235 -0.0109206 0.9980456
107.572800 -0.1584155 0.0406673 -7.0940300 0.0007335 -0.0608628 -0.0106857 0.9980887
107.676800 -0.1817262 0.0355451 -6.8675890 0.0006000 -0.0600070 -0.0102823 0.9981448
107.780900 -0.2082007 0.0260770 -6.6382550 0.0003929 -0.0588851 -0.0103773 0.9982107
107.885000 -0.2343012 0.0168991 -6.4126900 0.0003102 -0.0576293 -0.0103013 0.9982849
107.989000 -0.2605138 0.0064871 -6.1888410 0.0006417 -0.0563907 -0.0101549 0.9983569
108.093000 -0.2848702 -0.0029953 -5.9658680 0.0007090 -0.0550423 -0.0100569 0.9984331
108.197100 -0.3079171 -0.0125799 -5.7422970 0.0006169 -0.0534490 -0.0101635 0.9985187
108.301100 -0.3276403 -0.0212083 -5.5193280 0.0005857 -0.0515369 -0.0100177 0.9986207
108.405100 -0.3442492 -0.0277668 -5.2960440 0.0005897 -0.0494483 -0.0099911 0.9987265
108.509100 -0.3603525 -0.0336588 -5.0689790 0.0009877 -0.0474634 -0.0099260 0.9988232
108.613000 -0.3761889 -0.0401751 -4.8338490 0.0019317 -0.0454106 -0.0098687 0.9989178
108.717000 -0.3883831 -0.0440825 -4.5868750 0.0026878 -0.0431467 -0.0095610 0.9990194
108.821000 -0.4015895 -0.0485226 -4.3280400 0.0028663 -0.0408592 -0.0093907 0.9991167
108.925000 -0.4129028 -0.0518474 -4.0575740 0.0026916 -0.0384443 -0.0091402 0.9992153
109.028800 -0.4240876 -0.0569639 -3.7760900 0.0025892 -0.0360264 -0.0087147 0.9993095
109.132800 -0.4312891 -0.0630866 -3.4831700 0.0021548 -0.0335404 -0.0077589 0.9994049
109.236800 -0.4408512 -0.0699019 -3.1816430 0.0014240 -0.0309021 -0.0068745 0.9994978
109.340700 -0.4540060 -0.0754468 -2.8727320 0.0007497 -0.0284764 -0.0063350 0.9995741
109.444700 -0.4645429 -0.0806529 -2.5559000 0.0004493 -0.0261335 -0.0058959 0.9996410
109.548600 -0.4725894 -0.0831459 -2.2312730 0.0000953 -0.0240036 -0.0059385 0.9996942
109.652600 -0.4804756 -0.0873347 -1.8969970 -0.0003851 -0.0218819 -0.0059570 0.9997427
109.756500 -0.4879376 -0.0933525 -1.5562770 -0.0009093 -0.0197995 -0.0054638 0.9997886
109.860500 -0.4929063 -0.0999006 -1.2068770 -0.0011064 -0.0180432 -0.0046252 0.9998259
109.964400 -0.4949177 -0.1050763 -0.8506597 -0.0002564 -0.0167668 -0.0033593 0.9998538
110.068200 -0.4997101 -0.1105933 -0.4851712 0.0008975 -0.0159873 -0.0026884 0.9998682
110.172100 -0.5088378 -0.1157865 -0.1088576 0.0020351 -0.0152987 -0.0033255 0.9998754
110.276000 -0.5209827 -0.1196282 0.2785206 0.0020496 -0.0140269 -0.0050071 0.9998870
110.380000 -0.5115556 -0.1105472 0.6797468 0.0015082 -0.0113484 -0.0075142 0.9999062
110.484000 -0.4737364 -0.0922449 1.0889000 0.0010489 -0.0074144 -0.0065289 0.9999506
110.587800 -0.4339981 -0.0876990 1.4921170 0.0009580 -0.0035075 -0.0023032 0.9999907
110.691700 -0.3883676 -0.0866064 1.8903610 0.0021887 -0.0016920 0.0020607 0.9999940
110.795600 -0.3696291 -0.0941349 2.2815060 0.0038599 -0.0032039 0.0039098 0.9999798
110.899200 -0.3685772 -0.0961958 2.6692120 0.0048980 -0.0087956 0.0020732 0.9999472
111.002900 -0.3877857 -0.0975722 3.0506600 0.0067389 -0.0170706 -0.0005299 0.9998314
111.106600 -0.4147316 -0.0994854 3.4285790 0.0085086 -0.0257933 -0.0043078 0.9996218
111.210200 -0.4428038 -0.1044886 3.8030630 0.0094514 -0.0352521 -0.0047204 0.9993226
111.314000 -0.4733750 -0.1130000 4.1753340 0.0093220 -0.0468088 -0.0027985 0.9988564
111.417700 -0.5212578 -0.1244534 4.5458010 0.0061626 -0.0588347 -0.0029319 0.9982444
111.521300 -0.5907949 -0.1371187 4.9092450 0.0027962 -0.0714807 -0.0057593 0.9974214
111.625100 -0.6694622 -0.1454802 5.2628750 0.0009478 -0.0846055 -0.0083579 0.9963790
111.728700 -0.7540070 -0.1526452 5.6086780 0.0000539 -0.0976100 -0.0096654 0.9951778
111.832500 -0.8389403 -0.1577788 5.9515910 -0.0016444 -0.1097069 -0.0101363 0.9939109
111.936400 -0.9296743 -0.1628340 6.2919460 -0.0031874 -0.1202973 -0.0097065 0.9926853
112.040200 -1.0320080 -0.1682553 6.6264230 -0.0047776 -0.1273498 -0.0120108 0.9917736
112.144200 -1.1359600 -0.1742996 6.9585120 -0.0062349 -0.1314961 -0.0155576 0.9911750
112.248300 -1.2293400 -0.1749966 7.2894110 -0.0074416 -0.1325578 -0.0177268 0.9909888
112.352500 -1.3128620 -0.1762270 7.6176340 -0.0073651 -0.1303000 -0.0184948 0.9912747
112.456700 -1.3838080 -0.1783610 7.9441450 -0.0073879 -0.1264030 -0.0173585 0.9917996
112.561000 -1.4386070 -0.1800396 8.2493840 -0.0093191 -0.1223228 -0.0144828 0.9923409
112.665100 -1.4853190 -0.1784785 8.5210810 -0.0104810 -0.1175511 -0.0129449 0.9929271
112.769200 -1.5310940 -0.1800686 8.7513450 -0.0112163 -0.1124089 -0.0136796 0.9935046
112.873300 -1.5654700 -0.1843807 8.9469370 -0.0112655 -0.1075003 -0.0141349 0.9940407
112.977500 -1.5893830 -0.1876084 9.1065800 -0.0105659 -0.1026615 -0.0139528 0.9945624
113.081600 -1.6037890 -0.1880929 9.2321850 -0.0100750 -0.0987500 -0.0126193 0.9949812
113.185700 -1.6157950 -0.1881750 9.3246320 -0.0095865 -0.0961146 -0.0117055 0.9952553
113.289700 -1.6265970 -0.1885721 9.3808660 -0.0091216 -0.0941661 -0.0119330 0.9954432
113.393700 -1.6349670 -0.1888051 9.4054720 -0.0083307 -0.0932540 -0.0123559 0.9955308
113.497700 -1.6358520 -0.1890361 9.4048380 -0.0081196 -0.0933747 -0.0122909 0.9955221
113.601700 -1.6368070 -0.1924645 9.3869560 -0.0069563 -0.0935749 -0.0125460 0.9955089
113.705700 -1.6375580 -0.1977199 9.3787780 -0.0044839 -0.0933967 -0.0126449 0.9955386
113.809700 -1.6403320 -0.1993791 9.3761670 -0.0029898 -0.0935539 -0.0124633 0.9955317
113.913600 -1.6411270 -0.1963128 9.3724640 -0.0032422 -0.0935531 -0.0123067 0.9955329
114.017600 -1.6431070 -0.1932542 9.3695840 -0.0036503 -0.0934316 -0.0122710 0.9955434
114.121600 -1.6435400 -0.1932834 9.3710500 -0.0038871 -0.0936029 -0.0122787 0.9955263
114.225600 -1.6437260 -0.1924916 9.3702810 -0.0042252 -0.0935342 -0.0124731 0.9955290
114.329600 -1.6435550 -0.1910780 9.3674530 -0.0041672 -0.0935470 -0.0125031 0.9955276
