0.000000 0.0000000 -0.0000000 0.0000000 0.0000000 0.0000000 0.0000000 1.0000000
0.104499 -0.0140175 -0.0282032 1.1989980 0.0000647 -0.0003423 -0.0003586 0.9999999
0.207793 -0.0278736 -0.0560812 2.3841810 0.0001296 -0.0006847 -0.0007172 0.9999995
0.311634 -0.0418032 -0.0841063 3.5756280 0.0001948 -0.0010270 -0.0010758 0.9999989
0.415494 -0.0557354 -0.1121362 4.7672910 0.0002602 -0.0013693 -0.0014344 0.9999980
0.519644 -0.0697067 -0.1402442 5.9622830 0.0003246 -0.0017047 -0.0017857 0.9999969
0.623401 -0.0836255 -0.1682458 7.1527690 0.0003907 -0.0020481 -0.0021454 0.9999955
0.727346 -0.0975696 -0.1962977 8.3454000 0.0004570 -0.0023911 -0.0025047 0.9999939
0.831180 -0.1114989 -0.2243193 9.5367620 0.0005231 -0.0027318 -0.0028616 0.9999920
0.935030 -0.1254307 -0.2523452 10.7283200 0.0005895 -0.0030728 -0.0032187 0.9999899
1.038877 -0.1393621 -0.2803697 11.9198300 0.0006562 -0.0034140 -0.0035761 0.9999876
1.142774 -0.1533004 -0.3084073 13.1119100 0.0007229 -0.0037539 -0.0039320 0.9999850
1.246636 -0.1671408 -0.3362948 14.3034800 0.0007777 -0.0040795 -0.0042223 0.9999825
1.350553 -0.1818140 -0.3654237 15.4965900 0.0009436 -0.0045515 -0.0051131 0.9999761
1.454410 -0.1950729 -0.3924445 16.6875800 0.0009151 -0.0047752 -0.0049759 0.9999758
1.558293 -0.2081761 -0.4191514 17.8810400 0.0007508 -0.0050738 -0.0046923 0.9999758
1.662157 -0.2220687 -0.4450814 19.0766300 0.0005498 -0.0053159 -0.0045209 0.9999755
1.766057 -0.2372951 -0.4715143 20.2701900 0.0010125 -0.0056635 -0.0046422 0.9999727
1.870090 -0.2531559 -0.4977817 21.4646800 0.0015329 -0.0059080 -0.0045134 0.9999712
1.973923 -0.2707637 -0.5247441 22.6588300 0.0012357 -0.0063140 -0.0048147 0.9999677
2.077874 -0.2887908 -0.5527301 23.8529600 0.0011714 -0.0066745 -0.0049324 0.9999649
2.181756 -0.3071147 -0.5812326 25.0468400 0.0015562 -0.0071295 -0.0049370 0.9999612
2.285652 -0.3273512 -0.6069839 26.2431000 0.0013898 -0.0075455 -0.0050679 0.9999577
2.389627 -0.3472488 -0.6329432 27.4416800 0.0003039 -0.0079036 -0.0046304 0.9999580
2.493488 -0.3677985 -0.6565642 28.6371200 0.0001998 -0.0083520 -0.0043074 0.9999558
2.597363 -0.3892136 -0.6824261 29.8283000 0.0008872 -0.0087569 -0.0040006 0.9999533
2.701441 -0.4112762 -0.7087202 31.0279400 0.0012867 -0.0092524 -0.0037434 0.9999494
2.806098 -0.4357161 -0.7356474 32.2319300 0.0012909 -0.0096250 -0.0039488 0.9999450
2.909338 -0.4596533 -0.7632533 33.4202400 0.0010123 -0.0099558 -0.0037125 0.9999430
3.013136 -0.4846981 -0.7915945 34.6148000 0.0008814 -0.0102772 -0.0035886 0.9999404
3.117132 -0.5098190 -0.8182722 35.8125600 0.0008406 -0.0105266 -0.0032108 0.9999391
3.221000 -0.5367057 -0.8457827 37.0092800 0.0008425 -0.0108231 -0.0032442 0.9999358
3.324990 -0.5627412 -0.8734675 38.2069000 0.0005890 -0.0109242 -0.0028045 0.9999362
3.428991 -0.5904619 -0.9001114 39.4054900 -0.0000131 -0.0108785 -0.0028648 0.9999367
3.533061 -0.6181703 -0.9268582 40.6024400 -0.0004824 -0.0108067 -0.0030957 0.9999367
3.636879 -0.6466319 -0.9531287 41.7987100 -0.0002702 -0.0107792 -0.0034945 0.9999358
3.740870 -0.6756680 -0.9776312 42.9959200 -0.0002184 -0.0107270 -0.0039094 0.9999348
3.844868 -0.7080160 -1.0004120 44.1956300 -0.0009551 -0.0104938 -0.0053892 0.9999300
3.948871 -0.7358613 -1.0203650 45.3956300 -0.0025176 -0.0096988 -0.0055132 0.9999346
4.052745 -0.7617275 -1.0374440 46.5961200 -0.0038850 -0.0088259 -0.0057846 0.9999368
4.156747 -0.7844470 -1.0512070 47.8014900 -0.0055350 -0.0079441 -0.0059165 0.9999356
4.260741 -0.8050204 -1.0640920 49.0045400 -0.0065921 -0.0072949 -0.0057557 0.9999351
4.364619 -0.8220020 -1.0738500 50.2034800 -0.0057369 -0.0065566 -0.0049243 0.9999499
4.468620 -0.8402902 -1.0853150 51.4045700 -0.0045805 -0.0060227 -0.0051716 0.9999580
4.572617 -0.8594630 -1.0982860 52.6058300 -0.0044880 -0.0056178 -0.0057487 0.9999576
4.676494 -0.8753783 -1.1126350 53.8112500 -0.0042580 -0.0055942 -0.0052630 0.9999614
4.780371 -0.8928730 -1.1278830 55.0152000 -0.0039019 -0.0059621 -0.0049299 0.9999625
4.884244 -0.9118602 -1.1431520 56.2202700 -0.0038741 -0.0067297 -0.0050103 0.9999573
4.988118 -0.9332309 -1.1606870 57.4277700 -0.0046327 -0.0074963 -0.0050143 0.9999486
5.091994 -0.9562150 -1.1756550 58.6326200 -0.0048223 -0.0079787 -0.0050086 0.9999440
5.195994 -0.9814360 -1.1902780 59.8385700 -0.0046894 -0.0083992 -0.0054875 0.9999387
5.299899 -1.0067150 -1.2056000 61.0420900 -0.0046267 -0.0087553 -0.0056823 0.9999348
5.403745 -1.0311260 -1.2213200 62.2456300 -0.0043532 -0.0088400 -0.0053623 0.9999371
5.507756 -1.0538630 -1.2374830 63.4474700 -0.0038673 -0.0089438 -0.0047200 0.9999414
5.611618 -1.0784730 -1.2517010 64.6475500 -0.0043357 -0.0091216 -0.0045054 0.9999388
5.715493 -1.1031930 -1.2671010 65.8504000 -0.0054292 -0.0092397 -0.0044918 0.9999325
5.819513 -1.1295380 -1.2811120 67.0476100 -0.0047045 -0.0093877 -0.0047184 0.9999337
5.923372 -1.1576800 -1.2939220 68.2410700 -0.0038549 -0.0094223 -0.0054805 0.9999332
6.027387 -1.1869300 -1.3094170 69.4352700 -0.0039277 -0.0094667 -0.0065617 0.9999259
6.131261 -1.2153160 -1.3246780 70.6261600 -0.0040484 -0.0094373 -0.0074647 0.9999194
6.235244 -1.2432260 -1.3394560 71.8160000 -0.0042799 -0.0093351 -0.0082893 0.9999129
6.339121 -1.2685670 -1.3557430 73.0021900 -0.0047436 -0.0088520 -0.0084906 0.9999135
6.443120 -1.2928380 -1.3714700 74.1874900 -0.0050346 -0.0078236 -0.0093271 0.9999132
6.547122 -1.3102520 -1.3901250 75.3655400 -0.0046566 -0.0064990 -0.0090418 0.9999272
6.651123 -1.3201380 -1.4075150 76.5407900 -0.0019017 -0.0053270 -0.0073097 0.9999573
6.755121 -1.3309200 -1.4270850 77.7163000 -0.0010535 -0.0041004 -0.0075912 0.9999622
6.859122 -1.3379500 -1.4487970 78.8946000 -0.0029977 -0.0026505 -0.0072432 0.9999658
6.963119 -1.3409420 -1.4685340 80.0684300 -0.0039742 -0.0009960 -0.0072931 0.9999650
7.067120 -1.3422900 -1.4858260 81.2345400 -0.0028642 0.0010044 -0.0075158 0.9999671
7.171120 -1.3356510 -1.5060960 82.3991300 -0.0015891 0.0027407 -0.0070720 0.9999700
7.275124 -1.3238650 -1.5303120 83.5580100 0.0003415 0.0044333 -0.0063623 0.9999699
7.379122 -1.3092680 -1.5554720 84.7174500 0.0008805 0.0060768 -0.0059307 0.9999636
7.483122 -1.2929930 -1.5805870 85.8769600 -0.0000787 0.0078901 -0.0058387 0.9999518
7.587125 -1.2731210 -1.6050740 87.0311400 -0.0005429 0.0098063 -0.0063908 0.9999313
7.691125 -1.2471310 -1.6306730 88.1838300 0.0006062 0.0116468 -0.0062156 0.9999127
7.795143 -1.2166710 -1.6561630 89.3333600 0.0018878 0.0132930 -0.0060380 0.9998916
7.899123 -1.1827450 -1.6831630 90.4834400 0.0020781 0.0149243 -0.0060764 0.9998680
8.003122 -1.1441280 -1.7104190 91.6365500 0.0014661 0.0163568 -0.0054090 0.9998505
8.107122 -1.1017500 -1.7360860 92.7912900 0.0008044 0.0177523 -0.0050409 0.9998294
8.211127 -1.0560150 -1.7606500 93.9471300 -0.0001236 0.0191250 -0.0046471 0.9998063
8.315124 -1.0061190 -1.7850710 95.1026200 -0.0006999 0.0203482 -0.0040939 0.9997843
8.419122 -0.9539660 -1.8095430 96.2553800 0.0003861 0.0214878 -0.0034242 0.9997632
8.523125 -0.8975398 -1.8348710 97.4131700 0.0021821 0.0225884 -0.0026506 0.9997390
8.627137 -0.8410031 -1.8619160 98.5722200 0.0037528 0.0236215 -0.0027865 0.9997100
8.731123 -0.7820453 -1.8916430 99.7396800 0.0042640 0.0244352 -0.0028442 0.9996883
8.835121 -0.7233569 -1.9224570 100.9141000 0.0039544 0.0247375 -0.0028803 0.9996820
8.939122 -0.6655319 -1.9530290 102.0947000 0.0029476 0.0243615 -0.0030048 0.9996944
9.043123 -0.6077182 -1.9830930 103.2788000 0.0021406 0.0236762 -0.0026841 0.9997138
9.147125 -0.5505715 -2.0128750 104.4700000 0.0018160 0.0226754 -0.0028338 0.9997372
9.251125 -0.4977483 -2.0411180 105.6679000 0.0015188 0.0214451 -0.0029160 0.9997646
9.355001 -0.4483272 -2.0697390 106.8672000 0.0015239 0.0198916 -0.0031588 0.9997960
9.459001 -0.4053771 -2.0982820 108.0719000 0.0016704 0.0180130 -0.0038881 0.9998288
9.562998 -0.3651076 -2.1270000 109.2786000 0.0015712 0.0160585 -0.0039631 0.9998620
9.666891 -0.3290753 -2.1568530 110.4916000 0.0010103 0.0140352 -0.0042974 0.9998918
9.770876 -0.2985283 -2.1856650 111.7073000 0.0005975 0.0118724 -0.0043976 0.9999197
9.874750 -0.2726718 -2.2134020 112.9237000 0.0002214 0.0096477 -0.0044804 0.9999434
9.978770 -0.2537792 -2.2401450 114.1425000 0.0001216 0.0072511 -0.0046725 0.9999628
10.082750 -0.2415523 -2.2678040 115.3628000 0.0001116 0.0047822 -0.0050885 0.9999756
10.186620 -0.2340717 -2.2968300 116.5860000 0.0002507 0.0023032 -0.0053463 0.9999830
10.290630 -0.2325711 -2.3275750 117.8116000 0.0005421 -0.0000215 -0.0057906 0.9999831
10.394630 -0.2372931 -2.3580010 119.0399000 0.0006907 -0.0018660 -0.0067094 0.9999755
10.498620 -0.2464440 -2.3881480 120.2714000 0.0005918 -0.0029251 -0.0078831 0.9999645
10.602630 -0.2562318 -2.4174240 121.5013000 0.0007332 -0.0034085 -0.0083588 0.9999590
10.706750 -0.2696789 -2.4446350 122.7424000 0.0005269 -0.0039490 -0.0094235 0.9999477
10.810750 -0.2835717 -2.4715000 123.9829000 -0.0000571 -0.0044504 -0.0101287 0.9999388
10.914750 -0.2970155 -2.4989190 125.2241000 -0.0000415 -0.0048281 -0.0101483 0.9999368
11.018750 -0.3168152 -2.5216150 126.4702000 -0.0008855 -0.0052574 -0.0117803 0.9999164
11.122750 -0.3360760 -2.5432890 127.7202000 -0.0023456 -0.0055629 -0.0125888 0.9999025
11.226750 -0.3532043 -2.5612950 128.9699000 -0.0026018 -0.0059526 -0.0120736 0.9999060
11.330770 -0.3704424 -2.5781250 130.2201000 -0.0016477 -0.0062129 -0.0119315 0.9999082
11.434620 -0.3845450 -2.5961700 131.4756000 -0.0020045 -0.0065800 -0.0105693 0.9999205
11.538630 -0.3976226 -2.6148080 132.7335000 -0.0029778 -0.0070976 -0.0093879 0.9999263
11.642630 -0.4133731 -2.6313570 133.9959000 -0.0039133 -0.0072552 -0.0079889 0.9999341
11.746630 -0.4299121 -2.6461400 135.2593000 -0.0048368 -0.0074170 -0.0071023 0.9999356
11.850630 -0.4438867 -2.6600560 136.5226000 -0.0038591 -0.0073731 -0.0049188 0.9999533
11.954620 -0.4570556 -2.6759920 137.7895000 -0.0030131 -0.0073880 -0.0035935 0.9999617
12.058500 -0.4720570 -2.6932130 139.0568000 -0.0030003 -0.0072976 -0.0028007 0.9999649
12.162500 -0.4908150 -2.7113160 140.3306000 -0.0032086 -0.0071622 -0.0027763 0.9999653
12.266520 -0.5099508 -2.7281340 141.6060000 -0.0040962 -0.0068135 -0.0029577 0.9999640
12.370380 -0.5316574 -2.7441340 142.8802000 -0.0049658 -0.0064680 -0.0042639 0.9999577
12.474370 -0.5501461 -2.7595290 144.1530000 -0.0045648 -0.0061790 -0.0043021 0.9999612
12.578370 -0.5681071 -2.7753540 145.4241000 -0.0032589 -0.0059697 -0.0044573 0.9999669
12.682250 -0.5862240 -2.7948300 146.6940000 -0.0022237 -0.0057572 -0.0045398 0.9999706
12.786250 -0.6015689 -2.8188640 147.9611000 -0.0001643 -0.0056299 -0.0039054 0.9999765
12.890250 -0.6184009 -2.8445470 149.2270000 0.0015810 -0.0053729 -0.0039538 0.9999765
12.994130 -0.6344428 -2.8750570 150.4924000 0.0021427 -0.0052879 -0.0038336 0.9999764
13.098130 -0.6492857 -2.9087570 151.7562000 0.0019491 -0.0053334 -0.0037457 0.9999769
13.202130 -0.6669047 -2.9397170 153.0248000 0.0017757 -0.0053154 -0.0040674 0.9999760
13.306000 -0.6841745 -2.9699140 154.2883000 0.0011684 -0.0054406 -0.0044733 0.9999745
13.410000 -0.7034750 -2.9976190 155.5533000 0.0008849 -0.0055668 -0.0047067 0.9999730
13.514010 -0.7212308 -3.0248850 156.8169000 0.0010110 -0.0058378 -0.0048423 0.9999707
13.617880 -0.7401339 -3.0517070 158.0778000 0.0009235 -0.0061566 -0.0050018 0.9999681
13.721880 -0.7581397 -3.0793410 159.3422000 0.0003712 -0.0065015 -0.0047216 0.9999676
13.825750 -0.7785169 -3.1073300 160.6037000 0.0002174 -0.0068317 -0.0051557 0.9999633
13.929750 -0.7989665 -3.1352620 161.8641000 0.0006861 -0.0071358 -0.0053018 0.9999602
14.033750 -0.8210143 -3.1623400 163.1262000 0.0012356 -0.0075442 -0.0055279 0.9999555
14.137750 -0.8448485 -3.1912240 164.3903000 0.0012301 -0.0078511 -0.0059474 0.9999507
14.241630 -0.8676072 -3.2218450 165.6519000 0.0015695 -0.0081792 -0.0057912 0.9999485
14.345630 -0.8915914 -3.2523290 166.9143000 0.0021708 -0.0085824 -0.0059249 0.9999433
14.449650 -0.9159259 -3.2827080 168.1765000 0.0020910 -0.0088912 -0.0060124 0.9999402
14.553630 -0.9418036 -3.3139520 169.4414000 0.0013798 -0.0092541 -0.0061812 0.9999371
14.657500 -0.9682551 -3.3446000 170.7047000 0.0011459 -0.0096254 -0.0062160 0.9999337
14.761510 -0.9957698 -3.3738480 171.9707000 0.0009961 -0.0099468 -0.0063968 0.9999296
14.865380 -1.0243190 -3.4024470 173.2343000 0.0008177 -0.0103081 -0.0066143 0.9999247
14.969380 -1.0536470 -3.4319250 174.4983000 0.0012071 -0.0106065 -0.0067228 0.9999204
15.073250 -1.0831660 -3.4612380 175.7590000 0.0015467 -0.0108257 -0.0072430 0.9999140
15.177250 -1.1119650 -3.4919320 177.0264000 0.0012905 -0.0110303 -0.0073412 0.9999114
15.281260 -1.1409400 -3.5235330 178.2891000 0.0017408 -0.0111981 -0.0073073 0.9999091
15.385130 -1.1674980 -3.5554490 179.5492000 0.0026788 -0.0112337 -0.0066598 0.9999111
15.489130 -1.1933840 -3.5870830 180.8107000 0.0024961 -0.0113771 -0.0051823 0.9999187
15.593130 -1.2209120 -3.6172170 182.0722000 0.0008767 -0.0115301 -0.0051346 0.9999200
15.697000 -1.2498190 -3.6446850 183.3367000 -0.0017027 -0.0115909 -0.0049952 0.9999189
15.801010 -1.2802670 -3.6691310 184.5934000 -0.0013186 -0.0116884 -0.0051665 0.9999175
15.905010 -1.3119190 -3.6942090 185.8431000 0.0002303 -0.0115563 -0.0060123 0.9999151
16.009010 -1.3427680 -3.7223580 187.0923000 0.0013395 -0.0117008 -0.0061682 0.9999116
16.112880 -1.3714750 -3.7526640 188.3388000 0.0012949 -0.0117889 -0.0059578 0.9999119
16.216880 -1.4008720 -3.7818610 189.5856000 0.0004721 -0.0117522 -0.0059698 0.9999130
16.320880 -1.4299130 -3.8110430 190.8308000 -0.0005247 -0.0116764 -0.0060092 0.9999136
16.424880 -1.4569200 -3.8397530 192.0697000 -0.0010040 -0.0113711 -0.0057065 0.9999186
16.528880 -1.4823470 -3.8688610 193.3035000 -0.0007703 -0.0107032 -0.0057270 0.9999260
16.632880 -1.5043870 -3.8975680 194.5344000 0.0000720 -0.0100127 -0.0050415 0.9999372
16.736760 -1.5254280 -3.9293060 195.7610000 0.0007840 -0.0093833 -0.0050214 0.9999431
16.840760 -1.5433400 -3.9621160 196.9816000 0.0011870 -0.0087052 -0.0045755 0.9999509
16.944760 -1.5613150 -3.9945230 198.1987000 0.0007529 -0.0080860 -0.0046395 0.9999563
17.048760 -1.5773370 -4.0253790 199.4115000 -0.0002565 -0.0073942 -0.0044760 0.9999626
17.152760 -1.5932250 -4.0557180 200.6192000 -0.0004654 -0.0068140 -0.0048247 0.9999650
17.256760 -1.6070520 -4.0845080 201.8207000 -0.0003724 -0.0062705 -0.0047215 0.9999691
17.360750 -1.6195690 -4.1126110 203.0155000 -0.0005239 -0.0057728 -0.0049117 0.9999711
17.464760 -1.6298550 -4.1421660 204.2033000 -0.0007350 -0.0052132 -0.0050405 0.9999734
17.568750 -1.6396980 -4.1689950 205.3821000 -0.0005659 -0.0048303 -0.0050372 0.9999755
17.672760 -1.6490740 -4.1962180 206.5525000 -0.0006215 -0.0043808 -0.0050594 0.9999774
17.776760 -1.6559740 -4.2235310 207.7094000 -0.0007067 -0.0040995 -0.0044687 0.9999814
17.880630 -1.6631620 -4.2502300 208.8522000 -0.0010002 -0.0039910 -0.0043843 0.9999819
17.984650 -1.6705170 -4.2770470 209.9818000 -0.0016915 -0.0041476 -0.0041426 0.9999814
18.088630 -1.6809160 -4.3018120 211.0937000 -0.0016742 -0.0044933 -0.0042641 0.9999794
18.192630 -1.6926090 -4.3268600 212.1907000 -0.0011817 -0.0046786 -0.0044062 0.9999786
18.296630 -1.7053860 -4.3516150 213.2749000 -0.0007343 -0.0048952 -0.0045605 0.9999773
18.400630 -1.7176590 -4.3768020 214.3453000 -0.0006377 -0.0051765 -0.0045301 0.9999761
18.504630 -1.7306410 -4.4020810 215.4046000 -0.0006747 -0.0057333 -0.0042514 0.9999743
18.608520 -1.7441770 -4.4268710 216.4482000 -0.0010510 -0.0065288 -0.0040584 0.9999699
18.712510 -1.7580970 -4.4504510 217.4854000 -0.0017804 -0.0075122 -0.0035246 0.9999640
18.816510 -1.7759590 -4.4725090 218.5077000 -0.0028603 -0.0086185 -0.0036283 0.9999522
18.920510 -1.7965490 -4.4942370 219.5114000 -0.0029213 -0.0097393 -0.0037298 0.9999413
19.024630 -1.8201900 -4.5131260 220.4950000 -0.0026040 -0.0110809 -0.0039157 0.9999275
19.128630 -1.8445270 -4.5324520 221.4612000 -0.0026260 -0.0124476 -0.0039510 0.9999113
19.232630 -1.8716010 -4.5532980 222.4026000 -0.0029561 -0.0138756 -0.0042283 0.9998904
19.336510 -1.9005040 -4.5743480 223.3228000 -0.0029471 -0.0153698 -0.0044028 0.9998678
19.440510 -1.9310800 -4.5941920 224.2192000 -0.0026068 -0.0168997 -0.0043765 0.9998442
19.544640 -1.9632260 -4.6138750 225.0932000 -0.0023775 -0.0185146 -0.0042730 0.9998166
19.648650 -1.9993210 -4.6343360 225.9462000 -0.0022683 -0.0200713 -0.0048706 0.9997841
19.752630 -2.0361100 -4.6554900 226.7758000 -0.0018338 -0.0215696 -0.0050188 0.9997531
19.856630 -2.0760630 -4.6741440 227.5885000 -0.0018748 -0.0227520 -0.0059838 0.9997215
19.960780 -2.1139520 -4.6922850 228.3820000 -0.0019594 -0.0231638 -0.0063837 0.9997094
20.064890 -2.1494290 -4.7105680 229.1590000 -0.0025413 -0.0230565 -0.0064024 0.9997104
20.168880 -2.1828360 -4.7289510 229.9166000 -0.0029594 -0.0228059 -0.0064408 0.9997148
20.273010 -2.2151720 -4.7465580 230.6577000 -0.0026799 -0.0226489 -0.0063461 0.9997197
20.377010 -2.2479100 -4.7624550 231.3882000 -0.0017114 -0.0224841 -0.0066021 0.9997239
20.481150 -2.2788130 -4.7789210 232.1156000 -0.0006213 -0.0220643 -0.0066336 0.9997344
20.585260 -2.3091400 -4.7956550 232.8383000 0.0000569 -0.0214977 -0.0066594 0.9997467
20.689270 -2.3385530 -4.8131780 233.5600000 0.0002984 -0.0207596 -0.0070268 0.9997598
20.793380 -2.3648000 -4.8305310 234.2776000 0.0004173 -0.0199106 -0.0067450 0.9997789
20.897510 -2.3895770 -4.8479590 234.9915000 0.0004132 -0.0189855 -0.0066524 0.9997975
21.001510 -2.4147060 -4.8648660 235.7021000 0.0004439 -0.0179632 -0.0066915 0.9998162
21.105630 -2.4371610 -4.8815790 236.4085000 0.0005785 -0.0169094 -0.0065659 0.9998353
21.209640 -2.4582700 -4.8969190 237.1116000 0.0004489 -0.0154708 -0.0066203 0.9998583
21.313760 -2.4752180 -4.9121320 237.8114000 0.0001729 -0.0138628 -0.0061578 0.9998849
21.417760 -2.4892430 -4.9296470 238.5076000 -0.0000739 -0.0124170 -0.0056337 0.9999070
21.521880 -2.5015430 -4.9475540 239.1999000 -0.0001809 -0.0109164 -0.0054932 0.9999253
21.626010 -2.5119490 -4.9655620 239.8878000 -0.0000365 -0.0094371 -0.0052999 0.9999414
21.730010 -2.5202930 -4.9817400 240.5753000 0.0001901 -0.0079970 -0.0051924 0.9999545
21.834140 -2.5282030 -4.9982100 241.2639000 0.0006541 -0.0065216 -0.0056759 0.9999624
21.938260 -2.5343520 -5.0156600 241.9573000 0.0009917 -0.0050873 -0.0056356 0.9999707
22.042260 -2.5383480 -5.0320440 242.6535000 0.0005377 -0.0036647 -0.0056507 0.9999772
22.146400 -2.5433930 -5.0481700 243.3559000 0.0002048 -0.0023796 -0.0059072 0.9999797
22.250510 -2.5455960 -5.0642820 244.0590000 0.0002867 -0.0012281 -0.0057779 0.9999825
22.354510 -2.5468520 -5.0802950 244.7634000 0.0008915 -0.0000806 -0.0056964 0.9999834
22.458660 -2.5466190 -5.0947830 245.4715000 0.0021879 0.0007840 -0.0057878 0.9999805
22.562760 -2.5455760 -5.1090380 246.1863000 0.0029607 0.0012613 -0.0054193 0.9999801
22.666760 -2.5437340 -5.1261430 246.9081000 0.0033765 0.0013547 -0.0053818 0.9999789
22.770760 -2.5420560 -5.1451910 247.6359000 0.0034892 0.0014420 -0.0050021 0.9999804
22.874760 -2.5418960 -5.1645850 248.3695000 0.0035771 0.0015307 -0.0054577 0.9999775
22.978890 -2.5422040 -5.1853820 249.1114000 0.0039228 0.0016835 -0.0058739 0.9999736
23.082900 -2.5409440 -5.2059790 249.8573000 0.0049198 0.0017911 -0.0055351 0.9999710
23.186890 -2.5354030 -5.2273700 250.6100000 0.0058246 0.0019762 -0.0036495 0.9999744
23.290890 -2.5292590 -5.2463050 251.3708000 0.0063043 0.0021361 -0.0019981 0.9999758
23.395010 -2.5294750 -5.2638720 252.1450000 0.0047647 0.0024347 -0.0028054 0.9999817
23.499010 -2.5344120 -5.2829560 252.9289000 0.0017170 0.0027660 -0.0050001 0.9999822
23.603010 -2.5317300 -5.3002220 253.7160000 -0.0006357 0.0031908 -0.0048800 0.9999828
23.707160 -2.5228270 -5.3161530 254.5107000 0.0003246 0.0041348 -0.0041410 0.9999828
23.811130 -2.5168950 -5.3287910 255.3056000 0.0035076 0.0061118 -0.0046843 0.9999642
23.915260 -2.5089080 -5.3452940 256.1119000 0.0057957 0.0080885 -0.0057303 0.9999341
24.019270 -2.4958540 -5.3644070 256.9296000 0.0057214 0.0096944 -0.0064544 0.9999158
24.123280 -2.4764370 -5.3857750 257.7578000 0.0044323 0.0113166 -0.0057870 0.9999094
24.227390 -2.4519080 -5.4068720 258.5928000 0.0028651 0.0127729 -0.0042800 0.9999052
24.331390 -2.4262740 -5.4250490 259.4295000 0.0019806 0.0141170 -0.0030475 0.9998937
24.435530 -2.4018310 -5.4452880 260.2685000 0.0017034 0.0157055 -0.0029387 0.9998709
24.539510 -2.3774520 -5.4674490 261.1028000 0.0026876 0.0169846 -0.0040405 0.9998440
24.643640 -2.3479090 -5.4885130 261.9398000 0.0038501 0.0181643 -0.0042466 0.9998186
24.747640 -2.3155860 -5.5095750 262.7787000 0.0040536 0.0194629 -0.0044005 0.9997927
24.851760 -2.2827430 -5.5332990 263.6212000 0.0030828 0.0209215 -0.0048670 0.9997645
24.955760 -2.2492920 -5.5575750 264.4631000 0.0020970 0.0225723 -0.0056452 0.9997271
25.059780 -2.2116710 -5.5801690 265.3026000 0.0020692 0.0239545 -0.0059161 0.9996934
25.163760 -2.1690310 -5.6015560 266.1456000 0.0024521 0.0252834 -0.0058386 0.9996603
25.267760 -2.1206010 -5.6227510 266.9886000 0.0026513 0.0265805 -0.0050296 0.9996305
25.371770 -2.0709290 -5.6423880 267.8345000 0.0024084 0.0274844 -0.0035293 0.9996131
25.475770 -2.0201520 -5.6623130 268.6821000 0.0023677 0.0279393 -0.0027954 0.9996029
25.579770 -1.9723360 -5.6839490 269.5293000 0.0023823 0.0282277 -0.0024180 0.9995958
25.683760 -1.9238260 -5.7059210 270.3816000 0.0023435 0.0284832 -0.0023586 0.9995887
25.787650 -1.8756880 -5.7269870 271.2341000 0.0021267 0.0284709 -0.0023526 0.9995896
25.891640 -1.8294520 -5.7501540 272.0891000 0.0018179 0.0282000 -0.0026370 0.9995972
25.995520 -1.7833370 -5.7731080 272.9432000 0.0021877 0.0276399 -0.0024443 0.9996126
26.099520 -1.7411980 -5.7938060 273.7954000 0.0026145 0.0268445 -0.0024973 0.9996331
26.203510 -1.7008450 -5.8149120 274.6511000 0.0030814 0.0260290 -0.0028801 0.9996523
26.307390 -1.6606630 -5.8358840 275.5035000 0.0031227 0.0253141 -0.0034274 0.9996688
26.411390 -1.6226690 -5.8582380 276.3544000 0.0031716 0.0245172 -0.0039902 0.9996864
26.515270 -1.5855790 -5.8797090 277.2037000 0.0029361 0.0234069 -0.0042392 0.9997127
26.619260 -1.5506320 -5.9011490 278.0516000 0.0022054 0.0220306 -0.0041637 0.9997462
26.723140 -1.5178630 -5.9219040 278.8967000 0.0010558 0.0199723 -0.0034918 0.9997939
26.827140 -1.4893050 -5.9419180 279.7354000 0.0000548 0.0176011 -0.0029111 0.9998408
26.931140 -1.4662420 -5.9607500 280.5687000 -0.0006431 0.0152217 -0.0026763 0.9998804
27.035140 -1.4477570 -5.9780250 281.3897000 -0.0009409 0.0128537 -0.0024694 0.9999139
27.139140 -1.4318950 -5.9944100 282.2031000 -0.0012910 0.0105852 -0.0022275 0.9999407
27.243260 -1.4190540 -6.0108470 283.0036000 -0.0014004 0.0082434 -0.0017206 0.9999636
27.347260 -1.4120860 -6.0266870 283.7879000 -0.0012580 0.0061797 -0.0015180 0.9999790
27.451390 -1.4112520 -6.0401700 284.5553000 -0.0012108 0.0041918 -0.0017286 0.9999890
27.555390 -1.4143170 -6.0539880 285.3052000 -0.0012504 0.0022756 -0.0018929 0.9999948
27.659410 -1.4177790 -6.0691670 286.0359000 -0.0013249 0.0003805 -0.0017677 0.9999975
27.763390 -1.4234170 -6.0851250 286.7440000 -0.0009534 -0.0017230 -0.0013313 0.9999972
27.867410 -1.4358220 -6.1013800 287.4331000 -0.0002493 -0.0041870 -0.0019057 0.9999894
27.971390 -1.4544410 -6.1174540 288.1005000 0.0006898 -0.0073467 -0.0027203 0.9999691
28.075410 -1.4776490 -6.1326050 288.7511000 0.0015867 -0.0114312 -0.0031600 0.9999284
28.179260 -1.5063730 -6.1493960 289.3890000 0.0020885 -0.0165675 -0.0031193 0.9998557
28.283270 -1.5456170 -6.1670370 290.0173000 0.0022302 -0.0232560 -0.0033553 0.9997214
28.387040 -1.5971570 -6.1824530 290.6281000 0.0017993 -0.0314192 -0.0038403 0.9994973
28.490900 -1.6650440 -6.1969640 291.2300000 0.0014478 -0.0412263 -0.0051812 0.9991354
28.594790 -1.7423780 -6.2101960 291.8062000 0.0014939 -0.0524064 -0.0060533 0.9986064
28.698520 -1.8344880 -6.2242470 292.3790000 0.0015512 -0.0650361 -0.0068059 0.9978585
28.802270 -1.9429940 -6.2370150 292.9374000 0.0013916 -0.0788697 -0.0076050 0.9968550
28.906040 -2.0679970 -6.2478530 293.4679000 0.0008574 -0.0941184 -0.0083029 0.9955260
29.009770 -2.2095380 -6.2576660 293.9981000 -0.0000627 -0.1110633 -0.0082260 0.9937793
29.113510 -2.3679020 -6.2710750 294.5121000 -0.0009747 -0.1292973 -0.0082621 0.9915710
29.217280 -2.5433750 -6.2852700 294.9879000 -0.0021821 -0.1483872 -0.0088575 0.9888873
29.321000 -2.7393920 -6.2976310 295.4667000 -0.0033302 -0.1683682 -0.0095344 0.9856724
29.424640 -2.9490470 -6.3079410 295.9018000 -0.0043561 -0.1890502 -0.0097509 0.9819093
29.528390 -3.1785420 -6.3146040 296.3492000 -0.0053278 -0.2103984 -0.0095671 0.9775544
29.632160 -3.4255720 -6.3209800 296.7828000 -0.0059888 -0.2327158 -0.0092988 0.9724819
29.735770 -3.6873330 -6.3282310 297.1641000 -0.0066767 -0.2559291 -0.0088814 0.9666317
29.839540 -3.9689580 -6.3327600 297.5634000 -0.0075429 -0.2798314 -0.0082123 0.9599844
29.943280 -4.2685590 -6.3369920 297.9439000 -0.0085598 -0.3044168 -0.0079519 0.9524673
30.047140 -4.5863210 -6.3394440 298.2617000 -0.0088544 -0.3293965 -0.0086137 0.9441109
30.150890 -4.9226540 -6.3451840 298.5997000 -0.0092754 -0.3549522 -0.0079931 0.9348043
30.254640 -5.2703230 -6.3478140 298.8694000 -0.0108331 -0.3812196 -0.0068983 0.9243953
30.358390 -5.6355760 -6.3439820 299.1672000 -0.0136756 -0.4085533 -0.0050985 0.9126178
30.462040 -6.0143930 -6.3399640 299.4337000 -0.0157939 -0.4366752 -0.0041254 0.8994711
30.565790 -6.4043910 -6.3323100 299.6092000 -0.0168703 -0.4648584 -0.0052158 0.8852089
30.669520 -6.8088740 -6.3312760 299.8050000 -0.0170850 -0.4923632 -0.0085733 0.8701799
30.773400 -7.2164050 -6.3260980 299.9751000 -0.0171216 -0.5194889 -0.0109749 0.8542352
30.877140 -7.6200910 -6.3156330 300.0619000 -0.0172667 -0.5461859 -0.0118746 0.8374018
30.980890 -8.0272280 -6.3045760 300.1811000 -0.0182306 -0.5719714 -0.0122323 0.8199797
31.084770 -8.4361510 -6.2923080 300.2200000 -0.0199593 -0.5969767 -0.0126862 0.8019099
31.188640 -8.8497530 -6.2828880 300.2873000 -0.0216200 -0.6212892 -0.0136280 0.7831645
31.292410 -9.2702890 -6.2712130 300.3291000 -0.0233535 -0.6456646 -0.0140370 0.7631349
31.396270 -9.6961940 -6.2569550 300.2840000 -0.0242890 -0.6698838 -0.0155317 0.7419060
31.500160 -10.1360500 -6.2425460 300.2712000 -0.0263084 -0.6935931 -0.0169626 0.7196866
31.603900 -10.5812900 -6.2243230 300.2293000 -0.0286381 -0.7168977 -0.0190652 0.6963290
31.707810 -11.0311100 -6.1995260 300.0970000 -0.0310540 -0.7398583 -0.0211266 0.6717135
31.811650 -11.4879400 -6.1782970 299.9941000 -0.0331628 -0.7619532 -0.0232643 0.6463639
31.915520 -11.9431800 -6.1501800 299.7982000 -0.0356776 -0.7830707 -0.0247709 0.6204142
32.019400 -12.4028900 -6.1235310 299.6328000 -0.0377778 -0.8032079 -0.0256423 0.5939464
32.123290 -12.8598000 -6.0947840 299.4338000 -0.0390715 -0.8221275 -0.0259027 0.5673702
32.227300 -13.3109000 -6.0637730 299.1429000 -0.0398329 -0.8399241 -0.0255082 0.5406386
32.331290 -13.7634000 -6.0283580 298.8742000 -0.0400970 -0.8562979 -0.0251557 0.5143086
32.435430 -14.2125100 -5.9897620 298.5219000 -0.0403430 -0.8713067 -0.0249381 0.4884416
32.539520 -14.6631100 -5.9501160 298.1811000 -0.0405089 -0.8845511 -0.0249310 0.4640117
32.643770 -15.1161600 -5.9135250 297.8016000 -0.0407647 -0.8960512 -0.0255561 0.4413358
32.748020 -15.5691700 -5.8719920 297.3601000 -0.0425449 -0.9063836 -0.0259662 0.4195050
32.852150 -16.0242600 -5.8309310 296.9179000 -0.0463759 -0.9163958 -0.0260074 0.3967261
32.956400 -16.4706400 -5.7834640 296.4013000 -0.0494496 -0.9260129 -0.0265736 0.3732944
33.060520 -16.9039200 -5.7377370 295.8766000 -0.0506526 -0.9348392 -0.0267851 0.3504177
33.164770 -17.3224100 -5.6923860 295.2843000 -0.0494754 -0.9429788 -0.0257145 0.3281492
33.269020 -17.7291800 -5.6454990 294.6844000 -0.0488702 -0.9502939 -0.0236131 0.3065870
33.373140 -18.1234300 -5.5963170 294.0467000 -0.0470701 -0.9569312 -0.0216303 0.2856557
33.477420 -18.5053400 -5.5507910 293.3496000 -0.0463769 -0.9628817 -0.0196243 0.2651846
33.581640 -18.8720300 -5.5093830 292.6362000 -0.0455300 -0.9682422 -0.0197216 0.2450412
33.685770 -19.2138100 -5.4729400 291.8625000 -0.0439638 -0.9733059 -0.0197690 0.2243927
33.790020 -19.5385200 -5.4354970 291.0794000 -0.0438633 -0.9778237 -0.0192196 0.2038811
33.894150 -19.8454800 -5.3971910 290.2408000 -0.0451204 -0.9818570 -0.0190650 0.1831871
33.998280 -20.1292200 -5.3646890 289.3905000 -0.0472056 -0.9853630 -0.0190016 0.1626970
34.102520 -20.3818400 -5.3304670 288.5047000 -0.0475408 -0.9884071 -0.0200140 0.1427959
34.206650 -20.6125100 -5.2961300 287.5677000 -0.0492466 -0.9909062 -0.0203907 0.1235471
34.310770 -20.8115500 -5.2650030 286.6208000 -0.0491602 -0.9930553 -0.0207465 0.1048522
34.414890 -20.9773800 -5.2318870 285.6322000 -0.0487267 -0.9948075 -0.0187199 0.0873688
34.519020 -21.1165900 -5.1982320 284.6297000 -0.0483920 -0.9961863 -0.0171792 0.0705409
34.623270 -21.2269100 -5.1696120 283.5931000 -0.0481985 -0.9971967 -0.0172647 0.0545669
34.727400 -21.3070200 -5.1433010 282.5205000 -0.0475329 -0.9979556 -0.0173337 0.0390477
34.831660 -21.3587100 -5.1182370 281.4312000 -0.0470727 -0.9984454 -0.0170266 0.0245173
34.935780 -21.3835800 -5.0920680 280.3112000 -0.0475141 -0.9986718 -0.0165132 0.0111546
35.040020 -21.3772400 -5.0686340 279.1733000 0.0460615 0.9987880 0.0172871 0.0014053
35.144150 -21.3455600 -5.0442460 278.0075000 0.0453628 0.9987271 0.0176938 0.0131624
35.248400 -21.2897600 -5.0215300 276.8295000 0.0441895 0.9985978 0.0173744 0.0234062
35.352650 -21.2092400 -5.0013580 275.6388000 0.0419460 0.9984869 0.0161137 0.0316990
35.456920 -21.1119300 -4.9832450 274.4313000 0.0394862 0.9983782 0.0155039 0.0379654
35.561270 -21.0019000 -4.9654360 273.2075000 0.0371604 0.9982967 0.0162035 0.0419553
35.665520 -20.8861700 -4.9469240 271.9630000 0.0354316 0.9982593 0.0171344 0.0439241
35.769770 -20.7768500 -4.9274650 270.7050000 0.0344964 0.9982985 0.0163037 0.0440934
35.874180 -20.6659100 -4.9060620 269.4279000 0.0333668 0.9983913 0.0156128 0.0431022
35.978280 -20.5552200 -4.8834120 268.1360000 0.0330495 0.9984462 0.0160572 0.0418939
36.082520 -20.4475900 -4.8617510 266.8306000 0.0325106 0.9985091 0.0165499 0.0406042
36.186650 -20.3458600 -4.8385160 265.5097000 0.0322797 0.9985872 0.0168770 0.0386885
36.290910 -20.2496700 -4.8177030 264.1794000 0.0314476 0.9986968 0.0176861 0.0360957
36.395030 -20.1562800 -4.7995260 262.8481000 0.0311558 0.9987831 0.0188150 0.0332806
36.499150 -20.0708500 -4.7802840 261.5173000 0.0308209 0.9988614 0.0196626 0.0306500
36.603150 -19.9932700 -4.7604910 260.1902000 0.0306523 0.9989365 0.0198378 0.0281563
36.707280 -19.9213000 -4.7386140 258.8499000 0.0300794 0.9990307 0.0194718 0.0255690
36.811280 -19.8553000 -4.7179880 257.5113000 0.0292235 0.9991296 0.0191047 0.0228271
36.915280 -19.7967500 -4.6962860 256.1702000 0.0288453 0.9992059 0.0187609 0.0200904
37.019270 -19.7459100 -4.6736740 254.8239000 0.0285159 0.9992398 0.0200366 0.0174678
37.123280 -19.7034400 -4.6483880 253.4746000 0.0287232 0.9992387 0.0216676 0.0150806
37.227300 -19.6681700 -4.6186420 252.1232000 0.0291076 0.9992591 0.0216745 0.0128170
37.331150 -19.6393400 -4.5867650 250.7731000 0.0296900 0.9992718 0.0213257 0.0109362
37.435150 -19.6136800 -4.5564150 249.4162000 0.0297877 0.9992902 0.0210486 0.0094154
37.539030 -19.5902900 -4.5291580 248.0644000 0.0298942 0.9993324 0.0193877 0.0080716
37.642900 -19.5692800 -4.5013740 246.7060000 0.0297422 0.9993696 0.0181318 0.0068538
37.746770 -19.5513400 -4.4738480 245.3382000 0.0291904 0.9993717 0.0192775 0.0057009
37.850530 -19.5380000 -4.4450030 243.9698000 0.0297236 0.9993374 0.0204609 0.0047645
37.954400 -19.5266600 -4.4113350 242.5957000 0.0297961 0.9993402 0.0203152 0.0043215
38.058150 -19.5138300 -4.3782600 241.2224000 0.0304157 0.9993180 0.0205066 0.0042367
38.162020 -19.5031800 -4.3460930 239.8385000 0.0305490 0.9993133 0.0205117 0.0043532
38.265780 -19.4932500 -4.3169960 238.4577000 0.0314474 0.9992997 0.0197608 0.0045387
38.369530 -19.4809900 -4.2864460 237.0732000 0.0321441 0.9992933 0.0188545 0.0049143
38.473280 -19.4666800 -4.2557130 235.6839000 0.0329364 0.9992598 0.0191129 0.0054452
38.577050 -19.4501400 -4.2237980 234.2911000 0.0331548 0.9992156 0.0208353 0.0058949
38.680780 -19.4304000 -4.1866920 232.8928000 0.0325886 0.9992219 0.0212562 0.0064672
38.784650 -19.4066000 -4.1529240 231.4922000 0.0319515 0.9992322 0.0216048 0.0068829
38.888400 -19.3812900 -4.1211420 230.0914000 0.0310500 0.9992612 0.0214513 0.0072646
38.992150 -19.3555500 -4.0913510 228.6877000 0.0302622 0.9992889 0.0211900 0.0075482
39.095900 -19.3323800 -4.0610830 227.2832000 0.0304108 0.9992966 0.0205629 0.0076632
39.199650 -19.3093600 -4.0312020 225.8709000 0.0303760 0.9993154 0.0196451 0.0077540
39.303400 -19.2882100 -4.0034130 224.4541000 0.0309253 0.9992921 0.0199567 0.0077894
39.407270 -19.2652600 -3.9751610 223.0339000 0.0308137 0.9992842 0.0204514 0.0079608
39.511030 -19.2409800 -3.9455630 221.6106000 0.0308865 0.9992733 0.0208449 0.0080234
39.614780 -19.2149000 -3.9157550 220.1863000 0.0303343 0.9992821 0.0212240 0.0080421
39.718530 -19.1906600 -3.8845370 218.7565000 0.0307445 0.9992686 0.0213070 0.0079357
39.822150 -19.1647400 -3.8519130 217.3282000 0.0304679 0.9992942 0.0204602 0.0080078
39.925900 -19.1405100 -3.8166920 215.8915000 0.0312979 0.9992567 0.0210171 0.0080467
40.029660 -19.1149200 -3.7838190 214.4523000 0.0314750 0.9992339 0.0218206 0.0080467
40.133400 -19.0839500 -3.7445390 213.0109000 0.0316227 0.9992355 0.0215321 0.0080545
40.237040 -19.0532000 -3.7066710 211.5703000 0.0318946 0.9992548 0.0201866 0.0080638
40.340780 -19.0220800 -3.6702040 210.1235000 0.0319873 0.9992565 0.0199817 0.0080016
40.444530 -18.9903800 -3.6341750 208.6722000 0.0316574 0.9992545 0.0205814 0.0080436
40.548280 -18.9602100 -3.5967470 207.2186000 0.0317732 0.9992723 0.0195118 0.0080436
40.652040 -18.9278600 -3.5591530 205.7582000 0.0313110 0.9992756 0.0200464 0.0081317
40.755780 -18.8961400 -3.5247880 204.2948000 0.0307251 0.9992680 0.0213355 0.0080094
40.859530 -18.8647600 -3.4876370 202.8318000 0.0305810 0.9992761 0.0211749 0.0079812
40.963300 -18.8371200 -3.4530390 201.3684000 0.0310798 0.9992616 0.0211244 0.0080062
41.067040 -18.8090400 -3.4191710 199.9091000 0.0312740 0.9992660 0.0206076 0.0080421
41.170800 -18.7808100 -3.3847830 198.4404000 0.0315377 0.9992369 0.0216725 0.0078246
41.274530 -18.7519300 -3.3506440 196.9762000 0.0312039 0.9992192 0.0230624 0.0074448
41.378300 -18.7235700 -3.3138550 195.5153000 0.0306539 0.9992354 0.0232589 0.0069300
41.482150 -18.6971800 -3.2764360 194.0556000 0.0303015 0.9992518 0.0231700 0.0063836
41.585910 -18.6712300 -3.2415130 192.6001000 0.0297147 0.9992651 0.0234612 0.0059812
41.689670 -18.6480300 -3.2050480 191.1441000 0.0297857 0.9992715 0.0232242 0.0054635
41.793530 -18.6284900 -3.1706220 189.6915000 0.0302577 0.9992725 0.0226586 0.0050473
41.897280 -18.6103700 -3.1382750 188.2429000 0.0305905 0.9992671 0.0225105 0.0047618
42.001030 -18.5941100 -3.1077030 186.7945000 0.0305214 0.9992627 0.0228517 0.0045111
42.104780 -18.5768600 -3.0758390 185.3525000 0.0304498 0.9992742 0.0225187 0.0041049
42.208530 -18.5604700 -3.0442360 183.9085000 0.0303350 0.9992675 0.0230170 0.0038144
42.312280 -18.5460000 -3.0111310 182.4687000 0.0301990 0.9992540 0.0238237 0.0034605
42.416050 -18.5334000 -2.9772670 181.0316000 0.0302253 0.9992451 0.0242374 0.0028810
42.519900 -18.5231500 -2.9421760 179.6010000 0.0301598 0.9992676 0.0234764 0.0018908
42.623660 -18.5152400 -2.9082890 178.1753000 0.0299903 0.9992847 0.0230163 0.0009220
42.727400 -18.5107200 -2.8735420 176.7507000 -0.0302853 -0.9992584 -0.0237806 0.0000000
42.831160 -18.5102500 -2.8386530 175.3373000 -0.0306957 -0.9992220 -0.0247385 0.0010840
42.934910 -18.5132600 -2.8032130 173.9296000 -0.0312212 -0.9992158 -0.0242546 0.0021737
43.038660 -18.5182900 -2.7695520 172.5375000 -0.0312713 -0.9992115 -0.0242582 0.0031702
43.142410 -18.5267100 -2.7360250 171.1562000 -0.0313646 -0.9991853 -0.0250489 0.0041952
43.246160 -18.5371000 -2.7013640 169.7919000 -0.0313817 -0.9991607 -0.0257968 0.0052583
43.349910 -18.5516900 -2.6669500 168.4471000 -0.0317602 -0.9991248 -0.0264706 0.0063482
43.453690 -18.5681000 -2.6335270 167.1265000 -0.0318640 -0.9991275 -0.0260241 0.0071920
43.557400 -18.5870400 -2.5992370 165.8218000 -0.0323137 -0.9991054 -0.0260741 0.0080203
43.661030 -18.6050300 -2.5658770 164.5390000 -0.0318707 -0.9990745 -0.0275861 0.0085703
43.764790 -18.6254200 -2.5335950 163.2792000 -0.0320783 -0.9990652 -0.0275970 0.0088402
43.868530 -18.6444400 -2.5028040 162.0471000 -0.0319138 -0.9990968 -0.0266300 0.0088318
43.972290 -18.6621100 -2.4738520 160.8371000 -0.0315489 -0.9991178 -0.0262957 0.0087636
44.075920 -18.6820700 -2.4475860 159.6532000 -0.0320250 -0.9991003 -0.0264194 0.0086631
44.179660 -18.7004300 -2.4222170 158.4929000 -0.0320737 -0.9991009 -0.0263744 0.0085484
44.283280 -18.7171500 -2.3968570 157.3598000 -0.0318608 -0.9990964 -0.0268663 0.0083307
44.387040 -18.7334400 -2.3707980 156.2503000 -0.0321002 -0.9990669 -0.0277602 0.0080109
44.490780 -18.7489200 -2.3473730 155.1689000 -0.0317950 -0.9990644 -0.0282687 0.0077605
44.594530 -18.7623100 -2.3226470 154.1173000 -0.0312008 -0.9990969 -0.0278451 0.0075166
44.698280 -18.7779000 -2.2974270 153.0881000 -0.0315077 -0.9991036 -0.0273076 0.0073195
44.802160 -18.7923900 -2.2744610 152.0873000 -0.0316995 -0.9991137 -0.0267978 0.0069929
44.905910 -18.8043700 -2.2523450 151.1111000 -0.0312421 -0.9991282 -0.0268543 0.0067509
45.009780 -18.8164200 -2.2302200 150.1621000 -0.0316413 -0.9991029 -0.0273810 0.0065230
45.113530 -18.8273800 -2.2099380 149.2397000 -0.0315238 -0.9990998 -0.0276883 0.0062650
45.217410 -18.8376600 -2.1877530 148.3393000 -0.0316804 -0.9990930 -0.0277922 0.0060869
45.321160 -18.8475400 -2.1648010 147.4612000 -0.0318107 -0.9990866 -0.0279474 0.0057359
45.425030 -18.8547600 -2.1441960 146.5989000 -0.0310875 -0.9991173 -0.0277319 0.0054014
45.528910 -18.8627900 -2.1235110 145.7538000 -0.0315736 -0.9991350 -0.0265517 0.0052345
45.632780 -18.8737600 -2.1008740 144.9223000 -0.0330583 -0.9991168 -0.0254253 0.0051381
45.736660 -18.8823900 -2.0783410 144.1037000 -0.0337588 -0.9991071 -0.0249224 0.0049244
45.840530 -18.8862700 -2.0594120 143.3024000 -0.0331802 -0.9991221 -0.0250896 0.0049598
45.944410 -18.8919500 -2.0421130 142.5198000 -0.0332896 -0.9991240 -0.0248950 0.0048166
46.048410 -18.9012600 -2.0229900 141.7522000 -0.0343961 -0.9991096 -0.0239683 0.0047329
46.152410 -18.9087200 -2.0051210 140.9929000 -0.0346830 -0.9991073 -0.0236454 0.0047566
46.256280 -18.9134800 -1.9894030 140.2422000 -0.0345213 -0.9991040 -0.0239767 0.0049548
46.360280 -18.9194500 -1.9745620 139.4994000 -0.0345477 -0.9990903 -0.0244428 0.0052488
46.464300 -18.9267700 -1.9605340 138.7654000 -0.0349193 -0.9990819 -0.0241958 0.0055227
46.568280 -18.9351100 -1.9443740 138.0440000 -0.0355901 -0.9990681 -0.0237224 0.0057836
46.672300 -18.9443800 -1.9281580 137.3298000 -0.0361690 -0.9990586 -0.0231921 0.0059937
46.776300 -18.9546400 -1.9149910 136.6214000 -0.0368897 -0.9990549 -0.0221710 0.0060787
46.880280 -18.9643100 -1.9053250 135.9170000 -0.0371257 -0.9990690 -0.0210635 0.0062590
46.984290 -18.9737200 -1.8952740 135.2161000 -0.0376428 -0.9990705 -0.0199351 0.0066144
47.088280 -18.9791100 -1.8813470 134.5169000 -0.0368799 -0.9991184 -0.0188449 0.0068611
47.192290 -18.9831100 -1.8679200 133.8197000 -0.0359640 -0.9991633 -0.0181270 0.0071204
47.296290 -18.9909700 -1.8548610 133.1238000 -0.0364235 -0.9991344 -0.0187110 0.0073280
47.400280 -19.0038900 -1.8390200 132.4286000 -0.0380281 -0.9990464 -0.0201109 0.0074616
47.504410 -19.0082000 -1.8290690 131.7402000 -0.0361708 -0.9991151 -0.0200535 0.0076518
47.608410 -19.0073800 -1.8235560 131.0599000 -0.0332362 -0.9992361 -0.0189920 0.0078645
47.712410 -19.0116900 -1.8134870 130.3774000 -0.0318569 -0.9993220 -0.0167577 0.0077314
47.816410 -19.0265600 -1.7999970 129.6926000 -0.0338243 -0.9993193 -0.0125992 0.0076289
47.920410 -19.0297600 -1.7904060 128.9952000 -0.0318876 -0.9993943 -0.0116660 0.0076174
48.024410 -19.0296800 -1.7832360 128.2867000 -0.0293547 -0.9994609 -0.0127894 0.0072543
48.128430 -19.0329100 -1.7735970 127.5639000 -0.0279443 -0.9994817 -0.0144389 0.0068557
48.232410 -19.0368900 -1.7623490 126.8317000 -0.0270874 -0.9994883 -0.0159078 0.0060332
48.336410 -19.0409300 -1.7517420 126.0904000 -0.0270589 -0.9994845 -0.0165188 0.0050720
48.440410 -19.0431000 -1.7395490 125.3386000 -0.0269799 -0.9994995 -0.0161151 0.0036194
48.544410 -19.0406000 -1.7218830 124.5754000 -0.0265557 -0.9995321 -0.0150652 0.0018235
48.648410 -19.0339800 -1.7049640 123.7928000 -0.0255778 -0.9995586 -0.0151067 0.0002739
48.752410 -19.0260900 -1.6891130 122.9911000 0.0249194 0.9995483 0.0167448 0.0013784
48.856410 -19.0173700 -1.6716080 122.1724000 0.0249856 0.9994984 0.0192023 0.0031425
48.960410 -19.0078800 -1.6513730 121.3372000 0.0258072 0.9994437 0.0205691 0.0048062
49.064530 -18.9955100 -1.6304630 120.4889000 0.0265199 0.9994085 0.0208583 0.0066577
49.168540 -18.9811000 -1.6068310 119.6223000 0.0274224 0.9993846 0.0201490 0.0085088
49.272540 -18.9623600 -1.5838630 118.7404000 0.0281428 0.9993701 0.0188595 0.0105676
49.376540 -18.9408900 -1.5623600 117.8410000 0.0292402 0.9993267 0.0183182 0.0124780
49.480540 -18.9124900 -1.5394420 116.9209000 0.0298501 0.9992785 0.0184597 0.0145155
49.584540 -18.8816400 -1.5185800 115.9843000 0.0305949 0.9992054 0.0195159 0.0164833
49.688540 -18.8456600 -1.4957400 115.0276000 0.0312676 0.9991231 0.0206602 0.0186702
49.792540 -18.8073800 -1.4726910 114.0573000 0.0327899 0.9990366 0.0205450 0.0207039
49.896540 -18.7626100 -1.4496070 113.0721000 0.0335737 0.9989823 0.0195353 0.0229260
50.000540 -18.7109600 -1.4258190 112.0705000 0.0341545 0.9989453 0.0178413 0.0249685
50.104550 -18.6546700 -1.4027790 111.0501000 0.0345856 0.9988941 0.0170360 0.0269096
50.208540 -18.5927300 -1.3820890 110.0104000 0.0345532 0.9988545 0.0171093 0.0283390
50.312540 -18.5266500 -1.3625880 108.9547000 0.0346295 0.9988278 0.0169327 0.0292750
50.416540 -18.4584500 -1.3433460 107.8847000 0.0341387 0.9988516 0.0156891 0.0297305
50.520540 -18.3897400 -1.3260900 106.7965000 0.0338864 0.9988781 0.0141638 0.0298940
50.624670 -18.3237700 -1.3075550 105.6929000 0.0348994 0.9988670 0.0125861 0.0298056
50.728660 -18.2567600 -1.2881390 104.5622000 0.0356363 0.9988288 0.0141457 0.0295119
50.832660 -18.1872500 -1.2690540 103.4111000 0.0354199 0.9987882 0.0174707 0.0293641
50.936790 -18.1173700 -1.2447310 102.2464000 0.0357117 0.9987628 0.0186293 0.0291620
51.040790 -18.0450400 -1.2199760 101.0740000 0.0352511 0.9988068 0.0174491 0.0289448
51.144790 -17.9720000 -1.1956630 99.8817100 0.0348143 0.9988483 0.0165826 0.0285486
51.248790 -17.8975600 -1.1728860 98.6717500 0.0341195 0.9988753 0.0168535 0.0282852
51.352790 -17.8250300 -1.1512220 97.4478000 0.0340754 0.9988862 0.0165273 0.0281443
51.456790 -17.7537400 -1.1267950 96.2085500 0.0344994 0.9988884 0.0160946 0.0277993
51.560790 -17.6842100 -1.1025250 94.9527500 0.0346525 0.9988741 0.0175949 0.0272071
51.664790 -17.6127000 -1.0774920 93.6774900 0.0340404 0.9988937 0.0188790 0.0263861
51.768790 -17.5436600 -1.0499720 92.3932300 0.0337543 0.9989468 0.0178390 0.0254485
51.872790 -17.4771000 -1.0222580 91.0902800 0.0333790 0.9989893 0.0178616 0.0242301
51.976790 -17.4099900 -0.9990056 89.7747700 0.0317917 0.9990760 0.0175951 0.0229510
52.080790 -17.3506500 -0.9753403 88.4541300 0.0328806 0.9991486 0.0127244 0.0214272
52.184660 -17.2933400 -0.9584784 87.1097400 0.0328482 0.9992022 0.0105858 0.0200966
52.288680 -17.2397500 -0.9440549 85.7375100 0.0328659 0.9991773 0.0146333 0.0187210
52.392670 -17.1883400 -0.9218292 84.3517100 0.0325421 0.9991565 0.0180144 0.0174004
52.496670 -17.1384700 -0.8925921 82.9564300 0.0320794 0.9991878 0.0183322 0.0160779
52.600670 -17.0908700 -0.8621183 81.5532200 0.0316182 0.9992388 0.0173470 0.0148753
52.704540 -17.0482800 -0.8330614 80.1264600 0.0315921 0.9992644 0.0168804 0.0137022
52.808540 -17.0091200 -0.8053784 78.6838200 0.0320201 0.9992602 0.0171425 0.0126481
52.912410 -16.9736200 -0.7771295 77.2277800 0.0328649 0.9992429 0.0172357 0.0116801
53.016420 -16.9389000 -0.7478602 75.7575200 0.0330059 0.9992346 0.0180600 0.0107110
53.120310 -16.9053800 -0.7187593 74.2843500 0.0326397 0.9992357 0.0192483 0.0095969
53.224160 -16.8736400 -0.6886180 72.8087100 0.0320034 0.9992364 0.0207189 0.0085499
53.328040 -16.8448700 -0.6588975 71.3345200 0.0314513 0.9992243 0.0224685 0.0075366
53.431910 -16.8211200 -0.6266962 69.8618700 0.0317342 0.9992102 0.0229684 0.0066633
53.535790 -16.7985100 -0.5936207 68.3940100 0.0317523 0.9992279 0.0223481 0.0060000
53.639670 -16.7791700 -0.5617780 66.9246200 0.0320367 0.9992321 0.0219057 0.0053759
53.743420 -16.7601900 -0.5300473 65.4569300 0.0320556 0.9992310 0.0220414 0.0048913
53.847310 -16.7412700 -0.4983233 63.9872300 0.0315724 0.9992383 0.0224822 0.0045442
53.951170 -16.7237400 -0.4662392 62.5225400 0.0314589 0.9992474 0.0222978 0.0042249
54.054920 -16.7073800 -0.4342216 61.0592800 0.0315506 0.9992749 0.0209531 0.0039051
54.158790 -16.6926100 -0.4028967 59.5885000 0.0319611 0.9992524 0.0214324 0.0037115
54.262540 -16.6772800 -0.3696661 58.1185300 0.0321795 0.9991966 0.0236060 0.0036708
54.366290 -16.6606700 -0.3318750 56.6510000 0.0323011 0.9991565 0.0250769 0.0037417
54.470160 -16.6428900 -0.2928006 55.1885500 0.0320969 0.9991690 0.0247850 0.0040988
54.573910 -16.6228600 -0.2553499 53.7351900 0.0322271 0.9992063 0.0229595 0.0045935
54.677690 -16.6008800 -0.2238776 52.2770400 0.0316555 0.9992610 0.0212134 0.0050374
54.781540 -16.5777700 -0.1950878 50.8207400 0.0315692 0.9992701 0.0208196 0.0054106
54.885290 -16.5544600 -0.1667537 49.3668300 0.0312052 0.9992634 0.0215822 0.0057533
54.989170 -16.5315400 -0.1361189 47.9113800 0.0317903 0.9992125 0.0229531 0.0060807
55.092920 -16.5059000 -0.1018661 46.4611100 0.0314926 0.9991787 0.0246752 0.0064323
55.196790 -16.4782500 -0.0668298 45.0138200 0.0307020 0.9992011 0.0247213 0.0065898
55.300540 -16.4517100 -0.0339080 43.5757300 0.0306512 0.9992567 0.0224374 0.0065727
55.404410 -16.4253500 -0.0042862 42.1369600 0.0305467 0.9992981 0.0207266 0.0063679
55.508190 -16.4018300 0.0226727 40.6978900 0.0308707 0.9992840 0.0210018 0.0061217
55.611910 -16.3800300 0.0513988 39.2617700 0.0314785 0.9992334 0.0224975 0.0059624
55.715790 -16.3567900 0.0806055 37.8248300 0.0312265 0.9992257 0.0232281 0.0057706
55.819540 -16.3324500 0.1118254 36.3968400 0.0306182 0.9992629 0.0225005 0.0054658
55.923300 -16.3075800 0.1414094 34.9700300 0.0296989 0.9992994 0.0221746 0.0051841
56.027170 -16.2847400 0.1706823 33.5444100 0.0292562 0.9993221 0.0218009 0.0049066
56.130920 -16.2640000 0.1998713 32.1247100 0.0296581 0.9993222 0.0212818 0.0047513
56.234670 -16.2460800 0.2279988 30.7078300 0.0305886 0.9992964 0.0211974 0.0046664
56.338420 -16.2298700 0.2572810 29.2847400 0.0318506 0.9992413 0.0219351 0.0046098
56.442290 -16.2127600 0.2860073 27.8676000 0.0321196 0.9992222 0.0224145 0.0045717
56.546040 -16.1948800 0.3156601 26.4573700 0.0321249 0.9992368 0.0217503 0.0045525
56.649810 -16.1748200 0.3455316 25.0501700 0.0313198 0.9992637 0.0217200 0.0043932
56.753550 -16.1536300 0.3743586 23.6461000 0.0303188 0.9992942 0.0217770 0.0041982
56.857290 -16.1340700 0.4041376 22.2483900 0.0298366 0.9993112 0.0216903 0.0040528
56.961060 -16.1162300 0.4323654 20.8565900 0.0297382 0.9992998 0.0223581 0.0039686
57.064790 -16.1004400 0.4615578 19.4725500 0.0301629 0.9992831 0.0225466 0.0038859
57.168540 -16.0865800 0.4926781 18.0884300 0.0308329 0.9992556 0.0228793 0.0037683
57.272300 -16.0725800 0.5236603 16.7084200 0.0310053 0.9992372 0.0234427 0.0037483
57.376170 -16.0573000 0.5539333 15.3329900 0.0308419 0.9992712 0.0222061 0.0035742
57.479920 -16.0403900 0.5822458 13.9623000 0.0297629 0.9993520 0.0199656 0.0033354
57.583670 -16.0195600 0.6052059 12.5950100 0.0277442 0.9994306 0.0189175 0.0032939
57.687420 -15.9998700 0.6277813 11.2215200 0.0261138 0.9994573 0.0197883 0.0034022
57.791170 -15.9818400 0.6536360 9.8529980 0.0255855 0.9994399 0.0212784 0.0035391
57.894920 -15.9675300 0.6821976 8.4873820 0.0261991 0.9994076 0.0220364 0.0035355
57.998680 -15.9576400 0.7126679 7.1227970 0.0282923 0.9993201 0.0233507 0.0036878
58.102420 -15.9495600 0.7443265 5.7637890 0.0306249 0.9992326 0.0241236 0.0037947
58.206190 -15.9387700 0.7787213 4.4003180 0.0318699 0.9992036 0.0237067 0.0038144
58.310040 -15.9259000 0.8125999 3.0389180 0.0325627 0.9992062 0.0226154 0.0038923
58.413800 -15.9091800 0.8446651 1.6760970 0.0322291 0.9992474 0.0212585 0.0037483
58.517550 -15.8896300 0.8754178 0.3089439 0.0311324 0.9992886 0.0209774 0.0035951
58.621420 -15.8712100 0.9045038 -1.0631720 0.0302742 0.9993107 0.0212001 0.0034893
58.725190 -15.8539700 0.9332548 -2.4365230 0.0298822 0.9993269 0.0210106 0.0033615
58.829070 -15.8384300 0.9601236 -3.8135950 0.0299766 0.9993434 0.0200820 0.0033015
58.932820 -15.8232000 0.9870965 -5.1923260 0.0297325 0.9993558 0.0198375 0.0032365
59.036550 -15.8082500 1.0140880 -6.5764700 0.0296414 0.9993519 0.0201694 0.0032133
59.140420 -15.7912300 1.0419560 -7.9660340 0.0289995 0.9993749 0.0199717 0.0031662
59.244170 -15.7739000 1.0707250 -9.3571390 0.0280239 0.9994022 0.0200323 0.0029411
59.348040 -15.7558600 1.1005900 -10.7552200 0.0267935 0.9994073 0.0214241 0.0028460
59.451800 -15.7385200 1.1296710 -12.1499300 0.0259426 0.9994280 0.0215243 0.0027111
59.555580 -15.7223300 1.1599220 -13.5474600 0.0257115 0.9994683 0.0198937 0.0025199
59.659420 -15.7057700 1.1887220 -14.9510300 0.0251102 0.9994932 0.0193975 0.0025495
59.763180 -15.6909000 1.2145630 -16.3591400 0.0250052 0.9994838 0.0199861 0.0027249
59.866920 -15.6751900 1.2389040 -17.7643500 0.0244195 0.9995183 0.0189504 0.0027794
59.970800 -15.6594700 1.2583780 -19.1735100 0.0239159 0.9995649 0.0170227 0.0028766
60.074550 -15.6435300 1.2791140 -20.5841500 0.0236341 0.9995786 0.0165849 0.0029875
60.178320 -15.6298600 1.2982060 -22.0039300 0.0240262 0.9995500 0.0176832 0.0031305
60.282170 -15.6178200 1.3201340 -23.4243900 0.0254758 0.9995072 0.0180260 0.0033764
60.385920 -15.6060100 1.3424750 -24.8450400 0.0264109 0.9994890 0.0176339 0.0036401
60.489670 -15.5902700 1.3625320 -26.2678300 0.0261814 0.9994916 0.0177864 0.0038438
60.593420 -15.5733100 1.3816680 -27.6879800 0.0259269 0.9995158 0.0167739 0.0038112
60.697180 -15.5540100 1.4012780 -29.1153600 0.0253747 0.9995265 0.0169705 0.0038601
60.801050 -15.5367600 1.4238440 -30.5478300 0.0251602 0.9994910 0.0191714 0.0041413
60.904800 -15.5214000 1.4505960 -31.9730900 0.0263505 0.9994532 0.0194732 0.0044328
61.008550 -15.5077200 1.4744870 -33.3961300 0.0277254 0.9994283 0.0187266 0.0048734
61.112300 -15.4932600 1.4969090 -34.8199900 0.0287015 0.9993942 0.0189820 0.0052082
61.216170 -15.4766200 1.5196350 -36.2444800 0.0293797 0.9993607 0.0196477 0.0053805
61.319920 -15.4608800 1.5427570 -37.6655800 0.0303725 0.9993279 0.0197815 0.0054727
61.423670 -15.4441000 1.5668490 -39.0821700 0.0314874 0.9992882 0.0200017 0.0056236
61.527550 -15.4266800 1.5937130 -40.4990100 0.0323858 0.9992430 0.0207571 0.0058030
61.631300 -15.4092700 1.6211460 -41.9138800 0.0333188 0.9992018 0.0212495 0.0058438
61.735050 -15.3924500 1.6473430 -43.3225900 0.0344625 0.9991958 0.0196424 0.0058502
61.838800 -15.3752300 1.6701850 -44.7246500 0.0356662 0.9992004 0.0170510 0.0059749
61.942550 -15.3569900 1.6897800 -46.1304100 0.0359663 0.9991966 0.0166089 0.0060642
62.046420 -15.3378300 1.7102570 -47.5379500 0.0360549 0.9991681 0.0180530 0.0061053
62.150170 -15.3171000 1.7336370 -48.9439800 0.0358483 0.9991678 0.0184734 0.0061094
62.253920 -15.2971500 1.7577780 -50.3466000 0.0356360 0.9991840 0.0180317 0.0060229
62.357670 -15.2769600 1.7832800 -51.7485000 0.0357286 0.9991842 0.0178284 0.0060436
62.461550 -15.2567600 1.8086970 -53.1527200 0.0353885 0.9991819 0.0186264 0.0060208
62.565300 -15.2374900 1.8339870 -54.5479400 0.0356553 0.9991947 0.0175031 0.0056833
62.669050 -15.2177100 1.8596420 -55.9495000 0.0351550 0.9992241 0.0169579 0.0052678
62.772920 -15.1994500 1.8830210 -57.3521200 0.0350415 0.9992198 0.0175948 0.0047223
62.876680 -15.1841000 1.9058880 -58.7514100 0.0354795 0.9992048 0.0176629 0.0043532
62.980550 -15.1700800 1.9278060 -60.1506900 0.0359691 0.9992021 0.0169177 0.0038955
63.084300 -15.1569700 1.9491980 -61.5493600 0.0357968 0.9992112 0.0168240 0.0035249
63.188170 -15.1422600 1.9695880 -62.9514900 0.0354940 0.9992143 0.0173559 0.0031064
63.291930 -15.1280100 1.9899500 -64.3507600 0.0351238 0.9992244 0.0175988 0.0026833
63.395800 -15.1133800 2.0103000 -65.7507400 0.0345370 0.9992424 0.0177929 0.0023022
63.499550 -15.1012100 2.0315510 -67.1465300 0.0345225 0.9992430 0.0178258 0.0019748
63.603430 -15.0914100 2.0524370 -68.5387800 0.0344633 0.9992445 0.0178779 0.0017819
63.707170 -15.0830300 2.0712340 -69.9346200 0.0349376 0.9992339 0.0175479 0.0017607
63.811050 -15.0745300 2.0873600 -71.3232600 0.0351866 0.9992486 0.0161389 0.0019365
63.914800 -15.0643800 2.1028110 -72.7083900 0.0351804 0.9992529 0.0158652 0.0020494
64.018680 -15.0538300 2.1170810 -74.0952700 0.0355901 0.9992263 0.0165789 0.0023076
64.122420 -15.0431600 2.1307230 -75.4762400 0.0363826 0.9991816 0.0174730 0.0026786
64.226180 -15.0308400 2.1465540 -76.8564200 0.0368658 0.9991405 0.0186776 0.0032249
64.330050 -15.0167800 2.1634600 -78.2264600 0.0372325 0.9991291 0.0184412 0.0038243
64.433800 -14.9983300 2.1798230 -79.5932500 0.0371540 0.9991627 0.0166188 0.0041473
64.537570 -14.9793000 2.1911940 -80.9536000 0.0362328 0.9992185 0.0151963 0.0043128
64.641430 -14.9595700 2.2009160 -82.3172800 0.0355702 0.9992312 0.0158956 0.0043589
64.745300 -14.9412800 2.2143910 -83.6805300 0.0356177 0.9991890 0.0182676 0.0043560
64.849050 -14.9246700 2.2325090 -85.0349500 0.0358734 0.9991543 0.0196077 0.0043932
64.952920 -14.9081700 2.2508630 -86.3840100 0.0361836 0.9991450 0.0195243 0.0043445
65.056690 -14.8918700 2.2686430 -87.7267300 0.0362204 0.9991593 0.0187496 0.0041593
65.160550 -14.8739800 2.2823650 -89.0704000 0.0358943 0.9991898 0.0178161 0.0037350
65.264300 -14.8565700 2.2969930 -90.4080100 0.0353398 0.9992200 0.0173155 0.0032749
65.368050 -14.8391900 2.3111520 -91.7411200 0.0347503 0.9992349 0.0177306 0.0027794
65.471930 -14.8242600 2.3269270 -93.0767200 0.0346079 0.9992248 0.0186033 0.0024495
65.575680 -14.8107600 2.3415020 -94.4003900 0.0346054 0.9992370 0.0179879 0.0020797
65.679420 -14.7979800 2.3579040 -95.7243600 0.0346019 0.9992475 0.0174332 0.0017889
65.783180 -14.7870300 2.3741930 -97.0455100 0.0346984 0.9992333 0.0180763 0.0014405
65.886930 -14.7760300 2.3898340 -98.3634100 0.0344325 0.9992302 0.0187688 0.0010840
65.990800 -14.7670300 2.4078430 -99.6766000 0.0343733 0.9992361 0.0185852 0.0005701
66.094550 -14.7585400 2.4268740 -100.9838000 0.0345650 0.9992258 0.0187880 0.0000000
66.198300 -14.7517600 2.4443910 -102.2903000 -0.0346118 -0.9992277 -0.0185989 0.0001581
66.302080 -14.7441000 2.4626690 -103.5926000 -0.0344802 -0.9992327 -0.0185701 0.0005000
66.405950 -14.7396000 2.4803630 -104.8920000 -0.0347075 -0.9992251 -0.0185469 0.0008367
66.509680 -14.7342500 2.4983080 -106.1858000 -0.0343669 -0.9992414 -0.0182804 0.0011619
66.613430 -14.7306600 2.5149490 -107.4728000 -0.0343341 -0.9992521 -0.0177197 0.0015492
66.717300 -14.7282400 2.5306630 -108.7629000 -0.0344931 -0.9992594 -0.0169620 0.0017607
66.821050 -14.7272900 2.5473860 -110.0459000 -0.0347188 -0.9992434 -0.0174150 0.0019812
66.924810 -14.7255500 2.5636900 -111.3291000 -0.0345678 -0.9992202 -0.0189765 0.0019685
67.028680 -14.7247900 2.5821530 -112.6054000 -0.0350308 -0.9992167 -0.0183087 0.0019039
67.132440 -14.7215300 2.6003740 -113.8771000 -0.0347349 -0.9992374 -0.0177479 0.0017678
67.236300 -14.7196000 2.6172440 -115.1477000 -0.0350627 -0.9992200 -0.0180785 0.0017748
67.340050 -14.7178000 2.6342020 -116.4111000 -0.0354520 -0.9992020 -0.0183257 0.0016583
67.443820 -14.7158200 2.6509090 -117.6691000 -0.0356256 -0.9991874 -0.0187926 0.0014748
67.547680 -14.7128400 2.6677930 -118.9238000 -0.0354469 -0.9991848 -0.0192725 0.0013693
67.651550 -14.7098300 2.6856570 -120.1734000 -0.0355804 -0.9991856 -0.0189837 0.0013229
67.755300 -14.7056600 2.7039110 -121.4141000 -0.0353341 -0.9991943 -0.0189864 0.0013134
67.859060 -14.7029400 2.7199410 -122.6449000 -0.0353866 -0.9991940 -0.0188979 0.0014053
67.962930 -14.7005400 2.7359130 -123.8671000 -0.0351370 -0.9992073 -0.0186392 0.0016733
68.066810 -14.6988100 2.7515030 -125.0815000 -0.0346341 -0.9992189 -0.0188876 0.0023184
68.170550 -14.6983000 2.7678010 -126.2871000 -0.0340685 -0.9992262 -0.0194356 0.0029453
68.274430 -14.6985200 2.7848210 -127.4852000 -0.0334270 -0.9992376 -0.0198573 0.0035391
68.378180 -14.7011800 2.8013950 -128.6704000 -0.0331327 -0.9992543 -0.0193747 0.0042101
68.482050 -14.7061400 2.8175290 -129.8453000 -0.0332461 -0.9992645 -0.0184969 0.0047958
68.585930 -14.7123300 2.8331720 -131.0089000 -0.0334510 -0.9992597 -0.0183024 0.0051113
68.689680 -14.7189600 2.8486910 -132.1621000 -0.0339006 -0.9992258 -0.0192974 0.0051186
68.793560 -14.7248800 2.8639990 -133.2996000 -0.0341787 -0.9991928 -0.0205044 0.0050050
68.897430 -14.7333400 2.8802670 -134.4174000 -0.0352101 -0.9991490 -0.0208825 0.0050423
69.001180 -14.7431400 2.8952110 -135.5140000 -0.0361761 -0.9991234 -0.0204585 0.0050200
69.105050 -14.7461900 2.9131660 -136.5942000 -0.0352683 -0.9991436 -0.0210078 0.0051841
69.208930 -14.7523300 2.9289430 -137.6542000 -0.0353369 -0.9991068 -0.0225846 0.0051720
69.312800 -14.7584700 2.9467110 -138.6869000 -0.0353645 -0.9991038 -0.0225128 0.0058459
69.416810 -14.7646600 2.9647580 -139.6957000 -0.0347283 -0.9991373 -0.0217279 0.0068191
69.520680 -14.7735700 2.9795290 -140.6763000 -0.0345157 -0.9991368 -0.0218667 0.0074950
69.624560 -14.7848700 2.9932560 -141.6311000 -0.0350272 -0.9991081 -0.0221660 0.0080498
69.728440 -14.7974300 3.0067840 -142.5562000 -0.0355603 -0.9990802 -0.0224277 0.0084350
69.832320 -14.8084500 3.0200050 -143.4522000 -0.0360016 -0.9990656 -0.0224458 0.0082447
69.936320 -14.8180200 3.0328420 -144.3211000 -0.0369261 -0.9990472 -0.0220782 0.0073229
70.040060 -14.8233000 3.0447070 -145.1550000 -0.0387653 -0.9990086 -0.0214446 0.0043789
70.143930 -14.8187700 3.0556610 -145.9633000 0.0409740 0.9989369 0.0210836 0.0012748
70.247560 -14.7975700 3.0655940 -146.7445000 0.0429713 0.9988083 0.0207904 0.0101637
70.351180 -14.7545600 3.0719650 -147.4992000 0.0436720 0.9985944 0.0210674 0.0214021
70.454810 -14.6881600 3.0791060 -148.2245000 0.0434595 0.9982201 0.0224097 0.0341438
70.558570 -14.5992900 3.0860430 -148.9260000 0.0427706 0.9976249 0.0239570 0.0483862
70.662180 -14.4920200 3.0888300 -149.5947000 0.0425832 0.9967577 0.0241016 0.0638743
70.765810 -14.3642000 3.0877750 -150.2250000 0.0432036 0.9954641 0.0228714 0.0816186
70.869430 -14.2131200 3.0893300 -150.8335000 0.0441678 0.9935868 0.0208764 0.1019743
70.973060 -14.0364800 3.0907780 -151.4162000 0.0447852 0.9910571 0.0191123 0.1242369
71.076680 -13.8334200 3.0865770 -151.9504000 0.0447076 0.9877995 0.0180717 0.1480767
71.180310 -13.6085400 3.0767100 -152.4769000 0.0452507 0.9835352 0.0176970 0.1740624
71.283930 -13.3604100 3.0608600 -152.9502000 0.0462021 0.9781651 0.0170846 0.2019074
71.387680 -13.0824300 3.0467600 -153.4240000 0.0459589 0.9717090 0.0160240 0.2311117
71.491310 -12.7772300 3.0322640 -153.8743000 0.0457406 0.9640848 0.0152635 0.2611805
71.595080 -12.4465300 3.0152350 -154.2672000 0.0453427 0.9552358 0.0145796 0.2919864
71.698810 -12.0933000 2.9929230 -154.6664000 0.0453793 0.9450383 0.0141857 0.3234844
71.802430 -11.7165500 2.9692180 -155.0328000 0.0446354 0.9335410 0.0136674 0.3554182
71.906200 -11.3181500 2.9471840 -155.3310000 0.0441081 0.9203541 0.0135373 0.3883549
72.009810 -10.9010700 2.9264390 -155.6301000 0.0430409 0.9057520 0.0131681 0.4214113
72.113680 -10.4658900 2.9015630 -155.8564000 0.0403680 0.8901991 0.0124890 0.4536077
72.217450 -10.0204300 2.8727630 -156.0826000 0.0381773 0.8737547 0.0113716 0.4847329
72.321310 -9.5671230 2.8445860 -156.2778000 0.0365724 0.8562556 0.0098800 0.5151613
72.425180 -9.1062930 2.8157470 -156.4059000 0.0360434 0.8377050 0.0090354 0.5448574
72.529060 -8.6420350 2.7872380 -156.5389000 0.0365208 0.8181514 0.0080159 0.5737859
72.632930 -8.1744020 2.7555000 -156.6351000 0.0367154 0.7977515 0.0059931 0.6018377
72.736950 -7.6994120 2.7226870 -156.6631000 0.0362552 0.7764917 0.0040649 0.6290705
72.840820 -7.2214580 2.6903430 -156.6903000 0.0341977 0.7540667 0.0028087 0.6559010
72.944810 -6.7341670 2.6650110 -156.6510000 0.0313578 0.7305672 0.0041939 0.6821075
73.048810 -6.2431600 2.6412700 -156.6171000 0.0285938 0.7059423 0.0072722 0.7076545
73.152830 -5.7512370 2.6151990 -156.5444000 0.0242605 0.6803686 0.0100843 0.7323990
73.256690 -5.2619170 2.5933070 -156.3936000 0.0191627 0.6538626 0.0123069 0.7562705
73.360680 -4.7790110 2.5693640 -156.2439000 0.0143843 0.6262221 0.0131845 0.7794005
73.464560 -4.3054290 2.5529460 -156.0244000 0.0125095 0.5975383 0.0137700 0.8016245
73.568560 -3.8383360 2.5424080 -155.8078000 0.0117540 0.5679190 0.0140153 0.8228812
73.672580 -3.3753440 2.5348330 -155.5541000 0.0102336 0.5375897 0.0153479 0.8430047
73.776440 -2.9224180 2.5307040 -155.2209000 0.0081180 0.5066722 0.0167689 0.8619374
73.880450 -2.4805720 2.5226170 -154.8906000 0.0060605 0.4751541 0.0177623 0.8797024
73.984440 -2.0579630 2.5103770 -154.4839000 0.0043325 0.4435285 0.0173839 0.8960812
74.088440 -1.6538790 2.4998150 -154.0795000 0.0039986 0.4122706 0.0160797 0.9109107
74.192560 -1.2684870 2.4930930 -153.6401000 0.0054552 0.3812781 0.0154487 0.9243152
74.296560 -0.8983582 2.4870450 -153.1409000 0.0073928 0.3508221 0.0157441 0.9362806
74.400680 -0.5510777 2.4788140 -152.6325000 0.0077392 0.3204970 0.0156297 0.9470890
74.504810 -0.2261366 2.4671710 -152.0606000 0.0064417 0.2899126 0.0155006 0.9569059
74.608810 0.0623072 2.4569040 -151.4836000 0.0046220 0.2583337 0.0145871 0.9659345
74.712820 0.3234820 2.4463270 -150.8797000 0.0040728 0.2263033 0.0150793 0.9739316
74.816930 0.5523554 2.4331610 -150.2166000 0.0028724 0.1947262 0.0144438 0.9807471
74.921080 0.7484821 2.4221890 -149.5497000 0.0019815 0.1654002 0.0135803 0.9861310
75.025200 0.9129124 2.4106230 -148.8380000 0.0020623 0.1387651 0.0105857 0.9902666
75.129560 1.0482500 2.4029300 -148.1125000 0.0025119 0.1151849 0.0074575 0.9933129
75.233810 1.1632290 2.3934250 -147.3483000 0.0025836 0.0944101 0.0047261 0.9955188
75.338190 1.2650540 2.3834520 -146.5668000 0.0019932 0.0761546 0.0044790 0.9970840
75.442560 1.3484960 2.3719230 -145.7604000 0.0010582 0.0592815 0.0043310 0.9982313
75.546930 1.4076700 2.3594710 -144.9267000 0.0005380 0.0439731 0.0037915 0.9990254
75.651310 1.4447800 2.3469150 -144.0738000 0.0004502 0.0306400 0.0021769 0.9995280
75.755680 1.4634510 2.3326630 -143.1977000 0.0007353 0.0195558 -0.0002838 0.9998085
75.860220 1.4696750 2.3199850 -142.3032000 0.0012509 0.0116156 -0.0028702 0.9999276
75.964710 1.4687380 2.3059140 -141.3867000 0.0019070 0.0067545 -0.0054442 0.9999605
76.069190 1.4713190 2.2909680 -140.4509000 0.0018754 0.0048526 -0.0071840 0.9999607
76.173710 1.4799670 2.2746980 -139.4923000 0.0014962 0.0043885 -0.0076356 0.9999601
76.278060 1.4893450 2.2601540 -138.5154000 0.0008825 0.0039202 -0.0069948 0.9999675
76.382460 1.4993660 2.2467380 -137.5181000 0.0004090 0.0033265 -0.0067020 0.9999719
76.486810 1.5048420 2.2340170 -136.5045000 0.0004927 0.0024755 -0.0058804 0.9999795
76.591060 1.5054140 2.2201670 -135.4735000 0.0007971 0.0013226 -0.0060634 0.9999804
76.695310 1.5045010 2.2056880 -134.4219000 0.0003650 0.0003449 -0.0058628 0.9999827
76.799440 1.5033290 2.1902020 -133.3518000 -0.0008990 -0.0005561 -0.0058594 0.9999823
76.903560 1.5016270 2.1761400 -132.2648000 -0.0014596 -0.0014924 -0.0050860 0.9999849
77.007690 1.4985600 2.1596290 -131.1603000 -0.0007460 -0.0022997 -0.0049224 0.9999850
77.111810 1.4916500 2.1444730 -130.0390000 0.0000986 -0.0029166 -0.0045259 0.9999855
77.215940 1.4823800 2.1281430 -128.8996000 0.0001661 -0.0035276 -0.0044106 0.9999840
77.320060 1.4700240 2.1111520 -127.7441000 0.0001837 -0.0038944 -0.0048605 0.9999806
77.424060 1.4584430 2.0926430 -126.5764000 0.0006470 -0.0040854 -0.0051299 0.9999783
77.528190 1.4477210 2.0737530 -125.3883000 0.0010872 -0.0040538 -0.0051171 0.9999781
77.632190 1.4367230 2.0536380 -124.1850000 0.0007272 -0.0037364 -0.0053676 0.9999783
77.736190 1.4263980 2.0326850 -122.9654000 0.0004756 -0.0032656 -0.0054231 0.9999798
77.840190 1.4180400 2.0098770 -121.7344000 0.0013449 -0.0025232 -0.0056855 0.9999797
77.944210 1.4131770 1.9844000 -120.4917000 0.0031750 -0.0015920 -0.0058275 0.9999767
78.048060 1.4103810 1.9567430 -119.2315000 0.0044981 -0.0007384 -0.0055088 0.9999744
78.152070 1.4073980 1.9272930 -117.9509000 0.0047332 -0.0002344 -0.0047399 0.9999775
78.255940 1.4057680 1.8970270 -116.6572000 0.0043430 -0.0002940 -0.0041566 0.9999819
78.359820 1.4026620 1.8642760 -115.3483000 0.0042515 -0.0008268 -0.0036216 0.9999841
78.463690 1.3967320 1.8320560 -114.0291000 0.0057928 -0.0014493 -0.0037037 0.9999753
78.567580 1.3850280 1.8002060 -112.6950000 0.0064749 -0.0026525 -0.0037034 0.9999687
78.671320 1.3696870 1.7675210 -111.3405000 0.0058739 -0.0041829 -0.0039181 0.9999663
78.775190 1.3517980 1.7342540 -109.9726000 0.0049803 -0.0054659 -0.0035525 0.9999663
78.879060 1.3305490 1.7003570 -108.5928000 0.0051179 -0.0061538 -0.0040912 0.9999596
78.982940 1.3082900 1.6684670 -107.2003000 0.0057148 -0.0067668 -0.0039402 0.9999530
79.086810 1.2848270 1.6359250 -105.7911000 0.0059521 -0.0073684 -0.0035290 0.9999489
79.190690 1.2596160 1.6016520 -104.3679000 0.0066790 -0.0078433 -0.0035460 0.9999406
79.294440 1.2302590 1.5653260 -102.9321000 0.0068031 -0.0083617 -0.0044384 0.9999320
79.398310 1.2022120 1.5300470 -101.4787000 0.0060954 -0.0084568 -0.0042343 0.9999367
79.502200 1.1700750 1.4958510 -100.0076000 0.0046697 -0.0082655 -0.0051890 0.9999415
79.606060 1.1421360 1.4632800 -98.5291100 0.0036325 -0.0080349 -0.0052769 0.9999472
79.709940 1.1155430 1.4361570 -97.0260100 0.0024844 -0.0078853 -0.0047932 0.9999543
79.813820 1.0892740 1.4106800 -95.5157100 -0.0005916 -0.0076573 -0.0050884 0.9999576
79.917560 1.0629820 1.3906930 -94.0022900 -0.0034152 -0.0075363 -0.0052503 0.9999520
80.021460 1.0365680 1.3746730 -92.4914300 -0.0048497 -0.0075428 -0.0056268 0.9999440
80.125190 1.0091480 1.3614240 -90.9822600 -0.0058780 -0.0075508 -0.0065161 0.9999330
80.228940 0.9847340 1.3484720 -89.4760900 -0.0062648 -0.0076034 -0.0062443 0.9999320
80.332810 0.9616474 1.3334010 -87.9732300 -0.0053869 -0.0077974 -0.0059943 0.9999371
80.436670 0.9399983 1.3164730 -86.4669000 -0.0041048 -0.0075665 -0.0056190 0.9999472
80.540440 0.9191412 1.2983080 -84.9672400 -0.0040281 -0.0071308 -0.0053175 0.9999523
80.644320 0.8995469 1.2828470 -83.4543600 -0.0054131 -0.0066344 -0.0054345 0.9999486
80.748100 0.8834484 1.2682370 -81.9495000 -0.0053397 -0.0063275 -0.0045470 0.9999554
80.851960 0.8679533 1.2527100 -80.4455400 -0.0044618 -0.0060804 -0.0044352 0.9999617
80.955700 0.8520469 1.2348310 -78.9424000 -0.0043565 -0.0057580 -0.0042856 0.9999647
81.059440 0.8381739 1.2197140 -77.4396000 -0.0054579 -0.0055109 -0.0040052 0.9999619
81.163210 0.8255732 1.2079560 -75.9344400 -0.0065544 -0.0051945 -0.0035188 0.9999588
81.266940 0.8134235 1.1991790 -74.4320000 -0.0073539 -0.0051986 -0.0032704 0.9999541
81.370700 0.8003155 1.1893690 -72.9363600 -0.0069265 -0.0054250 -0.0030444 0.9999567
81.474570 0.7849788 1.1768960 -71.4433600 -0.0046677 -0.0057161 -0.0031920 0.9999677
81.578330 0.7639540 1.1606000 -69.9560000 -0.0034075 -0.0060650 -0.0047989 0.9999643
81.682070 0.7450432 1.1442970 -68.4626000 -0.0043730 -0.0062709 -0.0053737 0.9999563
81.785940 0.7252411 1.1283170 -66.9713200 -0.0051640 -0.0064184 -0.0060487 0.9999478
81.889700 0.7107630 1.1118960 -65.4891100 -0.0038274 -0.0066873 -0.0045969 0.9999597
81.993440 0.6946295 1.0961040 -64.0051500 -0.0040956 -0.0071223 -0.0040217 0.9999582
82.097310 0.6777408 1.0806220 -62.5255100 -0.0057653 -0.0074744 -0.0035419 0.9999492
82.201070 0.6587746 1.0674840 -61.0453600 -0.0050494 -0.0080192 -0.0030897 0.9999503
82.304840 0.6370383 1.0492260 -59.5755700 -0.0028928 -0.0086859 -0.0028569 0.9999540
82.408570 0.6135026 1.0309810 -58.1034600 -0.0032937 -0.0093003 -0.0025505 0.9999481
82.512440 0.5856644 1.0156690 -56.6276200 -0.0058396 -0.0099252 -0.0025765 0.9999304
82.616210 0.5571177 1.0057630 -55.1606000 -0.0058447 -0.0105842 -0.0024166 0.9999240
82.719960 0.5253982 0.9957028 -53.6980200 -0.0052166 -0.0110203 -0.0026535 0.9999221
82.823820 0.4907091 0.9846881 -52.2366800 -0.0053004 -0.0110021 -0.0032649 0.9999201
82.927570 0.4561315 0.9709516 -50.7785400 -0.0053553 -0.0110463 -0.0039243 0.9999169
83.031440 0.4235407 0.9558653 -49.3228700 -0.0051450 -0.0111345 -0.0039687 0.9999169
83.135190 0.3928533 0.9391869 -47.8694000 -0.0047306 -0.0111124 -0.0038093 0.9999198
83.238940 0.3621644 0.9230089 -46.4179700 -0.0047700 -0.0108652 -0.0034850 0.9999235
83.342820 0.3335672 0.9069681 -44.9684200 -0.0048140 -0.0106267 -0.0029663 0.9999275
83.446570 0.3070324 0.8911135 -43.5255900 -0.0048210 -0.0103330 -0.0022218 0.9999325
83.550440 0.2806278 0.8754699 -42.0791200 -0.0056487 -0.0099448 -0.0018555 0.9999329
83.654320 0.2543730 0.8594365 -40.6365600 -0.0056748 -0.0094984 -0.0019563 0.9999369
83.758190 0.2281179 0.8436096 -39.1971700 -0.0050049 -0.0091734 -0.0022024 0.9999430
83.862070 0.2029690 0.8253285 -37.7625200 -0.0040187 -0.0087414 -0.0024675 0.9999507
83.965950 0.1777994 0.8063360 -36.3279600 -0.0037032 -0.0082809 -0.0030641 0.9999542
84.069850 0.1537249 0.7865138 -34.8950800 -0.0048838 -0.0078525 -0.0040325 0.9999491
84.173690 0.1326690 0.7682861 -33.4638100 -0.0057378 -0.0073668 -0.0044112 0.9999467
84.277690 0.1133742 0.7522313 -32.0360400 -0.0056051 -0.0068012 -0.0045936 0.9999506
84.381590 0.0974608 0.7352840 -30.6139600 -0.0048052 -0.0062100 -0.0047114 0.9999581
84.485440 0.0848288 0.7168959 -29.1939900 -0.0035770 -0.0054736 -0.0041706 0.9999699
84.589320 0.0722408 0.6980984 -27.7775300 -0.0040532 -0.0048244 -0.0042540 0.9999711
84.693200 0.0606257 0.6785993 -26.3559600 -0.0051151 -0.0041183 -0.0045553 0.9999681
84.797070 0.0525687 0.6586934 -24.9476800 -0.0027588 -0.0033842 -0.0045428 0.9999801
84.900940 0.0439024 0.6329309 -23.5434200 0.0000582 -0.0027647 -0.0054843 0.9999811
85.004820 0.0372092 0.6021743 -22.1398900 0.0012023 -0.0021775 -0.0060508 0.9999786
85.108710 0.0323287 0.5653751 -20.7384400 0.0017996 -0.0016985 -0.0059478 0.9999792
85.212450 0.0292589 0.5295576 -19.3406300 0.0017916 -0.0013134 -0.0056956 0.9999813
85.316330 0.0266974 0.4947389 -17.9436600 0.0009577 -0.0011426 -0.0053761 0.9999844
85.420190 0.0251613 0.4624741 -16.5502600 -0.0000778 -0.0009500 -0.0049438 0.9999873
85.523960 0.0241604 0.4312538 -15.1661400 -0.0002346 -0.0008392 -0.0043291 0.9999902
85.627820 0.0235453 0.3987551 -13.7825900 0.0007838 -0.0010438 -0.0039046 0.9999915
85.731590 0.0215879 0.3670075 -12.4038200 0.0011837 -0.0013480 -0.0035117 0.9999922
85.835320 0.0152809 0.3343854 -11.0273700 0.0006384 -0.0018479 -0.0041143 0.9999896
85.939070 0.0089559 0.3016035 -9.6547390 0.0002022 -0.0024525 -0.0040551 0.9999887
86.042820 -0.0005366 0.2716196 -8.2851370 0.0000558 -0.0031300 -0.0043932 0.9999854
86.146690 -0.0097855 0.2414501 -6.9141290 -0.0005689 -0.0036829 -0.0042146 0.9999842
86.250460 -0.0204447 0.2108318 -5.5480320 0.0003420 -0.0042275 -0.0038518 0.9999836
86.354210 -0.0311414 0.1812868 -4.1832860 0.0012185 -0.0043898 -0.0034161 0.9999838
86.458070 -0.0443722 0.1473329 -2.8185150 0.0015889 -0.0045312 -0.0035663 0.9999821
86.561820 -0.0578973 0.1134699 -1.4562950 0.0014498 -0.0047138 -0.0038117 0.9999806
86.665690 -0.0728973 0.0781693 -0.0907003 0.0009368 -0.0048523 -0.0040990 0.9999794
86.769450 -0.0886426 0.0459036 1.2694190 0.0013774 -0.0049140 -0.0045172 0.9999768
86.873200 -0.1031707 0.0117715 2.6290050 0.0013554 -0.0050512 -0.0047432 0.9999751
86.976950 -0.1175645 -0.0201632 3.9880360 0.0011194 -0.0051571 -0.0048504 0.9999743
87.080700 -0.1318827 -0.0534628 5.3440990 0.0011979 -0.0052280 -0.0049907 0.9999732
87.184570 -0.1458828 -0.0881206 6.7044150 0.0013887 -0.0053299 -0.0047527 0.9999735
87.288320 -0.1601769 -0.1221722 8.0598350 0.0016812 -0.0054057 -0.0047934 0.9999725
87.392070 -0.1750950 -0.1546373 9.4158950 0.0010997 -0.0054203 -0.0047314 0.9999735
87.495830 -0.1926087 -0.1870422 10.7710700 0.0004712 -0.0053660 -0.0055999 0.9999698
87.599690 -0.2081545 -0.2207459 12.1231700 0.0006558 -0.0053641 -0.0054860 0.9999703
87.703450 -0.2231040 -0.2534493 13.4773300 0.0010755 -0.0052998 -0.0054846 0.9999703
87.807320 -0.2355330 -0.2892015 14.8303200 0.0011094 -0.0052261 -0.0052898 0.9999717
87.911070 -0.2482197 -0.3237106 16.1809300 0.0010794 -0.0052566 -0.0053785 0.9999711
88.014950 -0.2588532 -0.3582793 17.5335600 0.0007412 -0.0052352 -0.0048676 0.9999742
88.118700 -0.2709142 -0.3936047 18.8830500 0.0005371 -0.0050896 -0.0048019 0.9999754
88.222590 -0.2833573 -0.4284891 20.2333000 0.0007800 -0.0050950 -0.0048664 0.9999749
88.326320 -0.2952092 -0.4630010 21.5801600 0.0013181 -0.0051349 -0.0047218 0.9999748
88.430200 -0.3094675 -0.4966128 22.9265300 0.0010657 -0.0053376 -0.0050596 0.9999724
88.534070 -0.3233764 -0.5315032 24.2730800 0.0009665 -0.0054934 -0.0049963 0.9999720
88.637820 -0.3380715 -0.5652421 25.6135300 0.0011443 -0.0057532 -0.0050785 0.9999699
88.741580 -0.3534582 -0.5991642 26.9548900 0.0004094 -0.0059847 -0.0049740 0.9999696
88.845450 -0.3674572 -0.6308020 28.2930600 -0.0003014 -0.0060674 -0.0044968 0.9999714
88.949200 -0.3836725 -0.6611411 29.6238400 0.0000518 -0.0060002 -0.0045465 0.9999717
89.052950 -0.3976799 -0.6925713 30.9509000 0.0005703 -0.0058219 -0.0040750 0.9999746
89.156800 -0.4139985 -0.7240355 32.2824800 0.0007049 -0.0056524 -0.0044304 0.9999740
89.260590 -0.4270073 -0.7566562 33.6065100 0.0004346 -0.0053915 -0.0041222 0.9999769
89.364320 -0.4397568 -0.7887161 34.9269100 0.0001111 -0.0051386 -0.0037426 0.9999798
89.468090 -0.4515375 -0.8206355 36.2433600 0.0001847 -0.0049366 -0.0036291 0.9999812
89.571830 -0.4615286 -0.8517037 37.5549700 0.0000919 -0.0048045 -0.0029553 0.9999841
89.675570 -0.4718552 -0.8824570 38.8665200 -0.0003424 -0.0047151 -0.0025349 0.9999856
89.779340 -0.4839122 -0.9115305 40.1737700 -0.0009157 -0.0049041 -0.0022497 0.9999850
89.883200 -0.4974895 -0.9403596 41.4801600 -0.0010764 -0.0054071 -0.0021976 0.9999824
89.986950 -0.5125043 -0.9685698 42.7784500 -0.0009478 -0.0059930 -0.0024000 0.9999787
90.090700 -0.5346231 -0.9956525 44.0760200 -0.0014976 -0.0065117 -0.0037755 0.9999705
90.194450 -0.5552041 -1.0192850 45.3731700 -0.0031507 -0.0068738 -0.0040123 0.9999634
90.298330 -0.5782583 -1.0385330 46.6701000 -0.0050029 -0.0072063 -0.0044905 0.9999514
90.402080 -0.5999916 -1.0536270 47.9611100 -0.0066540 -0.0076007 -0.0046426 0.9999382
90.505950 -0.6230983 -1.0665050 49.2494400 -0.0074569 -0.0081428 -0.0047999 0.9999275
90.609700 -0.6456359 -1.0758080 50.5276500 -0.0063768 -0.0085869 -0.0039149 0.9999351
90.713570 -0.6740058 -1.0872790 51.8104100 -0.0054203 -0.0090758 -0.0045989 0.9999335
90.817320 -0.7020633 -1.1007380 53.0872200 -0.0050769 -0.0096264 -0.0049048 0.9999287
90.921070 -0.7311397 -1.1157930 54.3609000 -0.0051012 -0.0101923 -0.0053099 0.9999209
91.024840 -0.7624769 -1.1304310 55.6294800 -0.0044645 -0.0107095 -0.0054407 0.9999179
91.128700 -0.7942812 -1.1447830 56.9015700 -0.0049391 -0.0112563 -0.0055499 0.9999090
91.232450 -0.8268987 -1.1599410 58.1708500 -0.0053190 -0.0117708 -0.0054960 0.9999015
91.336220 -0.8597866 -1.1746640 59.4340800 -0.0052567 -0.0121661 -0.0056060 0.9998965
91.439950 -0.8950914 -1.1887570 60.6946300 -0.0050533 -0.0124941 -0.0058106 0.9998923
91.543700 -0.9282884 -1.2038650 61.9493100 -0.0049274 -0.0127497 -0.0054626 0.9998917
91.647600 -0.9621792 -1.2188110 63.2074000 -0.0044608 -0.0130982 -0.0047157 0.9998931
91.751210 -0.9961734 -1.2340900 64.4584300 -0.0045301 -0.0135198 -0.0042856 0.9998892
91.855080 -1.0318280 -1.2505180 65.7101700 -0.0053613 -0.0138894 -0.0042532 0.9998801
91.958830 -1.0686540 -1.2678090 66.9537000 -0.0049281 -0.0141379 -0.0045150 0.9998777
92.062580 -1.1074140 -1.2846070 68.1914300 -0.0040003 -0.0142757 -0.0053761 0.9998756
92.166320 -1.1482650 -1.3030430 69.4330800 -0.0041600 -0.0142882 -0.0065472 0.9998678
92.270070 -1.1881550 -1.3212030 70.6687500 -0.0041794 -0.0141252 -0.0077949 0.9998611
92.373830 -1.2270830 -1.3380730 71.9002800 -0.0043254 -0.0136098 -0.0088311 0.9998590
92.477580 -1.2613850 -1.3546660 73.1271900 -0.0052205 -0.0126490 -0.0089176 0.9998666
92.581320 -1.2934640 -1.3706350 74.3410900 -0.0059071 -0.0118024 -0.0093813 0.9998689
92.685070 -1.3182250 -1.3877530 75.5435900 -0.0057687 -0.0110696 -0.0082923 0.9998877
92.788830 -1.3370760 -1.4062950 76.7227600 -0.0033682 -0.0102197 -0.0067315 0.9999194
92.892580 -1.3593960 -1.4242630 77.8869400 -0.0036101 -0.0091063 -0.0074022 0.9999246
92.996320 -1.3779660 -1.4433080 79.0373800 -0.0062664 -0.0077056 -0.0073302 0.9999238
93.100200 -1.3923000 -1.4597710 80.1599000 -0.0064807 -0.0061899 -0.0077256 0.9999300
93.203950 -1.4029510 -1.4756120 81.2676800 -0.0047104 -0.0043385 -0.0078574 0.9999486
93.307830 -1.4072660 -1.4954640 82.3668200 -0.0021364 -0.0028463 -0.0074252 0.9999661
93.411580 -1.4065660 -1.5185420 83.4619000 0.0007306 -0.0014166 -0.0065161 0.9999775
93.515450 -1.4026360 -1.5421970 84.5575100 0.0017279 -0.0001974 -0.0056348 0.9999826
93.619200 -1.3972940 -1.5661450 85.6552400 0.0005878 0.0006758 -0.0049445 0.9999874
93.723080 -1.3940940 -1.5872130 86.7511300 -0.0006388 0.0012871 -0.0051123 0.9999859
93.826830 -1.3913290 -1.6081260 87.8365300 -0.0001802 0.0017865 -0.0051624 0.9999851
93.930700 -1.3855630 -1.6300390 88.9191700 0.0009829 0.0022405 -0.0051734 0.9999836
94.034580 -1.3802000 -1.6547010 89.9981100 0.0013932 0.0026890 -0.0054086 0.9999808
94.138450 -1.3723970 -1.6810090 91.0756800 0.0003678 0.0029686 -0.0052728 0.9999816
94.242330 -1.3638320 -1.7052570 92.1496200 -0.0004486 0.0029476 -0.0046460 0.9999848
94.346200 -1.3561110 -1.7261710 93.2186400 -0.0008486 0.0027623 -0.0040926 0.9999874
94.450090 -1.3488520 -1.7476890 94.2821400 -0.0013336 0.0020532 -0.0031672 0.9999920
94.553950 -1.3431070 -1.7690820 95.3446800 -0.0013957 0.0005598 -0.0020949 0.9999967
94.657710 -1.3412830 -1.7906490 96.3985100 -0.0003584 -0.0012822 -0.0009760 0.9999986
94.761580 -1.3463620 -1.8124580 97.4520600 0.0014007 -0.0031369 -0.0008201 0.9999938
94.865460 -1.3579980 -1.8350380 98.5080100 0.0033477 -0.0050193 -0.0011934 0.9999811
94.969330 -1.3750590 -1.8618950 99.5700700 0.0039110 -0.0072369 -0.0016676 0.9999648
95.073200 -1.3974120 -1.8876910 100.6364000 0.0032832 -0.0098507 -0.0018191 0.9999444
95.176950 -1.4266910 -1.9132520 101.7103000 0.0024255 -0.0130142 -0.0021961 0.9999100
95.280830 -1.4631180 -1.9392000 102.7874000 0.0018382 -0.0164948 -0.0020780 0.9998601
95.384700 -1.5078080 -1.9644190 103.8682000 0.0016720 -0.0201618 -0.0024404 0.9997924
95.488580 -1.5617920 -1.9882220 104.9566000 0.0011093 -0.0232912 -0.0033410 0.9997225
95.592470 -1.6227200 -2.0109670 106.0502000 0.0004459 -0.0254379 -0.0050756 0.9996634
95.696330 -1.6862440 -2.0344060 107.1475000 0.0006634 -0.0261319 -0.0071016 0.9996331
95.800330 -1.7487730 -2.0566690 108.2514000 0.0011818 -0.0252884 -0.0094313 0.9996350
95.904330 -1.8060350 -2.0797560 109.3616000 0.0017494 -0.0231914 -0.0113676 0.9996649
96.008460 -1.8557010 -2.1020840 110.4821000 0.0015161 -0.0203891 -0.0125712 0.9997119
96.112450 -1.8970320 -2.1230920 111.6084000 0.0008088 -0.0170571 -0.0134294 0.9997640
96.216600 -1.9280920 -2.1451520 112.7436000 0.0005789 -0.0130480 -0.0138912 0.9998182
96.320580 -1.9490920 -2.1664340 113.8811000 0.0010538 -0.0083879 -0.0144666 0.9998596
96.424720 -1.9587120 -2.1879100 115.0263000 0.0015839 -0.0034590 -0.0147666 0.9998837
96.528700 -1.9561360 -2.2102880 116.1788000 0.0017463 0.0012162 -0.0144177 0.9998938
96.632830 -1.9401350 -2.2357870 117.3414000 0.0022361 0.0059793 -0.0139032 0.9998830
96.736830 -1.9132090 -2.2611460 118.5076000 0.0026801 0.0106638 -0.0128511 0.9998570
96.840830 -1.8762700 -2.2869580 119.6839000 0.0025603 0.0148004 -0.0123488 0.9998109
96.944850 -1.8330800 -2.3121200 120.8659000 0.0020388 0.0183224 -0.0120823 0.9997570
97.048710 -1.7813880 -2.3381440 122.0560000 0.0016055 0.0212985 -0.0121149 0.9996985
97.152720 -1.7250660 -2.3627010 123.2581000 0.0012808 0.0239634 -0.0128126 0.9996299
97.256580 -1.6659510 -2.3875980 124.4659000 0.0009550 0.0263162 -0.0140942 0.9995539
97.360580 -1.6020970 -2.4109250 125.6836000 0.0007857 0.0282400 -0.0154519 0.9994814
97.464460 -1.5290420 -2.4322510 126.9096000 0.0000674 0.0297708 -0.0152462 0.9994405
97.568330 -1.4541900 -2.4557790 128.1428000 -0.0001303 0.0305094 -0.0152178 0.9994186
97.672210 -1.3749190 -2.4805510 129.3864000 0.0022468 0.0305499 -0.0141369 0.9994307
97.776080 -1.2926100 -2.5043950 130.6411000 0.0027387 0.0300652 -0.0118821 0.9994736
97.879840 -1.2127520 -2.5304250 131.9105000 0.0010867 0.0289814 -0.0098603 0.9995307
97.983580 -1.1353320 -2.5526240 133.1888000 0.0004516 0.0272884 -0.0075888 0.9995987
98.087470 -1.0634770 -2.5719360 134.4809000 -0.0007257 0.0248144 -0.0053706 0.9996774
98.191080 -0.9982536 -2.5937430 135.7808000 -0.0010432 0.0216426 -0.0029847 0.9997608
98.294840 -0.9419915 -2.6138580 137.0887000 -0.0002206 0.0182529 -0.0010408 0.9998328
98.398700 -0.8957984 -2.6336900 138.4140000 -0.0002688 0.0149772 0.0001881 0.9998878
98.502470 -0.8600700 -2.6540480 139.7491000 -0.0007367 0.0117990 0.0005618 0.9999300
98.606200 -0.8326782 -2.6749070 141.0912000 -0.0013044 0.0090171 0.0004068 0.9999584
98.709960 -0.8166247 -2.6933320 142.4513000 -0.0023101 0.0063796 -0.0004625 0.9999769
98.813830 -0.8082126 -2.7116530 143.8175000 -0.0018852 0.0037091 -0.0010194 0.9999908
98.917580 -0.8063071 -2.7289630 145.1909000 -0.0003883 0.0011063 -0.0014579 0.9999982
99.021330 -0.8107742 -2.7509870 146.5742000 0.0006277 -0.0013203 -0.0020403 0.9999968
99.125080 -0.8181994 -2.7795410 147.9621000 0.0028142 -0.0031980 -0.0020623 0.9999888
99.228960 -0.8311338 -2.8110420 149.3663000 0.0046472 -0.0043295 -0.0027403 0.9999761
99.332710 -0.8465134 -2.8466810 150.7791000 0.0050458 -0.0051246 -0.0031151 0.9999693
99.436580 -0.8636978 -2.8844230 152.2017000 0.0047378 -0.0059431 -0.0033665 0.9999654
99.540330 -0.8818614 -2.9226770 153.6297000 0.0041685 -0.0066548 -0.0036142 0.9999626
99.644080 -0.9031410 -2.9594760 155.0655000 0.0033018 -0.0074056 -0.0039880 0.9999592
99.747960 -0.9252286 -2.9954960 156.5082000 0.0026710 -0.0081310 -0.0040252 0.9999553
99.851710 -0.9505879 -3.0302650 157.9490000 0.0019995 -0.0089836 -0.0043643 0.9999481
99.955460 -0.9765171 -3.0649350 159.3917000 0.0009016 -0.0098539 -0.0041788 0.9999423
100.059200 -1.0073390 -3.0966530 160.8317000 0.0002201 -0.0107757 -0.0046054 0.9999313
100.163000 -1.0394440 -3.1295060 162.2714000 0.0005976 -0.0116489 -0.0048525 0.9999202
100.266800 -1.0756290 -3.1620470 163.7088000 0.0010855 -0.0122826 -0.0054551 0.9999091
100.370600 -1.1126620 -3.1969680 165.1447000 0.0013617 -0.0126573 -0.0058322 0.9999020
100.474400 -1.1509640 -3.2320570 166.5807000 0.0022448 -0.0127777 -0.0062783 0.9998961
100.578200 -1.1888870 -3.2678670 168.0142000 0.0023881 -0.0126990 -0.0067957 0.9998934
100.682000 -1.2255830 -3.3033430 169.4545000 0.0013580 -0.0125226 -0.0069491 0.9998965
100.785700 -1.2624680 -3.3377740 170.8876000 0.0006377 -0.0123065 -0.0070209 0.9998994
100.889600 -1.2976340 -3.3716870 172.3194000 0.0003719 -0.0119904 -0.0071040 0.9999028
100.993300 -1.3331940 -3.4055600 173.7467000 0.0002658 -0.0115752 -0.0076400 0.9999038
101.097200 -1.3663040 -3.4404200 175.1688000 0.0007074 -0.0110722 -0.0079503 0.9999068
101.201000 -1.3984790 -3.4753540 176.5929000 0.0008415 -0.0105031 -0.0083742 0.9999094
101.304700 -1.4275280 -3.5117150 178.0112000 0.0013326 -0.0097895 -0.0083135 0.9999166
101.408500 -1.4533910 -3.5470730 179.4251000 0.0021849 -0.0091165 -0.0076070 0.9999271
101.512300 -1.4763260 -3.5836340 180.8386000 0.0021007 -0.0084292 -0.0064020 0.9999418
101.616100 -1.4982410 -3.6196750 182.2502000 0.0007903 -0.0077771 -0.0057111 0.9999531
101.719800 -1.5188700 -3.6524690 183.6608000 -0.0013507 -0.0070054 -0.0053875 0.9999600
101.823600 -1.5397350 -3.6801370 185.0616000 -0.0008869 -0.0062221 -0.0058693 0.9999630
101.927300 -1.5592120 -3.7081170 186.4556000 0.0005658 -0.0054118 -0.0065052 0.9999640
102.031100 -1.5761130 -3.7420550 187.8484000 0.0012578 -0.0048257 -0.0065578 0.9999661
102.134800 -1.5903020 -3.7776630 189.2418000 0.0012865 -0.0041946 -0.0064498 0.9999696
102.238700 -1.6030740 -3.8117440 190.6344000 0.0002361 -0.0038293 -0.0060730 0.9999742
102.342500 -1.6133270 -3.8437430 192.0206000 -0.0006896 -0.0036907 -0.0052610 0.9999791
102.446200 -1.6237560 -3.8751230 193.4008000 -0.0004144 -0.0036982 -0.0046072 0.9999825
102.550000 -1.6338670 -3.9058760 194.7764000 0.0004333 -0.0038300 -0.0038462 0.9999852
102.653700 -1.6455390 -3.9389300 196.1509000 0.0011852 -0.0039868 -0.0038244 0.9999840
102.757600 -1.6574450 -3.9735950 197.5229000 0.0015081 -0.0040883 -0.0036313 0.9999839
102.861300 -1.6698670 -4.0091320 198.8896000 0.0008646 -0.0041482 -0.0039617 0.9999832
102.965100 -1.6823040 -4.0428270 200.2547000 0.0001189 -0.0042410 -0.0040650 0.9999827
103.068800 -1.6948780 -4.0748510 201.6110000 -0.0000189 -0.0043516 -0.0041699 0.9999818
103.172600 -1.7059840 -4.1068590 202.9698000 -0.0002223 -0.0044095 -0.0043020 0.9999810
103.276500 -1.7174120 -4.1398850 204.3226000 -0.0002290 -0.0043720 -0.0046511 0.9999796
103.380200 -1.7275740 -4.1718620 205.6689000 0.0000749 -0.0044676 -0.0046994 0.9999790
103.484000 -1.7377780 -4.2048110 207.0122000 0.0002843 -0.0045597 -0.0045473 0.9999792
103.587700 -1.7464420 -4.2387810 208.3506000 0.0006646 -0.0046222 -0.0043294 0.9999797
103.691600 -1.7571960 -4.2709540 209.6908000 0.0002933 -0.0046593 -0.0043423 0.9999797
103.795400 -1.7683990 -4.3038180 211.0251000 -0.0000571 -0.0047723 -0.0045904 0.9999781
103.899100 -1.7800050 -4.3354850 212.3505000 0.0000959 -0.0049136 -0.0043758 0.9999783
104.002700 -1.7924880 -4.3660420 213.6668000 0.0000118 -0.0052155 -0.0042513 0.9999774
104.106500 -1.8027280 -4.3973640 214.9667000 -0.0006790 -0.0056869 -0.0036774 0.9999768
104.210200 -1.8149570 -4.4286040 216.2478000 -0.0017032 -0.0064518 -0.0036295 0.9999711
104.314000 -1.8267140 -4.4583160 217.5072000 -0.0028346 -0.0072166 -0.0031481 0.9999650
104.417800 -1.8425130 -4.4868840 218.7426000 -0.0040638 -0.0079362 -0.0034354 0.9999543
104.521600 -1.8597340 -4.5150140 219.9508000 -0.0040857 -0.0086608 -0.0039303 0.9999464
104.625300 -1.8778900 -4.5404790 221.1287000 -0.0035889 -0.0093961 -0.0039507 0.9999416
104.729200 -1.8951680 -4.5693350 222.2852000 -0.0038084 -0.0105281 -0.0037357 0.9999303
104.833000 -1.9172440 -4.5982970 223.4108000 -0.0036858 -0.0121970 -0.0037313 0.9999119
104.936700 -1.9416700 -4.6251780 224.5051000 -0.0034470 -0.0140789 -0.0033207 0.9998894
105.040500 -1.9719660 -4.6518330 225.5672000 -0.0032942 -0.0158417 -0.0037600 0.9998620
105.144300 -2.0045810 -4.6794950 226.6035000 -0.0031223 -0.0172772 -0.0040774 0.9998375
105.248100 -2.0401510 -4.7063390 227.6035000 -0.0032507 -0.0183465 -0.0052263 0.9998127
105.352000 -2.0737780 -4.7310160 228.5742000 -0.0038746 -0.0190353 -0.0052124 0.9997977
105.455800 -2.1060140 -4.7554430 229.5125000 -0.0047974 -0.0197217 -0.0052169 0.9997804
105.559600 -2.1396170 -4.7781380 230.4146000 -0.0050322 -0.0204332 -0.0051416 0.9997653
105.663500 -2.1741900 -4.7991620 231.2868000 -0.0049554 -0.0212910 -0.0053093 0.9997469
105.767300 -2.2078880 -4.8183740 232.1263000 -0.0047400 -0.0222619 -0.0049816 0.9997285
105.871200 -2.2436690 -4.8385750 232.9333000 -0.0039360 -0.0231507 -0.0055500 0.9997088
105.975200 -2.2800680 -4.8603720 233.7189000 -0.0026733 -0.0234627 -0.0063448 0.9997010
106.079100 -2.3149710 -4.8816330 234.4921000 -0.0006654 -0.0228488 -0.0071461 0.9997132
106.183100 -2.3468790 -4.9030830 235.2654000 0.0010222 -0.0210124 -0.0079881 0.9997468
106.287100 -2.3725590 -4.9236930 236.0372000 0.0015429 -0.0185795 -0.0078643 0.9997953
106.391100 -2.3911650 -4.9430650 236.8075000 0.0011903 -0.0164492 -0.0070980 0.9998388
106.495100 -2.4063400 -4.9616840 237.5762000 0.0006184 -0.0143987 -0.0062445 0.9998766
106.599100 -2.4215400 -4.9796060 238.3384000 0.0000965 -0.0122466 -0.0055889 0.9999094
106.703100 -2.4381720 -4.9978150 239.1021000 -0.0000376 -0.0099688 -0.0055965 0.9999346
106.807100 -2.4491880 -5.0161200 239.8593000 0.0000510 -0.0076977 -0.0054376 0.9999556
106.911100 -2.4574710 -5.0328570 240.6138000 0.0000841 -0.0055988 -0.0054609 0.9999694
107.015100 -2.4648480 -5.0490160 241.3652000 -0.0000956 -0.0036929 -0.0054843 0.9999781
107.119000 -2.4711180 -5.0640220 242.1130000 -0.0006101 -0.0019050 -0.0053827 0.9999835
107.223000 -2.4779400 -5.0767520 242.8585000 -0.0012781 -0.0003298 -0.0055189 0.9999839
107.327000 -2.4812290 -5.0904550 243.6012000 -0.0015103 0.0006283 -0.0051478 0.9999854
107.431000 -2.4859410 -5.1036710 244.3383000 -0.0009937 0.0011758 -0.0049148 0.9999867
107.535000 -2.4876040 -5.1187220 245.0752000 0.0003534 0.0015833 -0.0049868 0.9999862
107.639000 -2.4932490 -5.1318390 245.8164000 0.0022547 0.0019587 -0.0054365 0.9999808
107.742800 -2.4947300 -5.1473610 246.5623000 0.0033592 0.0021827 -0.0054361 0.9999772
107.846800 -2.4972720 -5.1644380 247.3157000 0.0034062 0.0019629 -0.0050244 0.9999796
107.950800 -2.4986060 -5.1825850 248.0723000 0.0032019 0.0016912 -0.0047316 0.9999822
108.054800 -2.5030850 -5.1992980 248.8329000 0.0030779 0.0013700 -0.0052416 0.9999806
108.158800 -2.5064860 -5.2182190 249.5991000 0.0038286 0.0010929 -0.0054127 0.9999774
108.262900 -2.5085050 -5.2377840 250.3665000 0.0050467 0.0012754 -0.0045830 0.9999759
108.366800 -2.5055630 -5.2568410 251.1395000 0.0059398 0.0016707 -0.0032252 0.9999758
108.470800 -2.5034530 -5.2730840 251.9216000 0.0048522 0.0022782 -0.0026298 0.9999822
108.574800 -2.5085410 -5.2892350 252.7116000 0.0019094 0.0027419 -0.0047102 0.9999833
108.678800 -2.5071210 -5.3069290 253.5088000 -0.0010842 0.0034477 -0.0048232 0.9999818
108.782900 -2.4989340 -5.3215320 254.3037000 -0.0009601 0.0043984 -0.0038154 0.9999826
108.887000 -2.4919810 -5.3361960 255.0990000 0.0020623 0.0059611 -0.0039953 0.9999721
108.991000 -2.4855610 -5.3511230 255.9000000 0.0045163 0.0075168 -0.0047959 0.9999500
109.095000 -2.4757780 -5.3702000 256.7068000 0.0049233 0.0086753 -0.0056125 0.9999345
109.199000 -2.4615930 -5.3927200 257.5259000 0.0041264 0.0098350 -0.0055629 0.9999276
109.303000 -2.4420730 -5.4141960 258.3481000 0.0028579 0.0108715 -0.0044150 0.9999271
109.407000 -2.4187880 -5.4324220 259.1759000 0.0022083 0.0117414 -0.0026148 0.9999252
109.511000 -2.3980990 -5.4515750 260.0072000 0.0025560 0.0127530 -0.0023030 0.9999128
109.615000 -2.3794000 -5.4724210 260.8436000 0.0037209 0.0137028 -0.0032614 0.9998939
109.719000 -2.3571780 -5.4929760 261.6878000 0.0053928 0.0144111 -0.0039670 0.9998737
109.823000 -2.3316490 -5.5134610 262.5408000 0.0063906 0.0151897 -0.0040877 0.9998559
109.927000 -2.3052110 -5.5362130 263.4078000 0.0056210 0.0161897 -0.0045385 0.9998428
110.031000 -2.2784460 -5.5607850 264.2827000 0.0046001 0.0172756 -0.0051130 0.9998271
110.135000 -2.2488800 -5.5850200 265.1670000 0.0043786 0.0179902 -0.0053014 0.9998145
110.239000 -2.2170260 -5.6083400 266.0593000 0.0046105 0.0182329 -0.0052848 0.9998092
110.343000 -2.1810480 -5.6327660 266.9604000 0.0047164 0.0182764 -0.0042343 0.9998129
110.447000 -2.1445620 -5.6578250 267.8693000 0.0042074 0.0183105 -0.0035173 0.9998173
110.551000 -2.1070910 -5.6845660 268.7872000 0.0041023 0.0184658 -0.0029682 0.9998167
110.655000 -2.0729950 -5.7105270 269.7117000 0.0038327 0.0185074 -0.0025952 0.9998180
110.759000 -2.0398570 -5.7354840 270.6435000 0.0033789 0.0184074 -0.0023402 0.9998221
110.862800 -2.0081370 -5.7599670 271.5780000 0.0024777 0.0182597 -0.0026259 0.9998268
110.966800 -1.9771830 -5.7869350 272.5156000 0.0021491 0.0178115 -0.0024814 0.9998360
111.070800 -1.9485770 -5.8130390 273.4511000 0.0022740 0.0169665 -0.0025283 0.9998503
111.174800 -1.9236940 -5.8375060 274.3868000 0.0027850 0.0158136 -0.0026502 0.9998676
111.278800 -1.9033060 -5.8627520 275.3220000 0.0031472 0.0145016 -0.0033835 0.9998842
111.382700 -1.8863010 -5.8889920 276.2556000 0.0032251 0.0131626 -0.0042154 0.9998993
111.486700 -1.8719580 -5.9145990 277.1894000 0.0029411 0.0117837 -0.0048108 0.9999147
111.590700 -1.8601710 -5.9400870 278.1217000 0.0022406 0.0105137 -0.0053167 0.9999281
111.694700 -1.8501650 -5.9652370 279.0549000 0.0012234 0.0092693 -0.0053463 0.9999420
111.798600 -1.8411300 -5.9892920 279.9822000 0.0005348 0.0081578 -0.0054189 0.9999519
111.902600 -1.8348780 -6.0117660 280.9067000 0.0001676 0.0071050 -0.0055377 0.9999594
112.006600 -1.8295380 -6.0331940 281.8284000 0.0000274 0.0061680 -0.0057363 0.9999645
112.110600 -1.8244230 -6.0542400 282.7472000 0.0000772 0.0053611 -0.0053036 0.9999716
112.214600 -1.8203780 -6.0760070 283.6626000 0.0003113 0.0046386 -0.0051514 0.9999759
112.318600 -1.8191880 -6.0972530 284.5738000 0.0004367 0.0039044 -0.0051735 0.9999789
112.422600 -1.8200780 -6.1183560 285.4729000 0.0000496 0.0031720 -0.0055620 0.9999795
112.526600 -1.8212930 -6.1400760 286.3559000 -0.0004938 0.0025459 -0.0055022 0.9999815
112.630600 -1.8246650 -6.1629570 287.2165000 -0.0002906 0.0020642 -0.0061282 0.9999790
112.734600 -1.8311320 -6.1860440 288.0602000 0.0007906 0.0017765 -0.0073616 0.9999710
112.838600 -1.8358120 -6.2089700 288.8905000 0.0023081 0.0016564 -0.0086316 0.9999587
112.942600 -1.8385730 -6.2327450 289.7169000 0.0034260 0.0016375 -0.0094608 0.9999480
113.046600 -1.8415990 -6.2578070 290.5416000 0.0037337 0.0018111 -0.0103165 0.9999382
113.150600 -1.8438270 -6.2815850 291.3657000 0.0040173 0.0020677 -0.0113031 0.9999259
113.254600 -1.8440530 -6.3054310 292.1857000 0.0044156 0.0025246 -0.0118819 0.9999165
113.358600 -1.8432430 -6.3323480 293.0004000 0.0049161 0.0032944 -0.0128580 0.9998998
113.462600 -1.8402090 -6.3607160 293.8122000 0.0050743 0.0040831 -0.0134584 0.9998882
113.566600 -1.8361860 -6.3874290 294.6199000 0.0044911 0.0046980 -0.0139413 0.9998817
113.670600 -1.8298360 -6.4144050 295.4284000 0.0035194 0.0051488 -0.0137005 0.9998867
113.774600 -1.8238320 -6.4403130 296.2317000 0.0024232 0.0050815 -0.0131199 0.9998981
113.878500 -1.8179400 -6.4641900 297.0309000 0.0013796 0.0044459 -0.0124962 0.9999111
113.982500 -1.8147440 -6.4861790 297.8283000 0.0005712 0.0036840 -0.0121110 0.9999197
114.086300 -1.8120350 -6.5065110 298.6243000 0.0001761 0.0029392 -0.0116835 0.9999274
114.190300 -1.8095170 -6.5247890 299.4226000 -0.0003836 0.0022194 -0.0111075 0.9999358
114.294300 -1.8076210 -6.5415540 300.2232000 -0.0006466 0.0012328 -0.0102243 0.9999468
