0.000000 -0.0000000 0.0000000 0.0000000 0.0000000 0.0000000 0.0000000 1.0000000
0.104128 0.0012891 -0.0182162 1.3106430 -0.0006606 -0.0001044 0.0004503 0.9999997
0.208254 0.0004448 -0.0420332 2.6252990 -0.0009317 -0.0002766 0.0008249 0.9999992
0.312504 0.0020376 -0.0630280 3.9417300 -0.0002690 -0.0003655 0.0017085 0.9999984
0.416625 0.0027779 -0.0848376 5.2610170 -0.0004077 -0.0003210 0.0018182 0.9999982
0.520755 0.0041579 -0.1014678 6.5816380 -0.0008216 -0.0002567 0.0019645 0.9999977
0.625004 0.0075710 -0.1165874 7.9087750 -0.0013472 -0.0002047 0.0027510 0.9999953
0.729128 0.0083238 -0.1328035 9.2389620 -0.0017926 -0.0002942 0.0025933 0.9999950
0.833252 0.0077283 -0.1497649 10.5696300 -0.0009349 -0.0004282 0.0023168 0.9999968
0.937506 0.0067809 -0.1634547 11.9042600 0.0003936 -0.0004828 0.0009550 0.9999993
1.041630 0.0034194 -0.1767480 13.2420800 0.0008667 -0.0003117 -0.0007756 0.9999993
1.145875 -0.0018622 -0.1959202 14.5804800 0.0007905 -0.0002638 -0.0019825 0.9999977
1.250003 -0.0058518 -0.2177602 15.9306600 0.0004366 -0.0001922 -0.0025928 0.9999965
1.354255 -0.0042677 -0.2364140 17.2822200 -0.0008886 0.0000131 -0.0015034 0.9999985
1.458401 0.0004828 -0.2537475 18.6346900 -0.0019956 0.0001269 0.0004487 0.9999979
1.562526 0.0050061 -0.2699101 19.9867000 -0.0009159 -0.0000181 0.0018196 0.9999979
1.666754 0.0041347 -0.2931092 21.3412700 0.0002768 -0.0001168 0.0025612 0.9999967
1.771007 -0.0007655 -0.3222297 22.7057500 0.0010308 0.0002111 0.0014206 0.9999984
1.875129 -0.0073693 -0.3468119 24.0721000 0.0003867 0.0006288 -0.0000717 0.9999997
1.979377 -0.0097193 -0.3687424 25.4486800 -0.0027137 0.0009688 -0.0007228 0.9999956
2.083502 -0.0050612 -0.3871399 26.8203000 -0.0027330 0.0011865 0.0005224 0.9999954
2.187759 0.0019623 -0.4099385 28.1947200 -0.0019416 0.0009810 0.0026679 0.9999941
2.291881 0.0052816 -0.4328977 29.5701200 -0.0006559 0.0009948 0.0029673 0.9999949
2.396132 0.0079390 -0.4591179 30.9498400 0.0004910 0.0011959 0.0030869 0.9999944
2.500257 0.0068271 -0.4850133 32.3353100 0.0006950 0.0015854 0.0014330 0.9999975
2.604383 0.0083052 -0.5122367 33.7178000 0.0017518 0.0017836 0.0009616 0.9999964
2.708628 0.0101734 -0.5431160 35.1108300 0.0019824 0.0017481 0.0005142 0.9999964
2.812757 0.0121194 -0.5746233 36.5078900 0.0008333 0.0017100 0.0004812 0.9999981
2.916881 0.0151148 -0.5999006 37.9058900 0.0000304 0.0014967 0.0000948 0.9999989
3.021006 0.0169685 -0.6238526 39.3015600 0.0001880 0.0014844 -0.0012594 0.9999981
3.125256 0.0194295 -0.6437120 40.7043700 0.0002770 0.0015526 -0.0025274 0.9999956
3.229379 0.0191634 -0.6707246 42.1110000 0.0000196 0.0015559 -0.0036026 0.9999923
3.333502 0.0213443 -0.6941320 43.5185800 -0.0001202 0.0014216 -0.0041551 0.9999903
3.437629 0.0262236 -0.7178581 44.9282100 0.0000872 0.0012069 -0.0036312 0.9999927
3.541754 0.0308604 -0.7390250 46.3412700 0.0004010 0.0008617 -0.0032127 0.9999944
3.645880 0.0340803 -0.7610315 47.7570400 0.0000319 0.0003808 -0.0028990 0.9999957
3.750007 0.0335922 -0.7839856 49.1796300 -0.0003959 -0.0001218 -0.0030047 0.9999954
3.854131 0.0317553 -0.8056350 50.6021800 -0.0005242 -0.0006536 -0.0033239 0.9999941
3.958276 0.0289579 -0.8265408 52.0283100 -0.0003330 -0.0012414 -0.0033201 0.9999937
4.062383 0.0253698 -0.8453836 53.4571600 -0.0009707 -0.0017972 -0.0034391 0.9999920
4.166506 0.0208294 -0.8668316 54.8846400 -0.0014541 -0.0021971 -0.0027446 0.9999928
4.270633 0.0168087 -0.8868800 56.3166000 -0.0014103 -0.0025150 -0.0019964 0.9999938
4.374756 0.0132291 -0.9072442 57.7455000 -0.0011967 -0.0028300 -0.0008568 0.9999949
4.478884 0.0100754 -0.9249469 59.1736500 -0.0014165 -0.0028653 -0.0001834 0.9999949
4.583132 0.0065243 -0.9446035 60.6031800 -0.0017378 -0.0026507 0.0004230 0.9999949
4.687259 0.0027642 -0.9647484 62.0279500 -0.0020532 -0.0024569 0.0009344 0.9999944
4.791384 -0.0013082 -0.9878100 63.4519800 -0.0018396 -0.0022419 0.0019012 0.9999940
4.895505 -0.0028736 -1.0081750 64.8718700 -0.0014153 -0.0019997 0.0026501 0.9999935
4.999630 -0.0059539 -1.0297000 66.2894000 -0.0011309 -0.0016778 0.0026136 0.9999945
5.103758 -0.0100203 -1.0502030 67.7031100 -0.0011595 -0.0012737 0.0017416 0.9999970
5.207869 -0.0193644 -1.0760750 69.1159300 -0.0018240 -0.0010329 0.0003257 0.9999977
5.311998 -0.0270228 -1.0978310 70.5300000 -0.0024785 -0.0006475 -0.0015043 0.9999956
5.416245 -0.0351344 -1.1182310 71.9397800 -0.0027548 -0.0002736 -0.0033296 0.9999906
5.520244 -0.0421465 -1.1359870 73.3398600 -0.0025574 0.0000537 -0.0055774 0.9999812
5.624505 -0.0467759 -1.1533110 74.7424500 -0.0023132 0.0004087 -0.0071086 0.9999720
5.728633 -0.0532768 -1.1772260 76.1445000 -0.0021784 0.0007546 -0.0081844 0.9999638
5.832639 -0.0545851 -1.1979420 77.5407900 -0.0022442 0.0009233 -0.0083223 0.9999624
5.936757 -0.0528732 -1.2180350 78.9349600 -0.0023255 0.0010023 -0.0077031 0.9999671
6.040889 -0.0495425 -1.2366550 80.3254500 -0.0018496 0.0009668 -0.0071217 0.9999725
6.145012 -0.0488321 -1.2582870 81.7109500 -0.0017857 0.0008265 -0.0067456 0.9999753
6.249010 -0.0483881 -1.2786760 83.0972100 -0.0019212 0.0007112 -0.0067678 0.9999750
6.353135 -0.0526907 -1.3000310 84.4836700 -0.0016620 0.0004434 -0.0065415 0.9999771
6.457260 -0.0607200 -1.3202450 85.8656200 -0.0018417 0.0000812 -0.0067195 0.9999757
6.561386 -0.0751804 -1.3436950 87.2501500 -0.0021964 -0.0003871 -0.0065270 0.9999762
6.665511 -0.0843762 -1.3629820 88.6290900 -0.0027251 -0.0009542 -0.0054647 0.9999809
6.769636 -0.0981323 -1.3826400 90.0063400 -0.0030815 -0.0015570 -0.0043909 0.9999844
6.873636 -0.1110475 -1.3997810 91.3752400 -0.0031644 -0.0018664 -0.0033953 0.9999875
6.977759 -0.1283351 -1.4180590 92.7412800 -0.0028252 -0.0021015 -0.0027481 0.9999900
7.081885 -0.1454603 -1.4359640 94.1033900 -0.0025659 -0.0022386 -0.0021343 0.9999919
7.186013 -0.1697048 -1.4561900 95.4607600 -0.0023757 -0.0023083 -0.0024653 0.9999915
7.290011 -0.1913409 -1.4762130 96.8138200 -0.0020304 -0.0022490 -0.0023653 0.9999926
7.394135 -0.2120314 -1.4964780 98.1654500 -0.0016917 -0.0021275 -0.0027271 0.9999926
7.498256 -0.2344056 -1.5176830 99.5151300 -0.0017554 -0.0019445 -0.0035267 0.9999903
7.602386 -0.2485715 -1.5349990 100.8603000 -0.0024429 -0.0018226 -0.0037597 0.9999883
7.706383 -0.2694021 -1.5560180 102.2054000 -0.0032218 -0.0017432 -0.0044109 0.9999836
7.810511 -0.2867601 -1.5752470 103.5459000 -0.0025684 -0.0017177 -0.0041476 0.9999866
7.914632 -0.3053256 -1.5960460 104.8845000 -0.0012469 -0.0016745 -0.0040855 0.9999895
8.018763 -0.3153955 -1.6132990 106.2208000 -0.0006589 -0.0016965 -0.0038161 0.9999911
8.122760 -0.3343086 -1.6384320 107.5653000 -0.0013131 -0.0016233 -0.0027506 0.9999940
8.226883 -0.3508131 -1.6612750 108.9064000 -0.0023721 -0.0013176 -0.0015691 0.9999951
8.331011 -0.3737761 -1.6867390 110.2446000 -0.0027035 -0.0008572 -0.0007787 0.9999957
8.435138 -0.3943149 -1.7101020 111.5766000 -0.0019777 -0.0005002 -0.0003367 0.9999979
8.539282 -0.4137129 -1.7339970 112.9050000 -0.0007826 -0.0001688 -0.0012977 0.9999988
8.643387 -0.4219683 -1.7539860 114.2286000 0.0003218 0.0003747 -0.0022652 0.9999973
8.747509 -0.4295899 -1.7750040 115.5601000 0.0004335 0.0010820 -0.0037837 0.9999922
8.851635 -0.4334779 -1.7942300 116.8930000 -0.0006542 0.0017956 -0.0044998 0.9999880
8.955763 -0.4334151 -1.8117940 118.2274000 -0.0018743 0.0023254 -0.0045447 0.9999852
9.059886 -0.4306137 -1.8258470 119.5613000 -0.0022231 0.0027155 -0.0040446 0.9999857
9.164012 -0.4334146 -1.8463220 120.9045000 -0.0018480 0.0032259 -0.0042987 0.9999838
9.268135 -0.4472932 -1.8809290 122.2684000 -0.0016120 0.0038468 -0.0051821 0.9999779
9.372259 -0.4560744 -1.9100300 123.6242000 -0.0014262 0.0044167 -0.0061974 0.9999700
9.476392 -0.4622549 -1.9403250 124.9835000 -0.0008909 0.0049755 -0.0065728 0.9999656
9.580513 -0.4641329 -1.9662950 126.3371000 -0.0006092 0.0055206 -0.0071187 0.9999592
9.684640 -0.4708495 -2.0060260 127.6925000 -0.0004739 0.0059765 -0.0067013 0.9999596
9.788784 -0.4718094 -2.0383430 129.0496000 -0.0008658 0.0063599 -0.0064383 0.9999587
9.892888 -0.4742800 -2.0731890 130.4070000 -0.0016239 0.0067795 -0.0059562 0.9999580
9.997010 -0.4701254 -2.0994890 131.7557000 -0.0016558 0.0069402 -0.0054582 0.9999596
10.101140 -0.4656937 -2.1277020 133.1097000 -0.0018436 0.0069294 -0.0044198 0.9999645
10.205260 -0.4651028 -2.1629320 134.4614000 -0.0021016 0.0067675 -0.0035861 0.9999685
10.309390 -0.4661197 -2.1983880 135.8146000 -0.0019153 0.0064975 -0.0028309 0.9999730
10.413390 -0.4644953 -2.2263090 137.1606000 -0.0018729 0.0058696 -0.0020349 0.9999789
10.517510 -0.4645723 -2.2548540 138.5124000 -0.0023757 0.0053359 -0.0014086 0.9999819
10.621640 -0.4641807 -2.2817490 139.8626000 -0.0025298 0.0048278 -0.0006264 0.9999849
10.725760 -0.4674418 -2.3148660 141.2129000 -0.0024835 0.0041765 -0.0002530 0.9999882
10.829890 -0.4704574 -2.3418860 142.5622000 -0.0022530 0.0035509 -0.0001226 0.9999911
10.934020 -0.4747020 -2.3674550 143.9099000 -0.0020047 0.0030334 0.0000671 0.9999934
11.038140 -0.4789013 -2.3950240 145.2578000 -0.0011146 0.0025397 0.0008847 0.9999958
11.142270 -0.4813925 -2.4265930 146.6011000 -0.0003892 0.0019757 0.0036497 0.9999913
11.246390 -0.4844150 -2.4629690 147.9538000 -0.0017941 0.0014140 0.0070450 0.9999726
11.350520 -0.4832843 -2.4893660 149.3030000 -0.0022648 0.0006848 0.0108652 0.9999382
11.454640 -0.4887986 -2.5186170 150.6481000 -0.0010557 0.0000798 0.0125251 0.9999210
11.558780 -0.4979854 -2.5456280 151.9917000 0.0009446 0.0001785 0.0125669 0.9999206
11.663020 -0.5139897 -2.5817920 153.3373000 0.0018292 0.0006047 0.0107953 0.9999399
11.767160 -0.5203405 -2.6118850 154.6843000 0.0018255 0.0009815 0.0106679 0.9999409
11.871260 -0.5188374 -2.6414490 156.0329000 0.0002554 0.0013017 0.0120308 0.9999267
11.975390 -0.5104870 -2.6661630 157.3829000 -0.0013654 0.0015612 0.0147555 0.9998890
12.079640 -0.4996047 -2.6891500 158.7319000 -0.0017211 0.0015646 0.0168334 0.9998556
12.183770 -0.4908894 -2.7113830 160.0786000 -0.0019055 0.0015375 0.0177315 0.9998398
12.287890 -0.4848759 -2.7367800 161.4290000 -0.0020916 0.0019467 0.0169539 0.9998522
12.392020 -0.4836516 -2.7606040 162.7788000 -0.0019169 0.0025509 0.0149856 0.9998826
12.496260 -0.4767803 -2.7872540 164.1295000 -0.0007196 0.0030060 0.0132711 0.9999072
12.600390 -0.4687840 -2.8106670 165.4807000 -0.0002988 0.0033788 0.0118509 0.9999240
12.704520 -0.4599264 -2.8355580 166.8390000 -0.0009727 0.0035837 0.0108483 0.9999343
12.808640 -0.4494840 -2.8619860 168.2000000 -0.0008779 0.0034687 0.0100286 0.9999433
12.912790 -0.4424438 -2.8865600 169.5602000 0.0003263 0.0032145 0.0090684 0.9999537
13.016890 -0.4389717 -2.9142400 170.9198000 0.0017772 0.0029541 0.0073239 0.9999672
13.121140 -0.4111543 -2.9327310 172.2841000 0.0024243 0.0028584 0.0048737 0.9999811
13.225270 -0.3881120 -2.9607710 173.6528000 0.0019972 0.0030121 0.0025765 0.9999901
13.329390 -0.3779301 -2.9864480 175.0291000 0.0007555 0.0032810 0.0009160 0.9999939
13.433520 -0.3588782 -3.0085390 176.4086000 -0.0002325 0.0033469 0.0007377 0.9999941
13.537640 -0.3405308 -3.0139130 177.7852000 -0.0009020 0.0029565 0.0021670 0.9999929
13.641770 -0.3214042 -3.0229530 179.1607000 -0.0008282 0.0021178 0.0034430 0.9999915
13.745910 -0.3136545 -3.0411230 180.5420000 0.0012228 0.0010805 0.0036555 0.9999920
13.850020 -0.3089995 -3.0621000 181.9214000 0.0034748 0.0003273 0.0031255 0.9999890
13.954150 -0.3140564 -3.0881580 183.3098000 0.0039378 0.0000353 0.0007368 0.9999920
14.058400 -0.3186558 -3.1144660 184.7039000 0.0032425 -0.0000208 -0.0012984 0.9999939
14.162520 -0.3141305 -3.1375550 186.0994000 0.0017034 0.0001204 -0.0021527 0.9999962
14.266640 -0.3087277 -3.1644780 187.4988000 0.0006154 0.0003275 -0.0025474 0.9999965
14.370770 -0.3089327 -3.1939450 188.9003000 0.0002078 0.0003670 -0.0022242 0.9999974
14.474890 -0.3070211 -3.2218580 190.3048000 -0.0001830 0.0003390 -0.0014838 0.9999988
14.579010 -0.3030042 -3.2505300 191.7128000 -0.0003977 0.0003295 -0.0001823 0.9999998
14.683140 -0.3007558 -3.2811620 193.1213000 -0.0004071 0.0005235 0.0011555 0.9999991
14.787290 -0.2979338 -3.3141350 194.5397000 -0.0008841 0.0006868 0.0026451 0.9999959
14.891390 -0.2945301 -3.3443750 195.9592000 -0.0017862 0.0008943 0.0046834 0.9999870
14.995520 -0.2955048 -3.3845570 197.3809000 -0.0018025 0.0010104 0.0064016 0.9999774
15.099640 -0.2998637 -3.4193650 198.8011000 0.0003082 0.0011153 0.0054737 0.9999843
15.203790 -0.3150034 -3.4713630 200.2242000 0.0031135 0.0013461 0.0022067 0.9999918
15.308020 -0.3321987 -3.5150790 201.6573000 0.0033656 0.0019432 -0.0024641 0.9999894
15.412140 -0.3485808 -3.5555760 203.0948000 0.0012463 0.0026601 -0.0065932 0.9999739
15.516270 -0.3518432 -3.5803270 204.5325000 0.0000470 0.0030447 -0.0073299 0.9999685
15.620390 -0.3481359 -3.6040830 205.9704000 0.0000701 0.0027778 -0.0063110 0.9999762
15.724520 -0.3438313 -3.6286740 207.4183000 0.0000457 0.0021953 -0.0047675 0.9999862
15.828640 -0.3421980 -3.6508860 208.8679000 0.0000838 0.0016318 -0.0035257 0.9999924
15.932650 -0.3429638 -3.6743600 210.3232000 0.0005223 0.0013750 -0.0037096 0.9999920
16.036770 -0.3479510 -3.7089450 211.7849000 0.0004532 0.0013220 -0.0044325 0.9999892
16.140900 -0.3533161 -3.7417690 213.2453000 -0.0000368 0.0012620 -0.0050578 0.9999864
16.245020 -0.3575809 -3.7780650 214.7142000 0.0000312 0.0011438 -0.0047635 0.9999880
16.349140 -0.3574839 -3.8099870 216.1864000 0.0007322 0.0009445 -0.0045549 0.9999889
16.453270 -0.3559812 -3.8370870 217.6615000 0.0007803 0.0008473 -0.0041801 0.9999906
16.557390 -0.3604882 -3.8676190 219.1419000 0.0006079 0.0006230 -0.0043552 0.9999901
16.661520 -0.3669047 -3.8996940 220.6192000 0.0008816 0.0004509 -0.0043726 0.9999899
16.765650 -0.3711882 -3.9331700 222.1053000 0.0010170 0.0003514 -0.0043980 0.9999897
16.869650 -0.3755068 -3.9616960 223.5894000 0.0009875 0.0001789 -0.0049465 0.9999873
16.973770 -0.3771503 -3.9905030 225.0789000 0.0011901 0.0000072 -0.0047680 0.9999879
17.077890 -0.3787707 -4.0170670 226.5691000 0.0011333 -0.0001246 -0.0050200 0.9999867
17.182030 -0.3785266 -4.0481360 228.0602000 0.0010647 -0.0001777 -0.0045480 0.9999891
17.286140 -0.3786614 -4.0750780 229.5511000 0.0013830 -0.0001234 -0.0039207 0.9999913
17.390270 -0.3766086 -4.0990440 231.0454000 0.0012070 -0.0000404 -0.0033528 0.9999936
17.494400 -0.3745701 -4.1249940 232.5421000 0.0008329 0.0000585 -0.0025598 0.9999964
17.598420 -0.3739626 -4.1536240 234.0378000 0.0006163 0.0000540 -0.0024834 0.9999967
17.702520 -0.3764692 -4.1863330 235.5390000 0.0006946 0.0000120 -0.0026679 0.9999962
17.806640 -0.3784077 -4.2202260 237.0446000 0.0013125 0.0001222 -0.0030145 0.9999946
17.910650 -0.3814943 -4.2533150 238.5499000 0.0009148 0.0003872 -0.0036487 0.9999928
18.014770 -0.3829065 -4.2853880 240.0603000 -0.0002974 0.0007099 -0.0038089 0.9999924
18.118900 -0.3820924 -4.3151030 241.5712000 -0.0004896 0.0009652 -0.0036713 0.9999927
18.223020 -0.3818797 -4.3471380 243.0873000 0.0003069 0.0012036 -0.0037990 0.9999920
18.327020 -0.3796393 -4.3776460 244.6020000 0.0009896 0.0014795 -0.0037824 0.9999913
18.431150 -0.3770780 -4.4046960 246.1231000 0.0007615 0.0016334 -0.0042956 0.9999891
18.535360 -0.3721572 -4.4320220 247.6477000 0.0002916 0.0016641 -0.0040492 0.9999904
18.639420 -0.3683885 -4.4582190 249.1682000 -0.0000782 0.0015113 -0.0040908 0.9999905
18.743480 -0.3658944 -4.4870630 250.6964000 -0.0002432 0.0013979 -0.0042529 0.9999899
18.847540 -0.3629857 -4.5113010 252.2241000 -0.0002911 0.0014181 -0.0049854 0.9999865
18.951650 -0.3598899 -4.5357450 253.7570000 -0.0003065 0.0015206 -0.0054767 0.9999838
19.055650 -0.3565283 -4.5584410 255.2885000 -0.0003189 0.0014644 -0.0057774 0.9999822
19.159650 -0.3518994 -4.5849400 256.8230000 -0.0004778 0.0014703 -0.0049885 0.9999864
19.263770 -0.3474488 -4.6115780 258.3612000 -0.0009298 0.0014219 -0.0042413 0.9999896
19.367870 -0.3407995 -4.6376040 259.9003000 -0.0014362 0.0014510 -0.0028252 0.9999939
19.471780 -0.3346776 -4.6622370 261.4352000 -0.0010471 0.0012929 -0.0020572 0.9999965
19.575900 -0.3291338 -4.6865510 262.9731000 -0.0003397 0.0011523 -0.0014429 0.9999982
19.679910 -0.3253738 -4.7157450 264.5113000 -0.0012440 0.0014427 -0.0004701 0.9999981
19.784020 -0.3249046 -4.7481730 266.0572000 -0.0025053 0.0016644 0.0000575 0.9999955
19.888070 -0.3208179 -4.7883720 267.5981000 -0.0020032 0.0017324 0.0010300 0.9999960
19.992130 -0.3173943 -4.8246790 269.1377000 -0.0012353 0.0018800 0.0014542 0.9999964
20.096150 -0.3166024 -4.8660520 270.6771000 -0.0011916 0.0021963 0.0009651 0.9999964
20.200150 -0.3155943 -4.9065880 272.2185000 -0.0013846 0.0027396 0.0002292 0.9999953
20.304270 -0.3140401 -4.9502190 273.7649000 -0.0011783 0.0032213 -0.0006206 0.9999939
20.408270 -0.3112309 -4.9876260 275.3072000 -0.0011351 0.0036990 -0.0012162 0.9999918
20.512310 -0.3114206 -5.0398360 276.8535000 -0.0009560 0.0040947 -0.0015951 0.9999899
20.616400 -0.3062026 -5.0827550 278.3952000 -0.0006547 0.0045141 -0.0017733 0.9999880
20.720420 -0.3011292 -5.1341360 279.9451000 -0.0004245 0.0049683 -0.0015036 0.9999864
20.824520 -0.2897536 -5.1720380 281.4958000 -0.0005052 0.0053860 -0.0012086 0.9999846
20.928690 -0.2764899 -5.2100370 283.0498000 -0.0011598 0.0057589 -0.0007519 0.9999825
21.032780 -0.2599233 -5.2416900 284.6005000 -0.0013681 0.0059331 -0.0000431 0.9999815
21.136780 -0.2447296 -5.2775980 286.1454000 -0.0001887 0.0059650 0.0002881 0.9999821
21.240880 -0.2301583 -5.3162440 287.6999000 0.0010965 0.0057863 0.0007526 0.9999824
21.344920 -0.2170805 -5.3551480 289.2536000 0.0012459 0.0053616 0.0005923 0.9999847
21.448900 -0.2045251 -5.3904750 290.8103000 0.0009105 0.0050096 0.0013963 0.9999861
21.552900 -0.1926927 -5.4248780 292.3692000 0.0012164 0.0045035 0.0013467 0.9999882
21.657020 -0.1828271 -5.4625780 293.9316000 0.0013509 0.0042227 0.0012119 0.9999894
21.761020 -0.1753107 -5.5021440 295.5007000 0.0010963 0.0038672 0.0011909 0.9999912
21.865030 -0.1681708 -5.5426540 297.0723000 0.0009431 0.0034441 0.0014138 0.9999926
21.969150 -0.1571664 -5.5732090 298.6502000 0.0005537 0.0029252 0.0017354 0.9999941
22.073170 -0.1498301 -5.6056620 300.2367000 -0.0002307 0.0026474 0.0009423 0.9999960
22.177150 -0.1436567 -5.6380560 301.8211000 -0.0005184 0.0029658 0.0006784 0.9999952
22.281150 -0.1362308 -5.6740450 303.4130000 -0.0002540 0.0034508 0.0003904 0.9999939
22.385270 -0.1245796 -5.7049270 305.0095000 -0.0000272 0.0036408 0.0010337 0.9999928
22.489270 -0.1113075 -5.7405630 306.6086000 0.0004109 0.0037246 0.0018931 0.9999912
22.593280 -0.1009905 -5.7759380 308.2116000 0.0013800 0.0038737 0.0027185 0.9999878
22.697420 -0.0964999 -5.8211060 309.8189000 0.0018742 0.0038771 0.0028514 0.9999867
22.801400 -0.0932494 -5.8630460 311.4331000 0.0023291 0.0028174 0.0025812 0.9999900
22.905400 -0.0965843 -5.9077660 313.0445000 0.0021215 0.0017453 0.0021161 0.9999940
23.009400 -0.1065230 -5.9520290 314.6682000 0.0005408 0.0015386 0.0012410 0.9999979
23.113490 -0.1079811 -5.9906880 316.2953000 -0.0010982 0.0017912 0.0018535 0.9999961
23.217420 -0.1086696 -6.0324260 317.9241000 -0.0015206 0.0018977 0.0023794 0.9999942
23.321400 -0.1058419 -6.0683620 319.5525000 -0.0008647 0.0020398 0.0030970 0.9999927
23.425400 -0.1039698 -6.1068450 321.1823000 -0.0008819 0.0022093 0.0034808 0.9999911
23.529550 -0.1009179 -6.1434040 322.8139000 -0.0010912 0.0023082 0.0034178 0.9999909
23.633550 -0.0988311 -6.1852820 324.4397000 -0.0009902 0.0025531 0.0034859 0.9999902
23.737530 -0.0964844 -6.2240880 326.0682000 -0.0006900 0.0027938 0.0027647 0.9999920
23.841660 -0.0941105 -6.2688190 327.6976000 -0.0003111 0.0031287 0.0023694 0.9999922
23.945650 -0.0849696 -6.3054280 329.3242000 -0.0012075 0.0035513 0.0029292 0.9999887
24.049650 -0.0744272 -6.3421130 330.9508000 -0.0017624 0.0036180 0.0033770 0.9999862
24.153670 -0.0642123 -6.3722440 332.5694000 -0.0010308 0.0034656 0.0039909 0.9999855
24.257780 -0.0584489 -6.4134970 334.1893000 -0.0010830 0.0034697 0.0035865 0.9999870
24.361780 -0.0543496 -6.4507800 335.8024000 -0.0004085 0.0034181 0.0023926 0.9999912
24.465780 -0.0494975 -6.4925510 337.4097000 0.0017460 0.0030492 0.0017900 0.9999922
24.569780 -0.0454804 -6.5321880 339.0211000 0.0011819 0.0026175 0.0010008 0.9999954
24.673900 -0.0425701 -6.5713970 340.6287000 -0.0005335 0.0021864 0.0007316 0.9999972
24.777900 -0.0393030 -6.6018110 342.2462000 -0.0021577 0.0016509 0.0001378 0.9999963
24.882030 -0.0368100 -6.6289180 343.8528000 -0.0015249 0.0010435 -0.0001045 0.9999983
24.986020 -0.0351466 -6.6527820 345.4525000 -0.0004876 0.0001303 0.0002128 0.9999998
25.090170 -0.0345479 -6.6776440 347.0554000 -0.0012865 -0.0008089 0.0007181 0.9999986
25.194150 -0.0370718 -6.7081520 348.6551000 -0.0017258 -0.0013107 0.0015342 0.9999965
25.298280 -0.0415633 -6.7372390 350.2532000 -0.0012490 -0.0015283 0.0016747 0.9999966
25.402400 -0.0526102 -6.7730590 351.8478000 -0.0007975 -0.0016349 0.0020040 0.9999963
25.506530 -0.0627708 -6.8058620 353.4464000 -0.0008269 -0.0016466 0.0020384 0.9999962
25.610540 -0.0750661 -6.8435640 355.0379000 -0.0007392 -0.0016304 0.0022848 0.9999958
25.714650 -0.0857036 -6.8825520 356.6308000 -0.0004381 -0.0016452 0.0026079 0.9999951
25.818650 -0.0972999 -6.9217630 358.2218000 -0.0001077 -0.0017086 0.0027008 0.9999949
25.922780 -0.1091014 -6.9587150 359.8125000 -0.0002864 -0.0016720 0.0029491 0.9999942
26.026980 -0.1223014 -6.9959350 361.4037000 0.0002153 -0.0016358 0.0027346 0.9999949
26.130900 -0.1322206 -7.0340170 362.9890000 0.0008260 -0.0016021 0.0034930 0.9999923
26.235050 -0.1419952 -7.0727170 364.5867000 0.0000851 -0.0015428 0.0041728 0.9999901
26.339150 -0.1552999 -7.1123980 366.1838000 -0.0004920 -0.0016050 0.0050032 0.9999861
26.443290 -0.1668615 -7.1468840 367.7811000 -0.0001429 -0.0015805 0.0052779 0.9999848
26.547800 -0.1858911 -7.1882900 369.3866000 0.0002952 -0.0013951 0.0047240 0.9999878
26.651410 -0.2029185 -7.2250810 370.9753000 -0.0003318 -0.0011530 0.0037196 0.9999924
26.757930 -0.2229981 -7.2688400 372.6154000 -0.0004798 -0.0009014 0.0030508 0.9999948
26.862580 -0.2378134 -7.3068080 374.2253000 -0.0003547 -0.0007173 0.0028521 0.9999956
26.963660 -0.2519893 -7.3449360 375.7811000 0.0000443 -0.0006000 0.0029391 0.9999955
27.067820 -0.2625878 -7.3793360 377.3873000 0.0001672 -0.0004598 0.0028611 0.9999958
27.171920 -0.2704012 -7.4144180 378.9929000 0.0001941 -0.0003470 0.0026678 0.9999964
27.276060 -0.2783585 -7.4484110 380.6071000 0.0001348 -0.0001909 0.0020905 0.9999978
27.380140 -0.2877925 -7.4850570 382.2202000 -0.0002264 -0.0000282 0.0014484 0.9999989
27.484700 -0.2960866 -7.5220790 383.8408000 0.0000802 0.0001040 0.0008560 0.9999996
27.588410 -0.3039652 -7.5587090 385.4512000 0.0003792 0.0002439 0.0004435 0.9999998
27.692530 -0.3110174 -7.5967480 387.0678000 0.0003119 0.0003859 0.0000613 0.9999999
27.796540 -0.3164538 -7.6315980 388.6857000 -0.0001348 0.0005365 -0.0005648 0.9999997
27.900670 -0.3206582 -7.6644290 390.3059000 -0.0004920 0.0007256 -0.0011209 0.9999990
28.005230 -0.3238003 -7.6961950 391.9359000 -0.0001585 0.0009190 -0.0014510 0.9999985
28.108940 -0.3237896 -7.7316910 393.5579000 -0.0002312 0.0010476 -0.0014659 0.9999983
