#TimeStamp Tx Ty Tz Qx Qy Qz Qw
0.033333 0.0000000 0.0000000 -2.2500000 0.0000000 0.0000000 0.0000000 1.0000000
0.066667 -0.0000458 0.0026770 -2.2509100 0.0012364 -0.0001916 -0.0002650 0.9999990
0.100000 0.0001121 0.0019572 -2.2508200 -0.0009576 -0.0004205 -0.0001450 0.9999990
0.133333 -0.0000837 0.0015578 -2.2506500 -0.0013861 0.0002000 -0.0004114 0.9999990
0.166667 0.0000577 0.0026567 -2.2509800 -0.0012449 0.0006391 -0.0008224 0.9999990
0.200000 -0.0000525 0.0028565 -2.2510600 -0.0024014 0.0008819 -0.0011351 0.9999960
0.233333 -0.0002122 0.0015280 -2.2506200 -0.0036471 0.0010352 -0.0008417 0.9999920
0.266667 -0.0000055 0.0015283 -2.2505600 -0.0028130 0.0008137 -0.0007510 0.9999950
0.300000 0.0000436 0.0022676 -2.2507300 -0.0023388 0.0008015 -0.0009010 0.9999970
0.333333 -0.0000818 0.0016584 -2.2505400 -0.0030923 0.0008572 -0.0008289 0.9999950
0.366667 -0.0000870 0.0008094 -2.2502600 -0.0028098 0.0009081 -0.0006946 0.9999950
0.400000 -0.0001140 0.0003605 -2.2499300 -0.0017159 0.0010494 -0.0004959 0.9999980
0.433333 0.0000632 0.0003107 -2.2498400 -0.0006669 0.0008761 -0.0000497 0.9999990
0.466667 0.0000477 0.0002208 -2.2497700 0.0000260 0.0005615 0.0004287 1.0000000
0.500000 0.0003660 0.0002706 -2.2498300 0.0007270 0.0001885 0.0006553 1.0000000
0.533333 0.0002465 0.0004108 -2.2498000 0.0009591 0.0001058 0.0008142 0.9999990
0.566667 0.0002320 0.0010900 -2.2500500 0.0012938 -0.0001986 0.0006369 0.9999990
0.600000 0.0001557 0.0010099 -2.2501000 0.0007320 -0.0003076 0.0000217 1.0000000
0.633333 -0.0000079 0.0012796 -2.2502100 0.0004199 -0.0002395 -0.0007483 1.0000000
0.666667 -0.0001080 0.0013692 -2.2503500 -0.0003146 -0.0000131 -0.0015663 0.9999990
0.700000 -0.0000041 0.0012095 -2.2502500 -0.0008875 0.0001095 -0.0020464 0.9999970
0.733333 -0.0003135 0.0013695 -2.2503200 -0.0011152 0.0001473 -0.0024724 0.9999960
0.766667 -0.0002949 0.0012295 -2.2503100 -0.0016369 -0.0000283 -0.0026458 0.9999950
0.800000 -0.0005879 0.0011897 -2.2503100 -0.0017506 -0.0001147 -0.0027359 0.9999950
0.833333 -0.0004292 0.0009398 -2.2502700 -0.0017830 -0.0005997 -0.0028276 0.9999940
0.866667 -0.0006707 0.0009999 -2.2502900 -0.0014702 -0.0005837 -0.0029919 0.9999940
0.900000 -0.0007823 0.0011101 -2.2502600 -0.0012850 -0.0005595 -0.0033145 0.9999940
0.933333 -0.0011547 0.0008209 -2.2501500 -0.0015742 -0.0003379 -0.0035341 0.9999920
0.966667 -0.0009282 0.0004306 -2.2501800 -0.0015578 -0.0004201 -0.0038090 0.9999910
1.000000 -0.0011177 0.0006907 -2.2502000 -0.0010941 -0.0002946 -0.0041265 0.9999910
1.033333 -0.0013637 0.0010908 -2.2502400 -0.0009851 -0.0001711 -0.0042915 0.9999900
1.066667 -0.0016172 0.0009313 -2.2500800 -0.0019141 -0.0002187 -0.0047409 0.9999870
1.100000 -0.0020604 0.0012619 -2.2500100 -0.0016408 -0.0001688 -0.0051098 0.9999860
1.133333 -0.0023842 0.0021114 -2.2502500 -0.0016655 0.0000810 -0.0054041 0.9999840
1.166667 -0.0027537 0.0022714 -2.2502700 -0.0023865 0.0006349 -0.0056270 0.9999810
1.200000 -0.0028851 0.0017922 -2.2500300 -0.0028941 0.0015800 -0.0057122 0.9999780
1.233333 -0.0030534 0.0023623 -2.2500000 -0.0026066 0.0025853 -0.0056890 0.9999770
1.266667 -0.0036426 0.0038917 -2.2503400 -0.0028233 0.0038470 -0.0054315 0.9999740
1.300000 -0.0039184 0.0034533 -2.2499200 -0.0049471 0.0046647 -0.0046037 0.9999660
1.333333 -0.0042851 0.0022357 -2.2492000 -0.0060341 0.0049930 -0.0035391 0.9999630
1.366667 -0.0048571 0.0025270 -2.2488500 -0.0052230 0.0053749 -0.0026871 0.9999680
1.400000 -0.0050662 0.0026591 -2.2483100 -0.0051090 0.0056745 -0.0021390 0.9999690
1.433333 -0.0055199 0.0022814 -2.2476600 -0.0050066 0.0061252 -0.0018409 0.9999670
1.466667 -0.0058129 0.0027833 -2.2471100 -0.0040551 0.0069512 -0.0022752 0.9999650
1.500000 -0.0060883 0.0039053 -2.2465700 -0.0036476 0.0077751 -0.0033615 0.9999570
1.533333 -0.0061414 0.0042982 -2.2456700 -0.0045761 0.0087992 -0.0046439 0.9999400
1.566667 -0.0064859 0.0043530 -2.2442200 -0.0054654 0.0098103 -0.0061162 0.9999180
1.600000 -0.0064220 0.0057962 -2.2431900 -0.0056982 0.0101078 -0.0079578 0.9999010
1.633333 -0.0063818 0.0063512 -2.2416800 -0.0075089 0.0103872 -0.0099162 0.9998690
1.666667 -0.0063288 0.0061572 -2.2397700 -0.0091955 0.0106972 -0.0116038 0.9998330
1.700000 -0.0057609 0.0062928 -2.2378500 -0.0097810 0.0104615 -0.0131838 0.9998110
1.733333 -0.0053656 0.0075378 -2.2362100 -0.0100398 0.0100790 -0.0143926 0.9997950
1.766667 -0.0043914 0.0082629 -2.2344300 -0.0114258 0.0097469 -0.0156687 0.9997640
1.800000 -0.0040357 0.0080106 -2.2319200 -0.0130153 0.0094834 -0.0164560 0.9997350
1.833333 -0.0035202 0.0077784 -2.2294000 -0.0136112 0.0082292 -0.0169969 0.9997290
1.866667 -0.0023980 0.0078752 -2.2270000 -0.0135466 0.0062351 -0.0179012 0.9997290
1.900000 -0.0017290 0.0068538 -2.2241400 -0.0135538 0.0047949 -0.0191278 0.9997140
1.933333 -0.0004346 0.0071414 -2.2214900 -0.0116981 0.0030599 -0.0206340 0.9997140
1.966667 0.0004923 0.0084584 -2.2190900 -0.0101528 0.0015483 -0.0230713 0.9996810
2.000000 0.0017717 0.0084767 -2.2161600 -0.0101312 0.0000400 -0.0254872 0.9996240
2.033333 0.0030644 0.0085652 -2.2132500 -0.0097096 -0.0016700 -0.0279588 0.9995610
2.066667 0.0044770 0.0092127 -2.2105600 -0.0091826 -0.0038871 -0.0301969 0.9994940
2.100000 0.0060718 0.0088918 -2.2074100 -0.0092359 -0.0064277 -0.0322284 0.9994170
2.133333 0.0072782 0.0092702 -2.2045600 -0.0089060 -0.0091209 -0.0349035 0.9993090
2.166667 0.0090642 0.0102572 -2.2020200 -0.0092028 -0.0118259 -0.0381141 0.9991610
2.200000 0.0111790 0.0088062 -2.1987100 -0.0105590 -0.0146181 -0.0411761 0.9989890
2.233333 0.0115125 0.0085950 -2.1958500 -0.0087040 -0.0167492 -0.0448879 0.9988140
2.266667 0.0133417 0.0094624 -2.1931900 -0.0068624 -0.0198169 -0.0477905 0.9986370
2.300000 0.0148449 0.0101991 -2.1907200 -0.0065020 -0.0227356 -0.0502207 0.9984580
2.333333 0.0161009 0.0094879 -2.1876800 -0.0070120 -0.0258877 -0.0518151 0.9982960
2.366667 0.0175905 0.0097754 -2.1850100 -0.0063936 -0.0292018 -0.0529625 0.9981490
2.400000 0.0189207 0.0103023 -2.1825500 -0.0066728 -0.0321506 -0.0540934 0.9979960
2.433333 0.0204017 0.0094504 -2.1796500 -0.0074960 -0.0356455 -0.0555859 0.9977890
2.466667 0.0217600 0.0091181 -2.1769500 -0.0065042 -0.0393083 -0.0576178 0.9975430
2.500000 0.0232525 0.0103540 -2.1747700 -0.0050028 -0.0432608 -0.0604908 0.9972180
2.533333 0.0243528 0.0114999 -2.1726700 -0.0054674 -0.0469015 -0.0633558 0.9968730
2.566667 0.0258691 0.0108178 -2.1698400 -0.0070230 -0.0507297 -0.0667264 0.9964560
2.600000 0.0266969 0.0106158 -2.1671100 -0.0068889 -0.0537045 -0.0699887 0.9960770
2.633333 0.0277786 0.0116923 -2.1648800 -0.0061656 -0.0573523 -0.0728699 0.9956720
2.666667 0.0291069 0.0119395 -2.1623600 -0.0069905 -0.0620041 -0.0758870 0.9951620
2.700000 0.0296390 0.0121870 -2.1598500 -0.0076279 -0.0661748 -0.0791325 0.9946360
2.733333 0.0307398 0.0131137 -2.1574500 -0.0081683 -0.0708336 -0.0825115 0.9940360
2.766667 0.0314989 0.0133212 -2.1549000 -0.0101409 -0.0750044 -0.0853048 0.9934760
2.800000 0.0320930 0.0129397 -2.1521300 -0.0119420 -0.0793107 -0.0877660 0.9929070
2.833333 0.0329044 0.0130973 -2.1495500 -0.0124900 -0.0839806 -0.0901554 0.9923020
2.866667 0.0337753 0.0130558 -2.1467000 -0.0127470 -0.0886499 -0.0926617 0.9916610
2.900000 0.0345623 0.0134041 -2.1439400 -0.0125395 -0.0929790 -0.0953501 0.9910130
2.933333 0.0353830 0.0133827 -2.1410300 -0.0126865 -0.0967475 -0.0980380 0.9903880
2.966667 0.0358520 0.0133717 -2.1380600 -0.0122787 -0.1002490 -0.1010790 0.9897390
3.000000 0.0370862 0.0139506 -2.1350500 -0.0112773 -0.1041850 -0.1043510 0.9890040
3.033333 0.0376325 0.0142004 -2.1318800 -0.0113542 -0.1074410 -0.1071990 0.9883500
3.066667 0.0380929 0.0147195 -2.1289400 -0.0115343 -0.1110010 -0.1089470 0.9877630
3.100000 0.0388997 0.0145292 -2.1257500 -0.0125749 -0.1150520 -0.1101700 0.9871510
3.133333 0.0397494 0.0147483 -2.1226800 -0.0130545 -0.1194820 -0.1115980 0.9864580
3.166667 0.0406783 0.0146081 -2.1194300 -0.0142191 -0.1245570 -0.1135810 0.9855880
3.200000 0.0412381 0.0131693 -2.1157900 -0.0150971 -0.1296640 -0.1167450 0.9845450
3.233333 0.0418725 0.0133090 -2.1126400 -0.0136104 -0.1340650 -0.1200100 0.9835850
3.266667 0.0429289 0.0133085 -2.1094100 -0.0130665 -0.1385130 -0.1233790 0.9825590
3.300000 0.0431306 0.0116999 -2.1057800 -0.0129242 -0.1428670 -0.1266280 0.9815230
3.333333 0.0436907 0.0111501 -2.1024000 -0.0104810 -0.1473310 -0.1291360 0.9805650
3.366667 0.0443847 0.0114689 -2.0994400 -0.0080776 -0.1516540 -0.1311100 0.9796660
3.400000 0.0447121 0.0102696 -2.0960400 -0.0065655 -0.1563650 -0.1330730 0.9786720
3.433333 0.0455763 0.0102391 -2.0929000 -0.0034757 -0.1615290 -0.1348720 0.9776020
3.466667 0.0460320 0.0101175 -2.0901700 -0.0012047 -0.1657700 -0.1367230 0.9766400
3.500000 0.0461569 0.0093966 -2.0873300 0.0010027 -0.1697060 -0.1382400 0.9757500
3.533333 0.0467734 0.0100541 -2.0848800 0.0035866 -0.1738090 -0.1393520 0.9748630
3.566667 0.0468996 0.0091429 -2.0821100 0.0044961 -0.1779300 -0.1408140 0.9739060
3.600000 0.0471053 0.0082712 -2.0794200 0.0062713 -0.1824040 -0.1421020 0.9728800
3.633333 0.0474916 0.0079389 -2.0768600 0.0090177 -0.1876310 -0.1422280 0.9718460
3.666667 0.0480034 0.0077267 -2.0743300 0.0114588 -0.1937860 -0.1418950 0.9706600
3.700000 0.0484781 0.0075140 -2.0719200 0.0136000 -0.2000180 -0.1415600 0.9694170
3.733333 0.0481462 0.0068021 -2.0694900 0.0153877 -0.2059690 -0.1416710 0.9681270
3.766667 0.0485151 0.0069797 -2.0670600 0.0178275 -0.2121580 -0.1417150 0.9667410
3.800000 0.0489068 0.0070469 -2.0647100 0.0195780 -0.2181620 -0.1421560 0.9653050
3.833333 0.0487618 0.0063753 -2.0621200 0.0209044 -0.2236820 -0.1431170 0.9638710
3.866667 0.0489850 0.0066631 -2.0596800 0.0226396 -0.2292270 -0.1434340 0.9624810
3.900000 0.0490425 0.0064917 -2.0569900 0.0237116 -0.2358010 -0.1437380 0.9608200
3.933333 0.0495522 0.0063708 -2.0540200 0.0254581 -0.2430380 -0.1436400 0.9589850
3.966667 0.0496769 0.0066495 -2.0512500 0.0272671 -0.2492860 -0.1441650 0.9572510
4.000000 0.0499084 0.0064991 -2.0482100 0.0282738 -0.2558350 -0.1451830 0.9553380
4.033333 0.0499511 0.0064588 -2.0451300 0.0299751 -0.2626950 -0.1467360 0.9531850
4.066667 0.0500457 0.0063188 -2.0419800 0.0311937 -0.2692840 -0.1476680 0.9511610
4.100000 0.0500970 0.0060186 -2.0389000 0.0323626 -0.2755850 -0.1482080 0.9492310
4.133333 0.0503964 0.0057089 -2.0355900 0.0337432 -0.2823540 -0.1486940 0.9471150
4.166667 0.0506701 0.0057788 -2.0324400 0.0354299 -0.2889260 -0.1496450 0.9449200
4.200000 0.0511694 0.0056989 -2.0291700 0.0363513 -0.2950730 -0.1511190 0.9427480
4.233333 0.0516446 0.0051987 -2.0259700 0.0373215 -0.3011740 -0.1529730 0.9404790
4.266667 0.0521872 0.0051885 -2.0228600 0.0389428 -0.3071680 -0.1538590 0.9383280
4.300000 0.0528061 0.0059264 -2.0202200 0.0394164 -0.3127280 -0.1549530 0.9362890
4.333333 0.0534129 0.0057049 -2.0174200 0.0384143 -0.3185660 -0.1560810 0.9341730
4.366667 0.0537438 0.0051842 -2.0144700 0.0378658 -0.3248280 -0.1565210 0.9319630
4.400000 0.0544322 0.0057619 -2.0119200 0.0381736 -0.3310990 -0.1576810 0.9295440
4.433333 0.0550394 0.0051012 -2.0088600 0.0377064 -0.3375350 -0.1596960 0.9269010
4.466667 0.0555542 0.0054381 -2.0065700 0.0388672 -0.3438510 -0.1610920 0.9242860
4.500000 0.0562820 0.0061848 -2.0043100 0.0393133 -0.3507620 -0.1625470 0.9214110
4.533333 0.0570569 0.0064323 -2.0018000 0.0385891 -0.3579090 -0.1636890 0.9184870
4.566667 0.0575264 0.0063193 -1.9994800 0.0376951 -0.3644390 -0.1639440 0.9159070
4.600000 0.0579104 0.0064964 -1.9972000 0.0376378 -0.3716860 -0.1632080 0.9131240
4.633333 0.0581951 0.0069535 -1.9949300 0.0378789 -0.3797280 -0.1625470 0.9099180
4.666667 0.0582407 0.0074265 -1.9908100 0.0355517 -0.3949030 -0.1617730 0.9036690
4.700000 0.0581398 0.0079231 -1.9887800 0.0350758 -0.4028490 -0.1604160 0.9004160
4.733333 0.0579791 0.0083692 -1.9868900 0.0338603 -0.4106510 -0.1591450 0.8971580
4.766667 0.0575137 0.0082958 -1.9849000 0.0325371 -0.4179770 -0.1580210 0.8940170
4.800000 0.0568986 0.0082920 -1.9831100 0.0320679 -0.4248360 -0.1571420 0.8909500
4.833333 0.0562830 0.0080986 -1.9811900 0.0326400 -0.4321430 -0.1558410 0.8876380
4.866667 0.0555880 0.0090439 -1.9796700 0.0341057 -0.4393820 -0.1549880 0.8841710
4.900000 0.0547266 0.0097590 -1.9782600 0.0339843 -0.4460210 -0.1550910 0.8808270
4.933333 0.0537891 0.0098555 -1.9764800 0.0332884 -0.4529220 -0.1551640 0.8773130
4.966667 0.0528684 0.0101326 -1.9744800 0.0329402 -0.4597910 -0.1551580 0.8737460
5.000000 0.0517416 0.0103192 -1.9727100 0.0326976 -0.4661180 -0.1551280 0.8704020
5.033333 0.0506473 0.0105462 -1.9708100 0.0327054 -0.4725350 -0.1545480 0.8670380
5.066667 0.0495539 0.0108340 -1.9685500 0.0332985 -0.4794790 -0.1539870 0.8632960
5.100000 0.0483117 0.0112813 -1.9665700 0.0340161 -0.4859480 -0.1535720 0.8597170
5.133333 0.0468917 0.0114887 -1.9645500 0.0343704 -0.4918030 -0.1533730 0.8564020
5.166667 0.0440326 0.0124440 -1.9603600 0.0341571 -0.5018250 -0.1523780 0.8507560
5.200000 0.0426455 0.0125623 -1.9580600 0.0332369 -0.5076330 -0.1519010 0.8474260
5.233333 0.0411835 0.0130298 -1.9560400 0.0330923 -0.5135290 -0.1515080 0.8439420
5.266667 0.0395384 0.0132773 -1.9540400 0.0324379 -0.5194620 -0.1521690 0.8402090
5.300000 0.0379853 0.0132253 -1.9518900 0.0320091 -0.5252780 -0.1526220 0.8365200
5.333333 0.0363164 0.0133128 -1.9499600 0.0324875 -0.5310700 -0.1535310 0.8326690
5.366667 0.0345392 0.0135798 -1.9481300 0.0324100 -0.5363200 -0.1551670 0.8289950
5.400000 0.0329900 0.0136166 -1.9464000 0.0314704 -0.5414850 -0.1562240 0.8254680
5.433333 0.0314589 0.0136437 -1.9444700 0.0310811 -0.5474750 -0.1565590 0.8214590
5.466667 0.0298724 0.0138812 -1.9425000 0.0306155 -0.5536190 -0.1573420 0.8171970
5.500000 0.0284276 0.0139980 -1.9407000 0.0294686 -0.5593490 -0.1576730 0.8132650
5.533333 0.0269122 0.0136759 -1.9385000 0.0287237 -0.5652280 -0.1569170 0.8093640
5.566667 0.0254502 0.0142817 -1.9370300 0.0290707 -0.5706420 -0.1565890 0.8056070
5.600000 0.0239921 0.0144975 -1.9355500 0.0280214 -0.5757220 -0.1571600 0.8019100
5.633333 0.0228658 0.0146837 -1.9338200 0.0276807 -0.5810130 -0.1566390 0.7981990
5.666667 0.0218339 0.0154588 -1.9323700 0.0278090 -0.5865240 -0.1560700 0.7942660
5.700000 0.0206637 0.0160332 -1.9312900 0.0263953 -0.5917730 -0.1560310 0.7904190
5.733333 0.0197010 0.0165370 -1.9303400 0.0242184 -0.5967850 -0.1554620 0.7868240
5.766667 0.0188684 0.0170507 -1.9292900 0.0223884 -0.6022660 -0.1537810 0.7830240
5.800000 0.0180054 0.0176449 -1.9281900 0.0206453 -0.6082380 -0.1519120 0.7788080
5.833333 0.0171618 0.0181272 -1.9275800 0.0186029 -0.6137560 -0.1502530 0.7748430
5.866667 0.0165567 0.0187504 -1.9267300 0.0167824 -0.6198280 -0.1481330 0.7704470
5.900000 0.0159740 0.0193329 -1.9260300 0.0149160 -0.6260760 -0.1466580 0.7657010
5.933333 0.0154881 0.0197155 -1.9252700 0.0132887 -0.6322840 -0.1451320 0.7609050
5.966667 0.0150580 0.0202184 -1.9244400 0.0119966 -0.6386330 -0.1429920 0.7560140
6.000000 0.0145226 0.0205700 -1.9240100 0.0102584 -0.6447410 -0.1410450 0.7512060
6.033333 0.0140414 0.0208020 -1.9235500 0.0085540 -0.6508660 -0.1391040 0.7462910
6.066667 0.0136433 0.0211127 -1.9234000 0.0075594 -0.6572280 -0.1370070 0.7410960
6.100000 0.0129080 0.0216548 -1.9228800 0.0055587 -0.6707810 -0.1334030 0.7295380
6.133333 0.0126095 0.0219059 -1.9226800 0.0059610 -0.6779120 -0.1314450 0.7232720
6.166667 0.0120826 0.0222294 -1.9217200 0.0058770 -0.6847300 -0.1302730 0.7170350
6.200000 0.0117397 0.0223837 -1.9204400 0.0051759 -0.6912450 -0.1303100 0.7107550
6.233333 0.0115137 0.0226281 -1.9191200 0.0044529 -0.6975860 -0.1302210 0.7045540
6.266667 0.0113316 0.0228925 -1.9177600 0.0030453 -0.7036940 -0.1312280 0.6982730
6.300000 0.0113254 0.0227575 -1.9162400 0.0018558 -0.7097250 -0.1329290 0.6918210
6.333333 0.0116072 0.0228817 -1.9148600 0.0031463 -0.7160000 -0.1334890 0.6852120
6.366667 0.0116916 0.0231473 -1.9131000 0.0046537 -0.7222670 -0.1334280 0.6786060
6.400000 0.0117021 0.0232422 -1.9115600 0.0045346 -0.7279050 -0.1340600 0.6724300
6.433333 0.0118456 0.0232866 -1.9101800 0.0040564 -0.7332170 -0.1345830 0.6665310
6.466667 0.0120621 0.0234301 -1.9090100 0.0038815 -0.7385350 -0.1343520 0.6606820
6.500000 0.0122175 0.0236533 -1.9080100 0.0034790 -0.7435360 -0.1339190 0.6551390
6.533333 0.0124245 0.0239761 -1.9070800 0.0026960 -0.7483510 -0.1333340 0.6497580
6.566667 0.0126486 0.0240991 -1.9060700 0.0017966 -0.7533390 -0.1331070 0.6440180
6.600000 0.0129194 0.0243003 -1.9056300 0.0014401 -0.7579690 -0.1323320 0.6387250
6.633333 0.0131369 0.0246229 -1.9048000 0.0008885 -0.7624680 -0.1311480 0.6335950
6.666667 0.0132599 0.0247755 -1.9039800 -0.0004874 -0.7668420 -0.1303850 0.6284530
6.700000 0.0135322 0.0248966 -1.9035800 -0.0014443 -0.7712080 -0.1294430 0.6232830
6.733333 0.0136333 0.0248578 -1.9032000 -0.0019595 -0.7754320 -0.1283210 0.6182520
6.766667 0.0137501 0.0248396 -1.9026300 -0.0023717 -0.7796860 -0.1268970 0.6131740
6.800000 0.0138173 0.0247612 -1.9020500 -0.0026203 -0.7837270 -0.1253520 0.6083190
6.833333 0.0138135 0.0244918 -1.9018800 -0.0031849 -0.7876490 -0.1237890 0.6035520
6.866667 0.0139108 0.0243831 -1.9015300 -0.0032506 -0.7918200 -0.1213400 0.5985700
6.900000 0.0139012 0.0243435 -1.9014000 -0.0030418 -0.7957220 -0.1187250 0.5939040
6.933333 0.0138717 0.0244434 -1.9014300 -0.0037546 -0.7993840 -0.1162510 0.5894540
6.966667 0.0137548 0.0243542 -1.9012400 -0.0050732 -0.8029540 -0.1147630 0.5848660
7.000000 0.0137506 0.0242238 -1.9013800 -0.0062638 -0.8063020 -0.1135950 0.5804600
7.033333 0.0137305 0.0239620 -1.9018800 -0.0074336 -0.8095040 -0.1121010 0.5762650
7.066667 0.0137582 0.0239611 -1.9021700 -0.0084059 -0.8128300 -0.1101060 0.5719380
7.100000 0.0137758 0.0238893 -1.9026900 -0.0093077 -0.8157950 -0.1086270 0.5679720
7.133333 0.0136819 0.0235081 -1.9031000 -0.0101457 -0.8185430 -0.1074120 0.5642230
7.166667 0.0136003 0.0232162 -1.9036200 -0.0104820 -0.8212930 -0.1055700 0.5605560
7.200000 0.0134516 0.0228751 -1.9040700 -0.0108065 -0.8242160 -0.1035750 0.5566170
7.233333 0.0133505 0.0225036 -1.9045800 -0.0111868 -0.8271820 -0.1013980 0.5525970
7.266667 0.0132370 0.0221026 -1.9049900 -0.0113071 -0.8300250 -0.0992560 0.5487060
7.300000 0.0131369 0.0217206 -1.9055700 -0.0109378 -0.8329130 -0.0972183 0.5446880
7.333333 0.0130568 0.0215294 -1.9059600 -0.0100773 -0.8356220 -0.0950059 0.5409330
7.366667 0.0128827 0.0211277 -1.9065200 -0.0087737 -0.8381180 -0.0931591 0.5374030
7.400000 0.0125756 0.0205758 -1.9072100 -0.0075668 -0.8403220 -0.0910341 0.5343360
7.433333 0.0122933 0.0203440 -1.9078500 -0.0071044 -0.8425070 -0.0884340 0.5313290
7.466667 0.0119481 0.0197718 -1.9086700 -0.0072894 -0.8447980 -0.0860299 0.5280750
7.500000 0.0116601 0.0193892 -1.9094900 -0.0069452 -0.8473570 -0.0833623 0.5243940
7.533333 0.0112624 0.0189869 -1.9102800 -0.0068044 -0.8498580 -0.0809767 0.5207090
7.566667 0.0109053 0.0185547 -1.9110800 -0.0062522 -0.8522210 -0.0782871 0.5172540
7.600000 0.0105028 0.0184419 -1.9120500 -0.0058093 -0.8541370 -0.0755238 0.5145030
7.633333 0.0100412 0.0180490 -1.9130600 -0.0060429 -0.8557500 -0.0733785 0.5121230
7.666667 0.0095077 0.0174661 -1.9141200 -0.0063339 -0.8575860 -0.0710325 0.5093740
7.700000 0.0089865 0.0169232 -1.9151000 -0.0059634 -0.8593550 -0.0685507 0.5067300
7.733333 0.0083880 0.0164711 -1.9158400 -0.0049379 -0.8610750 -0.0658059 0.5041780
7.766667 0.0077853 0.0160174 -1.9171100 -0.0036443 -0.8624460 -0.0630325 0.5021960
7.800000 0.0071583 0.0157046 -1.9180800 -0.0022768 -0.8635970 -0.0607643 0.5005030
7.833333 0.0064473 0.0151415 -1.9192000 0.0005972 0.8645820 0.0588181 -0.4990380
7.866667 0.0056744 0.0147088 -1.9202300 -0.0003790 0.8654510 0.0566316 -0.4977820
7.900000 0.0038862 0.0128827 -1.9225700 -0.0034629 0.8671240 0.0526946 -0.4952840
7.933333 0.0029283 0.0120695 -1.9237400 -0.0053112 0.8681220 0.0498643 -0.4938120
7.966667 0.0018711 0.0107660 -1.9250400 -0.0075055 0.8692430 0.0470480 -0.4920840
8.000000 0.0008206 0.0099435 -1.9260300 -0.0098687 0.8703540 0.0432104 -0.4904270
8.033333 -0.0002360 0.0092108 -1.9271100 -0.0123800 0.8713790 0.0392551 -0.4888800
8.066667 -0.0012717 0.0083766 -1.9286300 -0.0145744 0.8720620 0.0356088 -0.4878810
8.100000 -0.0024071 0.0074434 -1.9298700 -0.0164207 0.8726930 0.0320171 -0.4869420
8.133333 -0.0034184 0.0068896 -1.9312500 -0.0174435 0.8731230 0.0286408 -0.4863460
8.166667 -0.0045423 0.0059657 -1.9327500 -0.0174514 0.8737700 0.0257569 -0.4853430
8.200000 -0.0056391 0.0048721 -1.9341400 -0.0178363 0.8745420 0.0225152 -0.4840980
8.233333 -0.0067329 0.0038674 -1.9358400 -0.0185123 0.8753020 0.0189447 -0.4828500
8.266667 -0.0076895 0.0031331 -1.9374700 -0.0198195 0.8759660 0.0152830 -0.4817240
8.300000 -0.0087123 0.0022292 -1.9389300 -0.0207415 0.8766380 0.0118464 -0.4805570
8.333333 -0.0098052 0.0008950 -1.9404900 -0.0217326 0.8775180 0.0083914 -0.4789770
8.366667 -0.0108023 -0.0001295 -1.9421400 -0.0232852 0.8786080 0.0044957 -0.4769540
8.400000 -0.0116763 -0.0011644 -1.9438900 -0.0252435 0.8796860 0.0012163 -0.4748830
8.433333 -0.0126624 -0.0022988 -1.9454900 -0.0272587 0.8809070 -0.0020750 -0.4724980
8.466667 -0.0136895 -0.0032229 -1.9469900 -0.0295775 0.8820660 -0.0057933 -0.4701620
8.500000 -0.0145841 -0.0040872 -1.9485100 -0.0318273 0.8831200 -0.0093418 -0.4679720
8.533333 -0.0155606 -0.0051112 -1.9499900 -0.0338670 0.8842670 -0.0128839 -0.4655730
8.566667 -0.0163760 -0.0059958 -1.9516200 -0.0357792 0.8853660 -0.0154669 -0.4632590
8.600000 -0.0172763 -0.0068603 -1.9532100 -0.0368495 0.8864920 -0.0175802 -0.4609390
8.633333 -0.0182571 -0.0080042 -1.9546700 -0.0378108 0.8878060 -0.0203947 -0.4582080
8.666667 -0.0190907 -0.0086987 -1.9562500 -0.0395864 0.8891880 -0.0236905 -0.4552100
8.700000 -0.0199251 -0.0093932 -1.9578700 -0.0411767 0.8903940 -0.0262720 -0.4525620
8.733333 -0.0208292 -0.0102775 -1.9594200 -0.0422810 0.8917560 -0.0282998 -0.4496470
8.766667 -0.0217738 -0.0111320 -1.9610500 -0.0431656 0.8933510 -0.0305212 -0.4462400
8.800000 -0.0226598 -0.0113456 -1.9623800 -0.0447597 0.8949910 -0.0335944 -0.4425600
8.833333 -0.0234065 -0.0117600 -1.9639800 -0.0466232 0.8963570 -0.0355990 -0.4394360
8.866667 -0.0243006 -0.0125048 -1.9656700 -0.0475021 0.8976760 -0.0364643 -0.4365680
8.900000 -0.0251613 -0.0129497 -1.9674200 -0.0485146 0.8991310 -0.0379576 -0.4333240
8.933333 -0.0260444 -0.0131934 -1.9688000 -0.0500777 0.9005180 -0.0399297 -0.4300750
8.966667 -0.0268869 -0.0135181 -1.9704500 -0.0519257 0.9015290 -0.0422312 -0.4275110
9.000000 -0.0275407 -0.0141544 -1.9726000 -0.0528775 0.9023990 -0.0439466 -0.4253810
9.033333 -0.0284553 -0.0147591 -1.9742600 -0.0529187 0.9036580 -0.0450550 -0.4225790
9.066667 -0.0293164 -0.0152345 -1.9761400 -0.0529404 0.9050540 -0.0473220 -0.4193280
9.100000 -0.0301790 -0.0154290 -1.9777500 -0.0535158 0.9065350 -0.0493138 -0.4158100
9.133333 -0.0306973 -0.0154550 -1.9797000 -0.0540478 0.9077850 -0.0504436 -0.4128690
9.166667 -0.0314865 -0.0155699 -1.9814200 -0.0544874 0.9091360 -0.0513902 -0.4097090
9.200000 -0.0323558 -0.0156941 -1.9829500 -0.0551088 0.9103960 -0.0528678 -0.4066290
9.233333 -0.0331266 -0.0157888 -1.9845900 -0.0563205 0.9114610 -0.0544909 -0.4038540
9.266667 -0.0337918 -0.0157437 -1.9862500 -0.0573102 0.9124550 -0.0554457 -0.4013320
9.300000 -0.0345485 -0.0161984 -1.9879400 -0.0574703 0.9134520 -0.0558701 -0.3989740
9.333333 -0.0353031 -0.0164630 -1.9895400 -0.0576790 0.9146020 -0.0566202 -0.3961960
9.366667 -0.0361576 -0.0167975 -1.9912000 -0.0578284 0.9159830 -0.0573155 -0.3928690
9.400000 -0.0370624 -0.0171118 -1.9927400 -0.0581267 0.9175940 -0.0577695 -0.3889800
9.433333 -0.0378523 -0.0172560 -1.9942300 -0.0577681 0.9193450 -0.0579387 -0.3848520
9.466667 -0.0388377 -0.0174408 -1.9959400 -0.0575279 0.9212290 -0.0578579 -0.3803680
9.500000 -0.0397503 -0.0174661 -1.9978300 -0.0572490 0.9230770 -0.0577359 -0.3759230
9.533333 -0.0407841 -0.0173705 -1.9994600 -0.0562574 0.9249240 -0.0576736 -0.3715150
9.566667 -0.0418251 -0.0172760 -2.0014400 -0.0548682 0.9268200 -0.0577936 -0.3669510
9.600000 -0.0435598 -0.0169890 -2.0027200 -0.0527905 0.9289180 -0.0574462 -0.3619740
9.633333 -0.0449433 -0.0168042 -2.0046600 -0.0508409 0.9307530 -0.0572600 -0.3575420
9.666667 -0.0464387 -0.0165288 -2.0063600 -0.0490597 0.9325200 -0.0581796 -0.3530080
9.700000 -0.0480707 -0.0158525 -2.0078800 -0.0479568 0.9343060 -0.0582501 -0.3483950
9.733333 -0.0497282 -0.0153065 -2.0094700 -0.0467083 0.9359810 -0.0570526 -0.3442430
9.766667 -0.0516829 -0.0152409 -2.0113600 -0.0446936 0.9375330 -0.0567560 -0.3403120
9.800000 -0.0537777 -0.0151644 -2.0129100 -0.0433370 0.9390340 -0.0573496 -0.3362270
9.833333 -0.0559039 -0.0149679 -2.0144400 -0.0424042 0.9405370 -0.0576477 -0.3320660
9.866667 -0.0580728 -0.0147910 -2.0158800 -0.0419904 0.9420040 -0.0576101 -0.3279420
9.900000 -0.0602176 -0.0146046 -2.0174300 -0.0417846 0.9434370 -0.0566090 -0.3240000
9.933333 -0.0626438 -0.0147574 -2.0188200 -0.0406944 0.9449590 -0.0552929 -0.3199050
9.966667 -0.0650403 -0.0145104 -2.0203300 -0.0393502 0.9464820 -0.0545156 -0.3156760
10.000000 -0.0674691 -0.0146537 -2.0218300 -0.0378513 0.9479460 -0.0533084 -0.3116480
10.033333 -0.0700252 -0.0149865 -2.0232800 -0.0359078 0.9494190 -0.0522893 -0.3075380
10.066667 -0.0724325 -0.0149701 -2.0249100 -0.0348218 0.9508890 -0.0514656 -0.3032300
10.100000 -0.0749407 -0.0147727 -2.0262800 -0.0345459 0.9523210 -0.0503259 -0.2989300
10.133333 -0.0775037 -0.0151560 -2.0278900 -0.0345445 0.9537550 -0.0489325 -0.2945580
10.166667 -0.0801466 -0.0154886 -2.0292500 -0.0348657 0.9552700 -0.0482027 -0.2896900
10.200000 -0.0826578 -0.0155718 -2.0307900 -0.0355688 0.9566770 -0.0481334 -0.2849320
10.233333 -0.0850773 -0.0150042 -2.0320400 -0.0366251 0.9579650 -0.0478361 -0.2804890
10.266667 -0.0875745 -0.0147066 -2.0333600 -0.0371499 0.9592760 -0.0466207 -0.2761070
10.300000 -0.0901582 -0.0148995 -2.0347700 -0.0373494 0.9606020 -0.0453219 -0.2716520
10.333333 -0.0930130 -0.0149105 -2.0357000 -0.0372630 0.9619510 -0.0451592 -0.2668750
10.366667 -0.0954440 -0.0144725 -2.0368300 -0.0372580 0.9632570 -0.0450122 -0.2621480
10.400000 -0.0978513 -0.0142045 -2.0379600 -0.0364506 0.9646410 -0.0444715 -0.2572180
10.433333 -0.1006140 -0.0138552 -2.0388000 -0.0353152 0.9661730 -0.0442634 -0.2516000
10.466667 -0.1029860 -0.0128360 -2.0396400 -0.0344801 0.9676730 -0.0436903 -0.2459910
10.500000 -0.1055200 -0.0120966 -2.0403600 -0.0343786 0.9691040 -0.0426746 -0.2404860
10.533333 -0.1076400 -0.0111480 -2.0413000 -0.0347112 0.9702420 -0.0415738 -0.2360040
10.566667 -0.1097650 -0.0103786 -2.0420400 -0.0344695 0.9712930 -0.0395423 -0.2320300
10.600000 -0.1117690 -0.0101111 -2.0432400 -0.0337087 0.9722160 -0.0378625 -0.2285310
10.633333 -0.1138150 -0.0099235 -2.0443800 -0.0326445 0.9730660 -0.0372702 -0.2251390
10.666667 -0.1154290 -0.0092063 -2.0456700 -0.0315758 0.9738130 -0.0369744 -0.2220880
10.700000 -0.1170510 -0.0079384 -2.0467100 -0.0305987 0.9745020 -0.0361498 -0.2193250
10.733333 -0.1188270 -0.0076611 -2.0479900 -0.0291692 0.9752030 -0.0346420 -0.2166290
10.766667 -0.1205350 -0.0072050 -2.0495100 -0.0282492 0.9759630 -0.0336743 -0.2134590
10.800000 -0.1221480 -0.0063581 -2.0509000 -0.0278837 0.9767300 -0.0328864 -0.2100920
10.833333 -0.1234780 -0.0054822 -2.0524200 -0.0275324 0.9774200 -0.0317362 -0.2070880
10.866667 -0.1251930 -0.0049763 -2.0540500 -0.0270546 0.9780900 -0.0305004 -0.2041500
10.900000 -0.1267210 -0.0043697 -2.0554600 -0.0264743 0.9785660 -0.0296297 -0.2020620
10.933333 -0.1282160 -0.0036843 -2.0572000 -0.0258977 0.9789100 -0.0285202 -0.2006270
10.966667 -0.1296570 -0.0029485 -2.0589500 -0.0250469 0.9791930 -0.0274507 -0.1994990
11.000000 -0.1310590 -0.0024939 -2.0609400 -0.0243308 0.9794840 -0.0263311 -0.1983090
11.033333 -0.1324410 -0.0017390 -2.0628400 -0.0238521 0.9797690 -0.0251279 -0.1971110
11.066667 -0.1336930 -0.0016260 -2.0653100 -0.0234389 0.9799950 -0.0235677 -0.1962260
11.100000 -0.1351430 -0.0013523 -2.0676100 -0.0235868 0.9802100 -0.0225050 -0.1952590
11.133333 -0.1363790 0.0002823 -2.0695300 -0.0242820 0.9803260 -0.0213429 -0.1947180
11.166667 -0.1375990 0.0002649 -2.0721300 -0.0241907 0.9803710 -0.0182148 -0.1948200
11.200000 -0.1388960 -0.0002849 -2.0755100 -0.0240977 0.9804840 -0.0157882 -0.1944760
11.233333 -0.1401840 -0.0000315 -2.0779000 -0.0241454 0.9806880 -0.0140880 -0.1935700
11.266667 -0.1415490 -0.0004792 -2.0806100 -0.0239108 0.9809880 -0.0122806 -0.1921970
11.300000 -0.1429070 -0.0010271 -2.0833800 -0.0233619 0.9812700 -0.0115090 -0.1908690
11.333333 -0.1442580 -0.0012143 -2.0859000 -0.0228463 0.9815560 -0.0115481 -0.1894510
11.366667 -0.1455480 -0.0009618 -2.0885500 -0.0232159 0.9818150 -0.0116306 -0.1880580
11.400000 -0.1466200 -0.0003393 -2.0911300 -0.0237094 0.9819120 -0.0112942 -0.1875060
11.433333 -0.1476580 -0.0004392 -2.0944100 -0.0234916 0.9820070 -0.0098766 -0.1871150
11.466667 -0.1486820 -0.0008185 -2.0975400 -0.0229871 0.9821790 -0.0086714 -0.1863370
11.500000 -0.1497020 -0.0008967 -2.1003200 -0.0229963 0.9823740 -0.0083324 -0.1853170
11.533333 -0.1506930 -0.0006855 -2.1032400 -0.0228980 0.9825070 -0.0084318 -0.1846220
11.566667 -0.1516550 -0.0002928 -2.1057500 -0.0228235 0.9825760 -0.0081009 -0.1842790
11.600000 -0.1525800 0.0000787 -2.1086000 -0.0221028 0.9825920 -0.0074130 -0.1843080
11.633333 -0.1532630 0.0003891 -2.1118300 -0.0212263 0.9825910 -0.0064267 -0.1844530
11.666667 -0.1540170 0.0009406 -2.1146000 -0.0202209 0.9826190 -0.0055194 -0.1844470
11.700000 -0.1548030 0.0012615 -2.1176900 -0.0191824 0.9826890 -0.0041792 -0.1842190
11.733333 -0.1555280 0.0015230 -2.1204900 -0.0182274 0.9827780 -0.0029846 -0.1838630
11.766667 -0.1565190 0.0012443 -2.1233800 -0.0171347 0.9829500 -0.0021752 -0.1830620
11.800000 -0.1572450 0.0013671 -2.1257900 -0.0164292 0.9831150 -0.0023716 -0.1822370
11.833333 -0.1579480 0.0014992 -2.1284600 -0.0156109 0.9833200 -0.0025313 -0.1811950
11.866667 -0.1587500 0.0012312 -2.1311400 -0.0141974 0.9836510 -0.0027298 -0.1795060
11.900000 -0.1597560 0.0011148 -2.1332700 -0.0131092 0.9840680 -0.0037254 -0.1772690
11.933333 -0.1602080 0.0020771 -2.1357900 -0.0127598 0.9844070 -0.0050159 -0.1753690
11.966667 -0.1602410 0.0030298 -2.1380800 -0.0120607 0.9847500 -0.0044849 -0.1734970
12.000000 -0.1607840 0.0031431 -2.1403300 -0.0107591 0.9852630 -0.0028712 -0.1706850
12.033333 -0.1612640 0.0031345 -2.1431500 -0.0099786 0.9858860 -0.0020856 -0.1671080
12.066667 -0.1617830 0.0038784 -2.1452000 -0.0097265 0.9865650 -0.0017350 -0.1630710
12.100000 -0.1619500 0.0042608 -2.1476000 -0.0098254 0.9871990 -0.0006251 -0.1591900
12.133333 -0.1627030 0.0037534 -2.1500800 -0.0097020 0.9878170 0.0001731 -0.1553160
12.166667 -0.1632710 0.0036559 -2.1525500 -0.0101410 0.9883690 -0.0007870 -0.1517320
12.200000 -0.1632700 0.0049086 -2.1548700 -0.0109786 0.9888790 -0.0018537 -0.1483050
12.233333 -0.1635150 0.0054610 -2.1572800 -0.0110770 0.9895040 -0.0008831 -0.1440790
12.266667 -0.1640030 0.0054941 -2.1595100 -0.0112178 0.9901750 0.0000610 -0.1393860
12.300000 -0.1645210 0.0051775 -2.1617200 -0.0113332 0.9908330 0.0005299 -0.1346170
12.333333 -0.1652440 0.0045893 -2.1644800 -0.0111059 0.9915080 0.0002629 -0.1295700
12.366667 -0.1655720 0.0046203 -2.1673900 -0.0108351 0.9921500 -0.0010134 -0.1245780
12.400000 -0.1659880 0.0042017 -2.1701600 -0.0102767 0.9927830 -0.0022467 -0.1194650
12.433333 -0.1668260 0.0038250 -2.1724900 -0.0098423 0.9933870 -0.0043565 -0.1143090
12.466667 -0.1673590 0.0050094 -2.1743700 -0.0095651 0.9939210 -0.0069893 -0.1094530
12.500000 -0.1678660 0.0055423 -2.1767300 -0.0087220 0.9943660 -0.0078719 -0.1053440
12.533333 -0.1688830 0.0044754 -2.1791600 -0.0073086 0.9947610 -0.0082139 -0.1016370
12.566667 -0.1691290 0.0049369 -2.1818900 -0.0061063 0.9950860 -0.0106409 -0.0982530
12.600000 -0.1696400 0.0059698 -2.1842600 -0.0057246 0.9954630 -0.0121354 -0.0942028
12.633333 -0.1703620 0.0057611 -2.1871500 -0.0055495 0.9958790 -0.0120322 -0.0897166
12.666667 -0.1712520 0.0057652 -2.1892400 -0.0054208 0.9962490 -0.0126351 -0.0854385
12.700000 -0.1717160 0.0061459 -2.1922100 -0.0046072 0.9965170 -0.0131848 -0.0822090
12.733333 -0.1725370 0.0059895 -2.1944000 -0.0031698 0.9967980 -0.0133041 -0.0787784
12.766667 -0.1737820 0.0057221 -2.1970200 -0.0018134 0.9971000 -0.0137485 -0.0748242
12.800000 -0.1750800 0.0053656 -2.1993200 -0.0006858 0.9973560 -0.0145287 -0.0712003
12.833333 -0.1757180 0.0052369 -2.2021900 0.0001399 0.9975690 -0.0151728 -0.0680089
12.866667 -0.1767650 0.0046990 -2.2048600 0.0007462 0.9978010 -0.0154914 -0.0644343
12.900000 -0.1783530 0.0039637 -2.2069400 0.0012729 0.9980200 -0.0165143 -0.0606707
12.933333 -0.1792720 0.0035553 -2.2097300 0.0011647 0.9981750 -0.0180375 -0.0576127
12.966667 -0.1807830 0.0032392 -2.2119800 0.0009967 0.9983150 -0.0192890 -0.0547130
13.000000 -0.1823950 0.0021727 -2.2143600 0.0011760 0.9984350 -0.0201447 -0.0521602
13.033333 -0.1837480 0.0015657 -2.2168800 0.0010291 0.9985070 -0.0219770 -0.0500005
13.066667 -0.1847210 0.0012586 -2.2192900 0.0014449 0.9985370 -0.0236057 -0.0486165
13.100000 -0.1860210 0.0007222 -2.2216100 0.0020347 0.9985790 -0.0249963 -0.0470257
13.133333 -0.1879900 -0.0001650 -2.2242900 0.0029420 0.9986250 -0.0261636 -0.0453360
13.166667 -0.1888660 -0.0010936 -2.2271500 0.0034403 0.9986120 -0.0275814 -0.0447476
13.200000 -0.1902010 -0.0017693 -2.2292200 0.0036833 0.9986060 -0.0296743 -0.0435000
13.233333 -0.1914790 -0.0012865 -2.2317300 0.0036100 0.9986000 -0.0321058 -0.0418778
13.266667 -0.1925530 -0.0011928 -2.2339300 0.0030657 0.9986370 -0.0331895 -0.0401745
13.300000 -0.1938540 -0.0024500 -2.2364800 0.0028490 0.9987110 -0.0337037 -0.0378453
13.333333 -0.1948050 -0.0026166 -2.2387800 0.0026910 0.9987300 -0.0358244 -0.0353334
13.366667 -0.1960130 -0.0029929 -2.2409600 0.0022305 0.9987700 -0.0373190 -0.0325785
13.400000 -0.1971390 -0.0037396 -2.2432400 0.0023438 0.9987700 -0.0392402 -0.0302331
13.433333 -0.1974280 -0.0042777 -2.2458500 0.0025693 0.9987200 -0.0420044 -0.0280781
13.466667 -0.1985080 -0.0039623 -2.2475900 0.0019845 0.9986670 -0.0450423 -0.0251460
13.500000 -0.1991920 -0.0054796 -2.2500500 0.0006863 0.9986540 -0.0464255 -0.0231336
13.533333 -0.2000970 -0.0056145 -2.2518000 0.0000438 0.9985570 -0.0492243 -0.0214652
13.566667 -0.2005210 -0.0057809 -2.2539100 -0.0001638 0.9984810 -0.0513857 -0.0198993
13.600000 -0.2011330 -0.0058672 -2.2559900 -0.0001823 0.9984570 -0.0525397 -0.0179990
13.633333 -0.2014970 -0.0070937 -2.2581400 0.0003879 0.9984490 -0.0532625 -0.0161887
13.666667 -0.2018570 -0.0076001 -2.2601700 0.0008112 0.9983550 -0.0555308 -0.0142576
13.700000 -0.2023730 -0.0082567 -2.2623500 0.0006282 0.9982510 -0.0577287 -0.0127526
13.733333 -0.2030660 -0.0084026 -2.2643700 0.0007070 0.9981690 -0.0594011 -0.0113532
13.766667 -0.2033270 -0.0086193 -2.2665300 0.0012435 0.9981230 -0.0604127 -0.0099425
13.800000 -0.2036240 -0.0095673 -2.2690500 0.0024111 0.9981130 -0.0607700 -0.0084767
13.833333 -0.2040090 -0.0097141 -2.2711900 0.0039668 0.9980530 -0.0618811 -0.0066699
13.866667 -0.2047620 -0.0103712 -2.2735900 0.0058346 0.9979820 -0.0630984 -0.0041331
13.900000 -0.2057590 -0.0113885 -2.2760300 0.0068252 0.9978730 -0.0648205 -0.0013043
13.933333 -0.2061680 -0.0126770 -2.2787700 0.0069392 0.9977010 -0.0674089 0.0007282
13.966667 -0.2062160 -0.0125549 -2.2812600 0.0064522 0.9974830 -0.0705836 0.0022072
14.000000 -0.2066770 -0.0132334 -2.2840700 0.0059965 0.9973740 -0.0720973 0.0032907
14.033333 -0.2062270 -0.0140126 -2.2868700 0.0057250 0.9972760 -0.0734593 0.0033005
14.066667 -0.2070610 -0.0146303 -2.2894500 0.0054800 0.9971760 -0.0748148 0.0036026
14.100000 -0.2073320 -0.0157096 -2.2924700 0.0052462 0.9970800 -0.0761301 0.0030068
14.133333 -0.2070310 -0.0159998 -2.2955400 0.0044338 0.9968610 -0.0790244 0.0018497
14.166667 -0.2068220 -0.0160892 -2.2984500 0.0028343 0.9967260 -0.0808055 0.0004560
14.200000 -0.2068560 -0.0157580 -2.3012700 0.0011611 0.9966840 -0.0813595 -0.0009978
14.233333 -0.2052510 -0.0164499 -2.3046500 -0.0004128 0.9966710 -0.0814515 -0.0034682
14.266667 -0.2047600 -0.0166104 -2.3078300 -0.0017427 0.9966140 -0.0820634 -0.0049049
14.300000 -0.2051840 -0.0168998 -2.3107900 -0.0026195 0.9965830 -0.0823760 -0.0055226
14.333333 -0.2047450 -0.0177915 -2.3143200 -0.0025812 0.9965650 -0.0825078 -0.0066456
14.366667 -0.2046290 -0.0182409 -2.3172600 -0.0022126 0.9964600 -0.0837404 -0.0070418
14.400000 -0.2047770 -0.0185714 -2.3205700 -0.0021265 0.9963230 -0.0853269 -0.0074710
14.433333 -0.2044410 -0.0189614 -2.3236400 -0.0016321 0.9962230 -0.0863687 -0.0088280
14.466667 -0.2045840 -0.0203922 -2.3270700 -0.0006333 0.9961690 -0.0869437 -0.0093386
14.500000 -0.2037850 -0.0208127 -2.3302500 -0.0003715 0.9959510 -0.0893357 -0.0100273
14.533333 -0.2031080 -0.0210621 -2.3330900 -0.0011768 0.9956800 -0.0922040 -0.0109051
14.566667 -0.2019610 -0.0213933 -2.3363100 -0.0025470 0.9955100 -0.0938036 -0.0123848
14.600000 -0.1997090 -0.0218546 -2.3394000 -0.0043216 0.9953170 -0.0955400 -0.0140409
14.633333 -0.1990880 -0.0221035 -2.3420800 -0.0054994 0.9950870 -0.0977257 -0.0148862
14.666667 -0.1983960 -0.0226724 -2.3447200 -0.0066860 0.9948450 -0.0998868 -0.0161848
14.700000 -0.1981910 -0.0223410 -2.3474300 -0.0071278 0.9945600 -0.1024720 -0.0172892
14.733333 -0.1979770 -0.0217788 -2.3498000 -0.0074468 0.9943250 -0.1044900 -0.0185589
14.766667 -0.1977980 -0.0217574 -2.3524300 -0.0073341 0.9941890 -0.1055040 -0.0200641
14.800000 -0.1978520 -0.0225663 -2.3552100 -0.0069549 0.9941810 -0.1054310 -0.0209626
14.833333 -0.1978500 -0.0227351 -2.3579400 -0.0071054 0.9942250 -0.1049600 -0.0211992
14.866667 -0.1979360 -0.0232930 -2.3604300 -0.0071144 0.9943400 -0.1038800 -0.0211316
14.900000 -0.1975410 -0.0233614 -2.3629500 -0.0071655 0.9942600 -0.1045480 -0.0215946
14.933333 -0.1969930 -0.0223191 -2.3651600 -0.0077310 0.9941340 -0.1055760 -0.0221501
14.966667 -0.1973510 -0.0233753 -2.3702700 -0.0061019 0.9941720 -0.1052320 -0.0226114
15.000000 -0.1972430 -0.0230935 -2.3727800 -0.0052290 0.9939220 -0.1074980 -0.0231502
15.033333 -0.1975880 -0.0218599 -2.3749100 -0.0046485 0.9936610 -0.1098040 -0.0236604
15.066667 -0.1976810 -0.0212474 -2.3772400 -0.0038389 0.9933970 -0.1119290 -0.0248720
15.100000 -0.1981550 -0.0218160 -2.3800700 -0.0035433 0.9932350 -0.1131680 -0.0257770
15.133333 -0.1986990 -0.0230551 -2.3830500 -0.0028907 0.9932500 -0.1129010 -0.0264481
15.166667 -0.1991780 -0.0240633 -2.3858000 -0.0023819 0.9931910 -0.1133510 -0.0267873
15.200000 -0.1996480 -0.0237708 -2.3882500 -0.0026345 0.9929440 -0.1153770 -0.0272622
15.233333 -0.2004330 -0.0245492 -2.3910500 -0.0023310 0.9927660 -0.1168240 -0.0276019
15.266667 -0.2014400 -0.0246868 -2.3936600 -0.0022004 0.9924370 -0.1196930 -0.0271760
15.300000 -0.2016760 -0.0248461 -2.3965700 -0.0031190 0.9921680 -0.1219480 -0.0268513
15.333333 -0.2025020 -0.0251546 -2.3994200 -0.0036240 0.9919890 -0.1234420 -0.0265878
15.366667 -0.2028110 -0.0243323 -2.4018900 -0.0037616 0.9915780 -0.1266240 -0.0269147
15.400000 -0.2033200 -0.0245111 -2.4048300 -0.0043749 0.9912800 -0.1288730 -0.0271235
15.433333 -0.2042070 -0.0238786 -2.4073900 -0.0055350 0.9910140 -0.1307700 -0.0275666
15.466667 -0.2048950 -0.0243378 -2.4104600 -0.0066801 0.9907630 -0.1323400 -0.0288066
15.500000 -0.2063360 -0.0256472 -2.4137500 -0.0074143 0.9906670 -0.1328930 -0.0293914
15.533333 -0.2075910 -0.0268664 -2.4168900 -0.0078920 0.9906590 -0.1327630 -0.0301143
15.566667 -0.2087280 -0.0280657 -2.4200400 -0.0078141 0.9905680 -0.1331860 -0.0312497
15.600000 -0.2095500 -0.0284643 -2.4229100 -0.0075646 0.9902930 -0.1349370 -0.0324852
15.633333 -0.2112110 -0.0312243 -2.4263400 -0.0073897 0.9902460 -0.1352610 -0.0325998
15.666667 -0.2116700 -0.0309024 -2.4290000 -0.0083935 0.9896850 -0.1389600 -0.0338034
15.700000 -0.2125480 -0.0320814 -2.4320500 -0.0097664 0.9888000 -0.1446510 -0.0354294
15.733333 -0.2135370 -0.0317204 -2.4350600 -0.0116057 0.9879550 -0.1496970 -0.0374212
15.766667 -0.2153550 -0.0322280 -2.4378300 -0.0127243 0.9876070 -0.1515430 -0.0388108
15.800000 -0.2166950 -0.0335860 -2.4406200 -0.0133496 0.9873270 -0.1529190 -0.0402738
15.833333 -0.2178370 -0.0352645 -2.4435100 -0.0141185 0.9868120 -0.1558460 -0.0414018
15.866667 -0.2185930 -0.0372536 -2.4465400 -0.0152304 0.9864740 -0.1575670 -0.0425486
15.900000 -0.2196550 -0.0394211 -2.4491500 -0.0152070 0.9863390 -0.1582090 -0.0432922
15.933333 -0.2210830 -0.0403984 -2.4517000 -0.0149432 0.9861010 -0.1598410 -0.0427976
15.966667 -0.2219570 -0.0413461 -2.4543200 -0.0149288 0.9858130 -0.1618150 -0.0420233
16.000000 -0.2229260 -0.0421031 -2.4567300 -0.0151839 0.9856180 -0.1632860 -0.0408061
16.033333 -0.2240460 -0.0431507 -2.4592900 -0.0153069 0.9854250 -0.1648100 -0.0392536
16.066667 -0.2247640 -0.0424669 -2.4614200 -0.0152489 0.9849370 -0.1679750 -0.0380802
16.100000 -0.2253040 -0.0428829 -2.4634200 -0.0155681 0.9847120 -0.1695350 -0.0368438
16.133333 -0.2255840 -0.0431387 -2.4652300 -0.0159974 0.9846220 -0.1702410 -0.0357879
16.166667 -0.2258400 -0.0437949 -2.4672200 -0.0158769 0.9845720 -0.1708060 -0.0345138
16.200000 -0.2263700 -0.0448608 -2.4692600 -0.0153092 0.9844660 -0.1717850 -0.0328909
16.233333 -0.2266840 -0.0455976 -2.4714200 -0.0147155 0.9843060 -0.1731160 -0.0309060
16.266667 -0.2269350 -0.0452232 -2.4732900 -0.0144097 0.9840150 -0.1751980 -0.0285095
16.300000 -0.2271100 -0.0459595 -2.4752900 -0.0145943 0.9838800 -0.1763300 -0.0259817
16.333333 -0.2280360 -0.0462451 -2.4772600 -0.0137292 0.9839030 -0.1767490 -0.0224911
16.366667 -0.2276200 -0.0471716 -2.4792100 -0.0131378 0.9839460 -0.1769720 -0.0189380
16.400000 -0.2278780 -0.0473077 -2.4811400 -0.0130297 0.9838530 -0.1779220 -0.0144015
16.433333 -0.2273480 -0.0483041 -2.4830800 -0.0126973 0.9838180 -0.1784040 -0.0106326
16.466667 -0.2284960 -0.0478601 -2.4852200 -0.0121991 0.9835500 -0.1801300 -0.0057281
16.500000 -0.2298880 -0.0479767 -2.4876300 -0.0112127 0.9832960 -0.1816650 -0.0009190
16.533333 -0.2301080 -0.0474126 -2.4895400 -0.0105337 0.9830650 -0.1829300 0.0029488
16.566667 -0.2288150 -0.0455978 -2.4908500 -0.0104584 0.9828340 -0.1841190 0.0052849
16.600000 -0.2282300 -0.0457850 -2.4930200 -0.0102771 0.9828360 -0.1840320 0.0077783
16.633333 -0.2273040 -0.0463328 -2.4953000 -0.0102921 0.9828320 -0.1839610 0.0097017
16.666667 -0.2281580 -0.0443001 -2.4977500 -0.0096181 0.9822930 -0.1866670 0.0128096
16.700000 -0.2291280 -0.0435183 -2.5005800 -0.0087861 0.9817060 -0.1895160 0.0160926
16.733333 -0.2284660 -0.0446377 -2.5033400 -0.0093035 0.9815530 -0.1900570 0.0185745
16.766667 -0.2278350 -0.0452352 -2.5056100 -0.0093276 0.9814880 -0.1901250 0.0211304
16.800000 -0.2275530 -0.0464239 -2.5083200 -0.0086892 0.9815030 -0.1897320 0.0240609
16.833333 -0.2277880 -0.0474412 -2.5107300 -0.0072894 0.9814410 -0.1896340 0.0275677
16.866667 -0.2284630 -0.0463090 -2.5133100 -0.0059850 0.9811430 -0.1905780 0.0316655
16.900000 -0.2281950 -0.0462680 -2.5160600 -0.0048648 0.9809010 -0.1912160 0.0353119
16.933333 -0.2271500 -0.0457153 -2.5181400 -0.0040908 0.9805300 -0.1925270 0.0384481
16.966667 -0.2268540 -0.0467730 -2.5204900 -0.0023995 0.9800520 -0.1941550 0.0423698
17.000000 -0.2268890 -0.0473413 -2.5231300 -0.0010820 0.9798020 -0.1945490 0.0462354
17.033333 -0.2266210 -0.0479805 -2.5259600 -0.0000530 0.9796320 -0.1946870 0.0491702
17.066667 -0.2238750 -0.0494015 -2.5287900 0.0019239 0.9794600 -0.1952830 0.0501938
17.100000 -0.2232640 -0.0494120 -2.5319300 0.0033391 0.9791510 -0.1962560 0.0523095
17.133333 -0.2217320 -0.0488119 -2.5346700 0.0047988 0.9788940 -0.1971170 0.0537450
17.166667 -0.2192240 -0.0482719 -2.5373000 0.0067928 0.9785830 -0.1984030 0.0544546
17.200000 -0.2170910 -0.0485911 -2.5397200 0.0082569 0.9783830 -0.1990350 0.0555250
17.233333 -0.2152600 -0.0493805 -2.5422400 0.0097226 0.9781090 -0.2000340 0.0565148
17.266667 -0.2139510 -0.0500200 -2.5448800 0.0113638 0.9778080 -0.2011160 0.0575744
17.300000 -0.2131320 -0.0496783 -2.5473100 0.0117626 0.9774830 -0.2022880 0.0588966
17.333333 -0.2121370 -0.0508161 -2.5494800 0.0127673 0.9773080 -0.2026320 0.0603799
17.366667 -0.2116040 -0.0528941 -2.5518600 0.0143213 0.9771040 -0.2028570 0.0625482
17.400000 -0.2108190 -0.0533617 -2.5541300 0.0146224 0.9769190 -0.2029910 0.0648930
17.433333 -0.2105510 -0.0533996 -2.5565800 0.0150450 0.9768300 -0.2025000 0.0676019
17.466667 -0.2099680 -0.0536075 -2.5588700 0.0158127 0.9768440 -0.2014750 0.0702323
17.500000 -0.2094150 -0.0541947 -2.5610600 0.0167280 0.9768630 -0.2002000 0.0733442
17.533333 -0.2088640 -0.0544012 -2.5629300 0.0182968 0.9768160 -0.1990090 0.0767565
17.566667 -0.2078680 -0.0546575 -2.5647300 0.0202971 0.9768970 -0.1969890 0.0803427
17.600000 -0.2072030 -0.0537739 -2.5666100 0.0229024 0.9769010 -0.1952150 0.0838519
17.633333 -0.2074420 -0.0537095 -2.5684700 0.0247000 0.9769110 -0.1932570 0.0876687
17.666667 -0.2068690 -0.0539758 -2.5703200 0.0258493 0.9770350 -0.1908560 0.0911469
17.700000 -0.2060470 -0.0525515 -2.5719300 0.0270111 0.9772620 -0.1882080 0.0938436
17.733333 -0.2056380 -0.0522170 -2.5735400 0.0277573 0.9774260 -0.1857000 0.0968671
17.766667 -0.2050670 -0.0513420 -2.5749500 0.0293483 0.9772590 -0.1846780 0.0999922
17.800000 -0.2049460 -0.0503566 -2.5763300 0.0304779 0.9771880 -0.1832020 0.1030170
17.833333 -0.2047470 -0.0505517 -2.5779100 0.0320606 0.9771050 -0.1814500 0.1063700
17.866667 -0.2048570 -0.0495658 -2.5791800 0.0324015 0.9769990 -0.1799390 0.1097520
17.900000 -0.2042480 -0.0494196 -2.5803400 0.0330039 0.9771340 -0.1772160 0.1127550
17.933333 -0.2040120 -0.0484242 -2.5816300 0.0329115 0.9772960 -0.1742120 0.1160190
17.966667 -0.2038660 -0.0481584 -2.5828800 0.0329267 0.9773670 -0.1717740 0.1190090
18.000000 -0.2042000 -0.0479023 -2.5842000 0.0330049 0.9772410 -0.1696480 0.1230030
18.033333 -0.2043060 -0.0465262 -2.5854000 0.0335577 0.9769920 -0.1678860 0.1271780
18.066667 -0.2050030 -0.0455794 -2.5865600 0.0334900 0.9767110 -0.1659640 0.1317990
18.100000 -0.2055560 -0.0445030 -2.5878000 0.0338149 0.9762010 -0.1647320 0.1369340
18.133333 -0.2057670 -0.0431459 -2.5888100 0.0347468 0.9755690 -0.1637680 0.1422600
18.166667 -0.2061530 -0.0422387 -2.5898000 0.0346280 0.9750630 -0.1615850 0.1481300
18.200000 -0.2060210 -0.0407820 -2.5908000 0.0344812 0.9747130 -0.1581940 0.1540130
18.233333 -0.2065030 -0.0397654 -2.5920000 0.0339592 0.9741960 -0.1554640 0.1600600
18.266667 -0.2070790 -0.0362880 -2.5930200 0.0365104 0.9736500 -0.1526900 0.1654060
18.300000 -0.2079130 -0.0355010 -2.5941200 0.0365043 0.9730670 -0.1502130 0.1710110
18.333333 -0.2085470 -0.0357144 -2.5952700 0.0372124 0.9722900 -0.1488390 0.1763920
18.366667 -0.2093050 -0.0348067 -2.5961900 0.0373668 0.9715470 -0.1475820 0.1814400
18.400000 -0.2102220 -0.0328391 -2.5971200 0.0390634 0.9709060 -0.1457320 0.1859490
18.433333 -0.2107680 -0.0326514 -2.5979900 0.0389243 0.9703600 -0.1432740 0.1906790
18.466667 -0.2111680 -0.0340149 -2.5991000 0.0380420 0.9697400 -0.1412860 0.1954360
18.500000 -0.2113340 -0.0337377 -2.6000400 0.0392008 0.9689170 -0.1404950 0.1998120
18.533333 -0.2115560 -0.0320997 -2.6008000 0.0400316 0.9680770 -0.1400450 0.2039920
18.566667 -0.2113560 -0.0316617 -2.6014200 0.0391843 0.9675520 -0.1385240 0.2076530
18.600000 -0.2117670 -0.0313244 -2.6023500 0.0384349 0.9671440 -0.1364820 0.2110170
18.633333 -0.2121490 -0.0314767 -2.6031200 0.0374744 0.9667000 -0.1350710 0.2141090
18.666667 -0.2119730 -0.0308392 -2.6038500 0.0370541 0.9661800 -0.1336280 0.2174120
18.700000 -0.2126190 -0.0302110 -2.6045900 0.0365473 0.9656760 -0.1323100 0.2205160
18.733333 -0.2127090 -0.0297530 -2.6052700 0.0362525 0.9652130 -0.1308780 0.2234280
18.766667 -0.2128710 -0.0296545 -2.6058300 0.0349291 0.9647580 -0.1291840 0.2265690
18.800000 -0.2136340 -0.0287964 -2.6066100 0.0346791 0.9642780 -0.1271650 0.2297710
18.833333 -0.2134990 -0.0285380 -2.6071200 0.0338055 0.9637720 -0.1254910 0.2329230
18.866667 -0.2138020 -0.0281706 -2.6080200 0.0335538 0.9631560 -0.1239290 0.2363160
18.900000 -0.2142660 -0.0275216 -2.6083800 0.0332114 0.9626150 -0.1222620 0.2394210
18.933333 -0.2145210 -0.0272233 -2.6090100 0.0336879 0.9621010 -0.1198510 0.2426150
18.966667 -0.2149980 -0.0268650 -2.6096100 0.0337941 0.9615280 -0.1177840 0.2458640
19.000000 -0.2152130 -0.0258472 -2.6103500 0.0356951 0.9608650 -0.1153880 0.2492970
19.033333 -0.2152810 -0.0261495 -2.6110700 0.0356466 0.9601570 -0.1127070 0.2532310
19.066667 -0.2156330 -0.0256720 -2.6119300 0.0369074 0.9591500 -0.1109430 0.2576060
19.100000 -0.2153550 -0.0248253 -2.6129400 0.0381848 0.9581470 -0.1089090 0.2619850
19.133333 -0.2153480 -0.0241680 -2.6137900 0.0387197 0.9571910 -0.1066660 0.2662850
19.166667 -0.2156910 -0.0233011 -2.6148500 0.0397859 0.9561560 -0.1041410 0.2708090
19.200000 -0.2153110 -0.0222540 -2.6156600 0.0405600 0.9551200 -0.1016090 0.2752740
19.233333 -0.2153140 -0.0211766 -2.6164900 0.0410003 0.9541850 -0.0990200 0.2793640
19.266667 -0.2153250 -0.0202894 -2.6173600 0.0408806 0.9532050 -0.0966725 0.2835210
19.300000 -0.2155630 -0.0196419 -2.6181500 0.0400849 0.9522440 -0.0943123 0.2876270
19.333333 -0.2156940 -0.0186737 -2.6186900 0.0388256 0.9512610 -0.0922979 0.2916780
19.366667 -0.2150210 -0.0182259 -2.6192500 0.0372042 0.9501940 -0.0904207 0.2959230
19.400000 -0.2142830 -0.0183284 -2.6199300 0.0365154 0.9491010 -0.0880005 0.3002160
19.433333 -0.2148640 -0.0169301 -2.6206000 0.0360436 0.9479900 -0.0861723 0.3042870
19.466667 -0.2141750 -0.0164709 -2.6207200 0.0348663 0.9471800 -0.0834820 0.3076770
19.500000 -0.2140320 -0.0167029 -2.6212700 0.0341024 0.9461460 -0.0803991 0.3117370
19.533333 -0.2140100 -0.0162144 -2.6217300 0.0338395 0.9450030 -0.0781520 0.3157800
19.566667 -0.2134470 -0.0156245 -2.6216300 0.0333996 0.9439430 -0.0758203 0.3195420
19.600000 -0.2134670 -0.0154660 -2.6220700 0.0328268 0.9428270 -0.0733826 0.3234430
19.633333 -0.2134450 -0.0152071 -2.6224100 0.0325386 0.9417220 -0.0711383 0.3271710
19.666667 -0.2135730 -0.0137269 -2.6224300 0.0326438 0.9406220 -0.0693855 0.3306820
19.700000 -0.2137250 -0.0130978 -2.6227400 0.0322789 0.9395160 -0.0666381 0.3344060
19.733333 -0.2137800 -0.0127380 -2.6228700 0.0319419 0.9385940 -0.0643349 0.3374630
19.766667 -0.2138540 -0.0123396 -2.6234000 0.0316817 0.9374990 -0.0627047 0.3408230
19.800000 -0.2138560 -0.0114498 -2.6235100 0.0316978 0.9365340 -0.0607557 0.3438140
19.833333 -0.2145080 -0.0109901 -2.6237500 0.0315512 0.9355370 -0.0585217 0.3469150
19.866667 -0.2143760 -0.0108199 -2.6236000 0.0317691 0.9346530 -0.0567228 0.3495670
19.900000 -0.2145600 -0.0102704 -2.6237900 0.0320562 0.9335960 -0.0552680 0.3525860
19.933333 -0.2145180 -0.0090401 -2.6237000 0.0320504 0.9324720 -0.0543357 0.3556920
19.966667 -0.2144020 -0.0080707 -2.6238500 0.0320461 0.9312840 -0.0532704 0.3589510
20.000000 -0.2144880 -0.0073106 -2.6238400 0.0323329 0.9301440 -0.0518305 0.3620790
20.033333 -0.2143620 -0.0062404 -2.6237500 0.0325384 0.9289930 -0.0500117 0.3652570
20.066667 -0.2142280 -0.0055096 -2.6235000 0.0328065 0.9278940 -0.0474508 0.3683530
20.100000 -0.2141470 -0.0049989 -2.6232700 0.0326686 0.9266860 -0.0452894 0.3716630
20.133333 -0.2144580 -0.0048888 -2.6233300 0.0325929 0.9252190 -0.0437952 0.3754850
20.166667 -0.2142760 -0.0042586 -2.6232900 0.0325224 0.9238400 -0.0430116 0.3789610
20.200000 -0.2139620 -0.0038588 -2.6232400 0.0323739 0.9225500 -0.0423174 0.3821820
20.233333 -0.2135530 -0.0034189 -2.6231700 0.0319011 0.9213710 -0.0417089 0.3851220
20.266667 -0.2142600 -0.0020886 -2.6232000 0.0315867 0.9202000 -0.0410923 0.3880020
20.300000 -0.2140880 -0.0019996 -2.6234700 0.0312454 0.9189480 -0.0393374 0.3911660
20.333333 -0.2138620 -0.0010092 -2.6232900 0.0313697 0.9176210 -0.0383202 0.3943600
20.366667 -0.2137730 -0.0008206 -2.6236600 0.0313681 0.9160520 -0.0368704 0.3981280
20.400000 -0.2128660 -0.0018105 -2.6234600 0.0313441 0.9147460 -0.0357891 0.4012190
20.433333 -0.2127900 -0.0016706 -2.6234800 0.0330917 0.9130410 -0.0358914 0.4049370
20.466667 -0.2133940 -0.0001512 -2.6237600 0.0353331 0.9107390 -0.0354184 0.4099400
20.500000 -0.2137020 0.0016079 -2.6241700 0.0363845 0.9084640 -0.0338459 0.4149990
20.533333 -0.2132420 0.0019479 -2.6240400 0.0360681 0.9067680 -0.0318593 0.4188740
20.566667 -0.2126830 0.0026371 -2.6241800 0.0360542 0.9051780 -0.0300230 0.4224360
20.600000 -0.2121860 0.0027359 -2.6245000 0.0350110 0.9034000 -0.0271132 0.4265060
20.633333 -0.2120040 0.0020826 -2.6254600 0.0339819 0.9012750 -0.0248063 0.4311990
20.666667 -0.2112740 0.0021815 -2.6256500 0.0334819 0.8992730 -0.0242639 0.4354280
20.700000 -0.2101690 0.0027907 -2.6256900 0.0330715 0.8974910 -0.0243119 0.4391200
20.733333 -0.2093200 0.0031903 -2.6256600 0.0324290 0.8960390 -0.0240239 0.4421380
20.766667 -0.2088410 0.0040386 -2.6260600 0.0316734 0.8943030 -0.0236493 0.4457130
20.800000 -0.2074390 0.0038383 -2.6258200 0.0305342 0.8929920 -0.0227537 0.4484580
20.833333 -0.2062010 0.0034876 -2.6257800 0.0301305 0.8913270 -0.0224846 0.4517990
20.866667 -0.2051170 0.0043366 -2.6259000 0.0307804 0.8893330 -0.0223806 0.4556740
20.900000 -0.2036470 0.0039556 -2.6258700 0.0306703 0.8876980 -0.0212197 0.4589130
20.933333 -0.2019260 0.0025129 -2.6262900 0.0303955 0.8859740 -0.0205339 0.4622820
20.966667 -0.2008680 0.0028925 -2.6261800 0.0307405 0.8843650 -0.0218966 0.4652680
21.000000 -0.1990850 0.0035524 -2.6257800 0.0303563 0.8829330 -0.0226554 0.4679690
21.033333 -0.1974790 0.0035515 -2.6257400 0.0295718 0.8812880 -0.0226674 0.4711090
21.066667 -0.1959490 0.0024304 -2.6257600 0.0289888 0.8794330 -0.0226288 0.4746000
21.100000 -0.1940230 0.0025811 -2.6251300 0.0294563 0.8775730 -0.0235131 0.4779600
21.133333 -0.1919620 0.0029323 -2.6243600 0.0299989 0.8757260 -0.0244586 0.4812540
21.166667 -0.1902280 0.0027702 -2.6246300 0.0301630 0.8736030 -0.0251047 0.4850550
21.200000 -0.1879740 0.0025401 -2.6241600 0.0301607 0.8717310 -0.0259400 0.4883670
21.233333 -0.1862740 0.0036006 -2.6236100 0.0305027 0.8699430 -0.0271754 0.4914570
21.266667 -0.1839650 0.0035093 -2.6235000 0.0302132 0.8682530 -0.0272816 0.4944490
21.300000 -0.1815540 0.0031195 -2.6228800 0.0300205 0.8666400 -0.0276839 0.4972590
21.333333 -0.1787390 0.0026498 -2.6222200 0.0299518 0.8651800 -0.0281737 0.4997720
21.366667 -0.1766920 0.0031886 -2.6221200 0.0301297 0.8635030 -0.0290968 0.5026000
21.400000 -0.1741410 0.0025175 -2.6218700 0.0296851 0.8621700 -0.0291165 0.5049100
21.433333 -0.1716380 0.0027482 -2.6210700 0.0301479 0.8609860 -0.0297012 0.5068650
21.466667 -0.1690760 0.0034187 -2.6203700 0.0304922 0.8598890 -0.0299082 0.5086920
21.500000 -0.1665970 0.0029483 -2.6199800 0.0300417 0.8587440 -0.0290081 0.5107000
21.533333 -0.1638980 0.0024893 -2.6191300 0.0299784 0.8577790 -0.0289826 0.5123250
21.566667 -0.1617500 0.0031102 -2.6183500 0.0304191 0.8567290 -0.0296309 0.5140160
21.600000 -0.1591750 0.0035198 -2.6179400 0.0300371 0.8556070 -0.0296370 0.5159030
21.633333 -0.1565250 0.0030301 -2.6172700 0.0291941 0.8548780 -0.0291852 0.5171840
21.666667 -0.1540430 0.0025001 -2.6167600 0.0283728 0.8541980 -0.0291420 0.5183540
21.700000 -0.1516830 0.0023780 -2.6168900 0.0275829 0.8532900 -0.0294484 0.5198740
21.733333 -0.1494330 0.0025868 -2.6167000 0.0272074 0.8526600 -0.0296859 0.5209130
21.766667 -0.1437880 0.0017893 -2.6147200 0.0264338 0.8529700 -0.0292402 0.5204710
21.800000 -0.1415580 0.0024290 -2.6143400 0.0266456 0.8528220 -0.0294432 0.5206900
21.833333 -0.1386640 0.0019703 -2.6132900 0.0262082 0.8529670 -0.0290573 0.5204950
21.866667 -0.1359780 0.0020618 -2.6121600 0.0263820 0.8531510 -0.0289244 0.5201940
21.900000 -0.1334300 0.0022721 -2.6115400 0.0265605 0.8527560 -0.0286962 0.5208450
21.933333 -0.1308620 0.0017908 -2.6113800 0.0267101 0.8522150 -0.0280304 0.5217570
21.966667 -0.1283080 0.0022616 -2.6105500 0.0270667 0.8519060 -0.0280500 0.5222410
22.000000 -0.1253600 0.0025539 -2.6091900 0.0272875 0.8520400 -0.0276028 0.5220350
22.033333 -0.1226690 0.0024042 -2.6085500 0.0268594 0.8520100 -0.0268159 0.5221480
22.066667 -0.1201790 0.0030143 -2.6080200 0.0262445 0.8521030 -0.0269282 0.5220220
22.100000 -0.1177760 0.0041754 -2.6071300 0.0254282 0.8527900 -0.0265904 0.5209570
22.133333 -0.1156730 0.0058148 -2.6069200 0.0244961 0.8532080 -0.0256228 0.5203640
22.166667 -0.1131360 0.0064046 -2.6064300 0.0229941 0.8535340 -0.0239202 0.5199790
22.200000 -0.1107790 0.0071135 -2.6063200 0.0216662 0.8534750 -0.0224314 0.5202000
22.233333 -0.1083710 0.0077734 -2.6058300 0.0199193 0.8534230 -0.0213655 0.5204000
22.266667 -0.1061310 0.0089016 -2.6058700 0.0179069 0.8533120 -0.0204819 0.5206910
22.300000 -0.1037700 0.0092895 -2.6060200 0.0148754 0.8533570 -0.0188915 0.5207720
22.333333 -0.1011910 0.0089767 -2.6064000 0.0122014 0.8535590 -0.0177144 0.5205530
22.366667 -0.0989510 0.0103345 -2.6066300 0.0106581 0.8536160 -0.0173866 0.5205040
22.400000 -0.0964466 0.0111122 -2.6067900 0.0087779 0.8536780 -0.0154678 0.5204970
22.433333 -0.0937086 0.0103793 -2.6071300 0.0073936 0.8535830 -0.0130093 0.5207410
22.466667 -0.0911919 0.0104041 -2.6082100 0.0073147 0.8530930 -0.0119907 0.5215690
22.500000 -0.0886915 0.0117624 -2.6082100 0.0073876 0.8529000 -0.0115332 0.5218940
22.533333 -0.0860077 0.0118170 -2.6093500 0.0063542 0.8524810 -0.0102919 0.5226190
22.566667 -0.0833307 0.0121329 -2.6100000 0.0060498 0.8519720 -0.0093271 0.5234700
22.600000 -0.0809975 0.0126276 -2.6111500 0.0061215 0.8508690 -0.0080363 0.5252800
22.633333 -0.0781912 0.0122015 -2.6124200 0.0068430 0.8496440 -0.0064777 0.5272730
22.666667 -0.0755672 0.0123260 -2.6136100 0.0084595 0.8480460 -0.0060299 0.5298210
22.700000 -0.0730110 0.0126390 -2.6152000 0.0099820 0.8461000 -0.0054859 0.5329020
22.733333 -0.0701308 0.0126231 -2.6164000 0.0112645 0.8445930 -0.0046305 0.5352700
22.766667 -0.0673477 0.0127656 -2.6181400 0.0128086 0.8433670 -0.0043484 0.5371670
22.800000 -0.0646880 0.0146403 -2.6191700 0.0139336 0.8429890 -0.0045279 0.5377320
22.833333 -0.0620437 0.0155032 -2.6208400 0.0131808 0.8429700 -0.0029476 0.5377900
22.866667 -0.0589965 0.0153649 -2.6227800 0.0118253 0.8431580 -0.0010379 0.5375340
22.900000 -0.0559164 0.0153966 -2.6247100 0.0109806 0.8436420 0.0007225 0.5367940
22.933333 -0.0531539 0.0157678 -2.6268500 0.0100213 0.8441280 0.0024946 0.5360420
22.966667 -0.0498385 0.0149481 -2.6291200 0.0087798 0.8445600 0.0046522 0.5353690
23.000000 -0.0465393 0.0139883 -2.6314700 0.0079597 0.8447280 0.0048813 0.5351150
23.033333 -0.0434471 0.0138683 -2.6339500 0.0076497 0.8450120 0.0036657 0.5346810
23.066667 -0.0404909 0.0146401 -2.6358600 0.0069818 0.8455300 0.0025132 0.5338770
23.100000 -0.0374785 0.0149310 -2.6381000 0.0057519 0.8461170 0.0025042 0.5329600
23.133333 -0.0344734 0.0154428 -2.6400100 0.0047045 0.8464940 0.0028113 0.5323700
23.166667 -0.0316056 0.0158257 -2.6416200 0.0036033 0.8467290 0.0037422 0.5319990
23.200000 -0.0258279 0.0148661 -2.6464300 0.0024354 0.8469020 0.0050174 0.5317190
23.233333 -0.0233491 0.0159593 -2.6480800 0.0031162 0.8475940 0.0049745 0.5306120
23.266667 -0.0187585 0.0162032 -2.6521100 0.0019623 0.8486990 0.0081829 0.5288090
23.300000 -0.0166570 0.0168552 -2.6541500 0.0015589 0.8490760 0.0088627 0.5281940
23.333333 -0.0144997 0.0178697 -2.6554400 0.0011408 0.8495150 0.0100378 0.5274680
23.366667 -0.0125467 0.0187836 -2.6569600 0.0004229 0.8496650 0.0122714 0.5271800
23.400000 -0.0103649 0.0185158 -2.6589400 -0.0003422 0.8498690 0.0155554 0.5267650
23.433333 -0.0079426 0.0184195 -2.6604000 -0.0003753 0.8504290 0.0178940 0.5257860
23.466667 -0.0060038 0.0192938 -2.6617600 -0.0002868 0.8511570 0.0195757 0.5245460
23.500000 -0.0039102 0.0197279 -2.6631300 -0.0012715 0.8518370 0.0218776 0.5233480
23.533333 -0.0014823 0.0189111 -2.6647400 -0.0026108 0.8521680 0.0240770 0.5227070
23.566667 0.0010250 0.0186846 -2.6663000 -0.0030310 0.8525390 0.0243347 0.5220880
23.600000 0.0032042 0.0197206 -2.6670900 -0.0027692 0.8530780 0.0241162 0.5212190
23.633333 0.0056153 0.0201168 -2.6677400 -0.0031643 0.8539160 0.0254505 0.5197790
23.666667 0.0082029 0.0194709 -2.6690400 -0.0035490 0.8546830 0.0268382 0.5184430
23.700000 0.0105955 0.0203283 -2.6693600 -0.0032674 0.8559310 0.0268214 0.5163830
23.733333 0.0129284 0.0211556 -2.6697000 -0.0044641 0.8572720 0.0274615 0.5141120
23.766667 0.0155536 0.0207014 -2.6704800 -0.0065081 0.8584770 0.0288723 0.5119980
23.800000 0.0185779 0.0196974 -2.6710600 -0.0078809 0.8598800 0.0295035 0.5095820
23.833333 0.0214591 0.0192647 -2.6712700 -0.0079963 0.8616150 0.0287321 0.5066850
23.866667 0.0242914 0.0195625 -2.6713900 -0.0079727 0.8636240 0.0275785 0.5033180
23.900000 0.0270385 0.0197008 -2.6713300 -0.0077946 0.8656370 0.0272205 0.4998710
23.933333 0.0299263 0.0200701 -2.6709200 -0.0077891 0.8676100 0.0272472 0.4964380
23.966667 0.0331258 0.0203402 -2.6702200 -0.0083854 0.8696120 0.0283411 0.4928500
24.000000 0.0364535 0.0190780 -2.6701900 -0.0090169 0.8715590 0.0301803 0.4892780
24.033333 0.0400257 0.0187178 -2.6694900 -0.0081419 0.8736910 0.0303350 0.4854660
24.066667 0.0434100 0.0185478 -2.6687900 -0.0073485 0.8756770 0.0307079 0.4818630
24.100000 0.0468418 0.0183783 -2.6678600 -0.0071237 0.8775870 0.0308772 0.4783690
24.133333 0.0505154 0.0183892 -2.6666900 -0.0072545 0.8795340 0.0310675 0.4747660
24.166667 0.0537532 0.0184896 -2.6659000 -0.0078865 0.8812550 0.0318070 0.4715030
24.200000 0.0577339 0.0175207 -2.6647000 -0.0085836 0.8832600 0.0335063 0.4676060
24.233333 0.0615846 0.0167916 -2.6636000 -0.0078524 0.8851720 0.0339869 0.4639550
24.266667 0.0650804 0.0174239 -2.6621100 -0.0059318 0.8873170 0.0340223 0.4598650
24.300000 0.0684090 0.0175254 -2.6609100 -0.0047820 0.8893260 0.0360429 0.4558260
24.333333 0.0723560 0.0169778 -2.6593400 -0.0040772 0.8916470 0.0381794 0.4511000
24.366667 0.0758692 0.0167396 -2.6580600 -0.0033056 0.8939910 0.0394903 0.4463300
24.400000 0.0793175 0.0163698 -2.6572200 -0.0026664 0.8962510 0.0406711 0.4416700
24.433333 0.0828855 0.0161517 -2.6559300 -0.0020546 0.8986550 0.0414366 0.4366900
24.466667 0.0860136 0.0162928 -2.6548300 -0.0017554 0.9008920 0.0415974 0.4320430
24.500000 0.0890662 0.0167050 -2.6534900 -0.0017798 0.9030400 0.0417153 0.4275210
24.533333 0.0919782 0.0167565 -2.6524400 -0.0023196 0.9051580 0.0425757 0.4229320
24.566667 0.0950015 0.0164278 -2.6514100 -0.0026824 0.9073500 0.0434092 0.4181190
24.600000 0.0976504 0.0169997 -2.6502100 -0.0023241 0.9095010 0.0435249 0.4134090
24.633333 0.1000970 0.0178521 -2.6489500 -0.0025472 0.9113570 0.0447663 0.4091670
24.666667 0.1023430 0.0180037 -2.6479600 -0.0040622 0.9130910 0.0471854 0.4049970
24.700000 0.1051010 0.0177050 -2.6469500 -0.0058607 0.9148690 0.0490821 0.4007140
24.733333 0.1074240 0.0175562 -2.6461500 -0.0076884 0.9164380 0.0502165 0.3969380
24.766667 0.1096610 0.0177774 -2.6452200 -0.0092502 0.9179190 0.0508530 0.3933870
24.800000 0.1119790 0.0170078 -2.6445700 -0.0109244 0.9190340 0.0518425 0.3906020
24.833333 0.1140020 0.0163975 -2.6442400 -0.0115143 0.9197290 0.0509015 0.3890700
24.866667 0.1155960 0.0174594 -2.6433100 -0.0109633 0.9203450 0.0492352 0.3878410
24.900000 0.1195120 0.0172424 -2.6414700 -0.0140430 0.9217480 0.0516709 0.3840750
24.933333 0.1216510 0.0168133 -2.6407400 -0.0149063 0.9225990 0.0517405 0.3819830
24.966667 0.1233280 0.0168142 -2.6400900 -0.0152603 0.9232980 0.0513333 0.3803320
25.000000 0.1252720 0.0162444 -2.6395700 -0.0154997 0.9239610 0.0512617 0.3787200
25.033333 0.1272530 0.0157444 -2.6390700 -0.0149713 0.9248310 0.0502295 0.3767500
25.066667 0.1290540 0.0161455 -2.6384100 -0.0132908 0.9260740 0.0490771 0.3739000
25.100000 0.1311160 0.0158556 -2.6379200 -0.0122921 0.9274260 0.0491294 0.3705620
25.133333 0.1328760 0.0159059 -2.6374200 -0.0111374 0.9289460 0.0486156 0.3668410
25.166667 0.1344640 0.0168474 -2.6365900 -0.0099727 0.9306070 0.0484868 0.3626580
25.200000 0.1362650 0.0176687 -2.6357600 -0.0103759 0.9323210 0.0501521 0.3579870
25.233333 0.1382270 0.0174882 -2.6355100 -0.0116465 0.9341250 0.0533598 0.3527420
25.266667 0.1406630 0.0171278 -2.6351000 -0.0126345 0.9361310 0.0561944 0.3469010
25.300000 0.1427840 0.0174181 -2.6344700 -0.0123643 0.9379460 0.0582335 0.3416330
25.333333 0.1448100 0.0177577 -2.6342000 -0.0116644 0.9395600 0.0607883 0.3367430
25.366667 0.1473020 0.0176680 -2.6334900 -0.0106475 0.9413500 0.0638633 0.3311630
25.400000 0.1499140 0.0174370 -2.6332400 -0.0092589 0.9432150 0.0665324 0.3253210
25.433333 0.1524010 0.0177767 -2.6327900 -0.0073786 0.9450380 0.0689961 0.3195120
25.466667 0.1546620 0.0179162 -2.6325100 -0.0064353 0.9467570 0.0721964 0.3136850
25.500000 0.1573050 0.0172148 -2.6324600 -0.0062194 0.9485250 0.0752348 0.3075750
25.533333 0.1600550 0.0167429 -2.6324400 -0.0051828 0.9502760 0.0768652 0.3017300
25.566667 0.1622180 0.0170219 -2.6323300 -0.0039164 0.9517380 0.0781372 0.2967730
25.600000 0.1644350 0.0164993 -2.6326100 -0.0029795 0.9529230 0.0799781 0.2924590
25.633333 0.1665540 0.0159669 -2.6329200 -0.0009808 0.9538760 0.0808621 0.2891050
25.666667 0.1684450 0.0166955 -2.6329800 0.0019579 0.9545460 0.0808999 0.2868690
25.700000 0.1701270 0.0167837 -2.6332200 0.0044700 0.9548500 0.0829518 0.2852370
25.733333 0.1724010 0.0162215 -2.6333900 0.0065309 0.9549070 0.0845724 0.2845310
25.766667 0.1742590 0.0161896 -2.6335600 0.0079075 0.9548930 0.0849954 0.2844160
25.800000 0.1758300 0.0158472 -2.6339400 0.0077967 0.9547600 0.0852647 0.2847850
25.833333 0.1774970 0.0157754 -2.6341300 0.0072322 0.9545550 0.0840726 0.2858390
25.866667 0.1790200 0.0159240 -2.6342200 0.0056423 0.9543610 0.0831468 0.2867920
25.900000 0.1804980 0.0148306 -2.6349700 0.0031548 0.9540580 0.0826755 0.2879720
25.933333 0.1816920 0.0140376 -2.6356900 0.0017381 0.9537040 0.0799123 0.2899300
25.966667 0.1827550 0.0137959 -2.6359600 0.0006100 0.9532480 0.0756120 0.2925750
26.000000 0.1836930 0.0136840 -2.6363300 -0.0011180 0.9526190 0.0712970 0.2956920
26.033333 0.1846310 0.0133421 -2.6366400 -0.0033632 0.9519230 0.0671268 0.2988730
26.066667 0.1854150 0.0133405 -2.6369800 -0.0050225 0.9515690 0.0630239 0.3008630
26.100000 0.1860940 0.0135796 -2.6371400 -0.0053476 0.9512680 0.0598944 0.3024460
26.133333 0.1867400 0.0138488 -2.6372700 -0.0052245 0.9508500 0.0585488 0.3040210
26.166667 0.1877010 0.0130668 -2.6376800 -0.0057558 0.9504550 0.0582674 0.3052970
26.200000 0.1885650 0.0124254 -2.6379500 -0.0051368 0.9500490 0.0565784 0.3068880
26.233333 0.1893840 0.0119545 -2.6380900 -0.0042100 0.9498220 0.0545721 0.3079640
26.266667 0.1903990 0.0108829 -2.6383900 -0.0042371 0.9496970 0.0524288 0.3087220
26.300000 0.1912440 0.0101018 -2.6384900 -0.0031809 0.9497390 0.0483581 0.3092680
26.333333 0.1922080 0.0098813 -2.6385100 -0.0013875 0.9498610 0.0440166 0.3095550
26.366667 0.1932770 0.0093808 -2.6383600 -0.0001082 0.9498490 0.0411655 0.3099870
26.400000 0.1939920 0.0086000 -2.6384400 0.0010517 0.9494570 0.0384718 0.3115280
26.433333 0.1949130 0.0075996 -2.6384000 0.0020912 0.9489770 0.0348552 0.3134080
26.466667 0.1956330 0.0070603 -2.6380200 0.0033819 0.9485830 0.0307832 0.3150100
26.500000 0.1962830 0.0062005 -2.6378100 0.0038910 0.9481250 0.0264631 0.3167690
26.533333 0.1970760 0.0052812 -2.6374800 0.0043606 0.9474450 0.0200094 0.3192640
26.566667 0.1971890 0.0049915 -2.6374000 0.0046163 0.9465490 0.0127857 0.3222730
26.600000 0.1977390 0.0047021 -2.6370700 0.0043454 0.9458690 0.0073101 0.3244360
26.633333 0.1983100 0.0044625 -2.6368200 0.0044269 0.9450200 0.0037449 0.3269610
26.666667 0.1990210 0.0042336 -2.6363000 0.0044997 0.9440210 0.0016101 0.3298520
26.700000 0.1997730 0.0040145 -2.6358700 0.0050075 0.9428040 -0.0004395 0.3333090
26.733333 0.2005200 0.0036352 -2.6354700 0.0058549 0.9414570 -0.0019318 0.3370760
26.766667 0.2011880 0.0034070 -2.6348100 0.0064272 0.9400510 -0.0035078 0.3409540
26.800000 0.2017900 0.0031679 -2.6343600 0.0071483 0.9386850 -0.0053540 0.3446590
26.833333 0.2024070 0.0032196 -2.6337100 0.0078465 0.9372250 -0.0069634 0.3485670
26.866667 0.2032490 0.0030508 -2.6331400 0.0075295 0.9359440 -0.0076740 0.3519850
26.900000 0.2037930 0.0028522 -2.6325800 0.0066733 0.9346080 -0.0083282 0.3555200
26.933333 0.2045220 0.0027137 -2.6319600 0.0061924 0.9333280 -0.0093749 0.3588490
26.966667 0.2050830 0.0028858 -2.6311800 0.0058200 0.9318550 -0.0105188 0.3626310
27.000000 0.2058240 0.0029879 -2.6303900 0.0051930 0.9302880 -0.0108839 0.3666320
27.033333 0.2065700 0.0031500 -2.6295100 0.0044958 0.9285110 -0.0105438 0.3711280
27.066667 0.2075420 0.0030117 -2.6287200 0.0036334 0.9267910 -0.0099180 0.3754280
27.100000 0.2082780 0.0032144 -2.6277100 0.0030978 0.9251040 -0.0086923 0.3796020
27.133333 0.2090450 0.0033071 -2.6267300 0.0021447 0.9233860 -0.0067066 0.3838080
27.166667 0.2098240 0.0031090 -2.6259400 0.0013415 0.9216070 -0.0046285 0.3880940
27.200000 0.2105080 0.0032318 -2.6249700 0.0009784 0.9198220 -0.0026093 0.3923270
27.233333 0.2111140 0.0032444 -2.6240500 0.0002280 0.9181020 -0.0004346 0.3963430
27.266667 0.2116710 0.0033274 -2.6229700 -0.0004003 0.9163440 0.0015302 0.4003890
27.300000 0.2118620 0.0035601 -2.6220500 -0.0012774 0.9144730 0.0036568 0.4046290
27.333333 0.2120190 0.0036423 -2.6213500 -0.0024382 0.9127040 0.0058355 0.4085720
27.366667 0.2119350 0.0041854 -2.6204100 -0.0026528 0.9109530 0.0079998 0.4124250
27.400000 0.2122130 0.0045190 -2.6191900 -0.0033527 0.9093140 0.0109684 0.4159520
27.433333 0.2121050 0.0050321 -2.6182600 -0.0042517 0.9076150 0.0137106 0.4195590
27.466667 0.2120580 0.0053649 -2.6173200 -0.0057342 0.9061370 0.0166803 0.4226160
27.500000 0.2118600 0.0053968 -2.6166800 -0.0073959 0.9045010 0.0196130 0.4259560
27.533333 0.2116310 0.0057895 -2.6158600 -0.0089926 0.9030010 0.0219455 0.4289820
27.566667 0.2111520 0.0063117 -2.6152500 -0.0105330 0.9016750 0.0246188 0.4315840
27.600000 0.2106850 0.0062137 -2.6147200 -0.0126326 0.9002760 0.0273671 0.4342750
27.633333 0.2104290 0.0062878 -2.6135300 -0.0139194 0.8992530 0.0290885 0.4362380
27.666667 0.2090090 0.0062125 -2.6123800 -0.0166734 0.8965680 0.0312534 0.4414870
27.700000 0.2087590 0.0064163 -2.6112200 -0.0172666 0.8955460 0.0317237 0.4435000
27.733333 0.2079040 0.0066593 -2.6104600 -0.0182341 0.8938740 0.0325694 0.4467620
27.766667 0.2071830 0.0064526 -2.6095900 -0.0195203 0.8920330 0.0335050 0.4503040
27.800000 0.2066850 0.0063963 -2.6084800 -0.0199638 0.8901930 0.0337069 0.4538960
27.833333 0.2056900 0.0067999 -2.6075600 -0.0204842 0.8880260 0.0339269 0.4580830
27.866667 0.2046790 0.0071032 -2.6067200 -0.0218852 0.8859380 0.0345961 0.4619930
27.900000 0.2036920 0.0071361 -2.6060600 -0.0240033 0.8840900 0.0352598 0.4653670
27.933333 0.2025250 0.0072882 -2.6056500 -0.0262263 0.8824010 0.0355352 0.4684210
27.966667 0.2013700 0.0080516 -2.6048200 -0.0279723 0.8809990 0.0359554 0.4709200
28.000000 0.2000430 0.0090368 -2.6035800 -0.0304484 0.8795610 0.0372192 0.4733490
28.033333 0.1988120 0.0094700 -2.6028600 -0.0336437 0.8777670 0.0396235 0.4762600
28.066667 0.1976320 0.0095029 -2.6021500 -0.0363028 0.8757180 0.0415137 0.4796630
28.100000 0.1963410 0.0100272 -2.6011400 -0.0378629 0.8735650 0.0427316 0.4833480
28.133333 0.1949230 0.0101888 -2.6009800 -0.0397591 0.8709930 0.0445856 0.4876500
28.166667 0.1937430 0.0099416 -2.6003300 -0.0415002 0.8684620 0.0462763 0.4918440
28.200000 0.1926470 0.0098455 -2.5993400 -0.0423522 0.8659660 0.0471945 0.4960660
28.233333 0.1913110 0.0097780 -2.5988100 -0.0425196 0.8630030 0.0473550 0.5011740
28.266667 0.1901200 0.0095706 -2.5983200 -0.0423480 0.8598010 0.0472108 0.5066750
28.300000 0.1888980 0.0096452 -2.5971300 -0.0416011 0.8564090 0.0466224 0.5125040
28.333333 0.1875240 0.0098267 -2.5969900 -0.0413281 0.8522640 0.0456220 0.5194770
28.366667 0.1857650 0.0099866 -2.5973200 -0.0419755 0.8478850 0.0445789 0.5266320
28.400000 0.1843900 0.0103791 -2.5969100 -0.0431584 0.8440000 0.0436257 0.5328210
28.433333 0.1831110 0.0109627 -2.5960100 -0.0443067 0.8403990 0.0428353 0.5384520
28.466667 0.1817610 0.0123076 -2.5947300 -0.0454741 0.8369080 0.0422767 0.5438100
28.500000 0.1805730 0.0131738 -2.5930700 -0.0477906 0.8337500 0.0435944 0.5483400
28.533333 0.1795320 0.0130777 -2.5920700 -0.0503679 0.8306890 0.0454169 0.5525900
28.566667 0.1782470 0.0137029 -2.5907400 -0.0509619 0.8278400 0.0461763 0.5567330
28.600000 0.1768510 0.0141990 -2.5891000 -0.0513937 0.8249670 0.0473878 0.5608410
28.633333 0.1754670 0.0140340 -2.5877900 -0.0521227 0.8220010 0.0482931 0.5650350
28.666667 0.1740160 0.0142596 -2.5863200 -0.0521058 0.8193980 0.0480764 0.5688240
28.700000 0.1725500 0.0144262 -2.5845500 -0.0519696 0.8173020 0.0479137 0.5718580
28.733333 0.1710430 0.0141521 -2.5830000 -0.0519668 0.8153060 0.0479861 0.5746940
28.766667 0.1691470 0.0139098 -2.5810100 -0.0513269 0.8133750 0.0474550 0.5775240
28.800000 0.1672570 0.0142882 -2.5788600 -0.0499999 0.8115790 0.0464539 0.5802420
28.833333 0.1651630 0.0145972 -2.5765200 -0.0496307 0.8093460 0.0463680 0.5833910
28.866667 0.1630110 0.0140440 -2.5747800 -0.0500489 0.8071520 0.0467716 0.5863560
28.900000 0.1607360 0.0135522 -2.5727200 -0.0493963 0.8053340 0.0458191 0.5889800
28.933333 0.1584220 0.0128403 -2.5706300 -0.0487127 0.8036480 0.0445080 0.5914360
28.966667 0.1558270 0.0124397 -2.5681900 -0.0474296 0.8021320 0.0423654 0.5937500
29.000000 0.1530830 0.0130496 -2.5657200 -0.0459079 0.8006660 0.0401643 0.5959970
29.033333 0.1501600 0.0135708 -2.5628800 -0.0457769 0.7991310 0.0401077 0.5980680
29.066667 0.1474420 0.0122597 -2.5606600 -0.0464692 0.7977250 0.0416733 0.5997820
29.100000 0.1446480 0.0110083 -2.5585500 -0.0449204 0.7966750 0.0410150 0.6013400
29.133333 0.1416680 0.0106874 -2.5563300 -0.0422247 0.7959310 0.0387930 0.6026660
29.166667 0.1386640 0.0104268 -2.5540800 -0.0403652 0.7953790 0.0365744 0.6036600
29.200000 0.1356460 0.0098062 -2.5518000 -0.0390932 0.7947030 0.0346661 0.6047450
29.233333 0.1324820 0.0100257 -2.5494600 -0.0382397 0.7938280 0.0322397 0.6060810
29.266667 0.1294330 0.0094640 -2.5475100 -0.0389580 0.7924650 0.0307916 0.6078920
29.300000 0.1264640 0.0085239 -2.5450600 -0.0387837 0.7911050 0.0281750 0.6097990
29.333333 0.1233720 0.0086727 -2.5429800 -0.0374364 0.7895330 0.0245732 0.6120730
29.366667 0.1203360 0.0087323 -2.5405600 -0.0373295 0.7880220 0.0226334 0.6140970
29.400000 0.1171660 0.0086019 -2.5383100 -0.0377935 0.7861610 0.0216415 0.6164850
29.433333 0.1143700 0.0076900 -2.5364200 -0.0385839 0.7840280 0.0208691 0.6191730
29.466667 0.1114590 0.0072279 -2.5345600 -0.0387607 0.7819190 0.0197740 0.6218600
29.500000 0.1084300 0.0073068 -2.5324300 -0.0390054 0.7798590 0.0189968 0.6244490
29.533333 0.1055130 0.0072646 -2.5305600 -0.0391081 0.7774840 0.0186858 0.6274080
29.566667 0.1026730 0.0072327 -2.5287100 -0.0390153 0.7746620 0.0188991 0.6308880
29.600000 0.1000230 0.0067201 -2.5269800 -0.0391159 0.7712820 0.0198689 0.6349800
29.633333 0.0974420 0.0061176 -2.5252000 -0.0387190 0.7673940 0.0204345 0.6396800
29.666667 0.0948540 0.0053349 -2.5235300 -0.0378677 0.7630260 0.0206444 0.6449270
29.700000 0.0923119 0.0048916 -2.5219500 -0.0362957 0.7583440 0.0207974 0.6505110
29.733333 0.0897518 0.0044181 -2.5204700 -0.0344695 0.7533820 0.0206837 0.6563530
29.766667 0.0872461 0.0039244 -2.5190700 -0.0325910 0.7484260 0.0203843 0.6621030
29.800000 0.0847414 0.0035703 -2.5177700 -0.0312011 0.7438590 0.0198387 0.6673140
29.833333 0.0822728 0.0034463 -2.5163900 -0.0300668 0.7395510 0.0194559 0.6721470
29.866667 0.0798941 0.0029514 -2.5153600 -0.0298098 0.7351940 0.0192130 0.6769290
29.900000 0.0774345 0.0022767 -2.5142700 -0.0291133 0.7305880 0.0187992 0.6819390
29.933333 0.0748213 0.0021009 -2.5135000 -0.0274151 0.7255440 0.0181770 0.6873890
29.966667 0.0722732 0.0024345 -2.5129100 -0.0256002 0.7203860 0.0183101 0.6928590
30.000000 0.0699048 0.0022564 -2.5128300 -0.0254317 0.7156750 0.0193177 0.6977030
30.033333 0.0675354 0.0019288 -2.5126300 -0.0254197 0.7112010 0.0194376 0.7022600
30.066667 0.0649659 0.0020218 -2.5122200 -0.0253506 0.7070000 0.0192094 0.7064970
30.100000 0.0624971 0.0019536 -2.5121600 -0.0258464 0.7030740 0.0189938 0.7103930
30.133333 0.0600336 0.0015173 -2.5115400 -0.0261315 0.6991130 0.0184690 0.7142950
30.166667 0.0574001 0.0015295 -2.5114700 -0.0261134 0.6948650 0.0174072 0.7184550
30.200000 0.0547669 0.0017901 -2.5118400 -0.0259404 0.6906410 0.0163567 0.7225470
30.233333 0.0521082 0.0019505 -2.5123000 -0.0262251 0.6864840 0.0161269 0.7264920
30.266667 0.0494759 0.0019324 -2.5122900 -0.0268181 0.6827230 0.0161063 0.7300070
30.300000 0.0468633 0.0017042 -2.5122800 -0.0268369 0.6795250 0.0159261 0.7329890
30.333333 0.0442008 0.0020049 -2.5126400 -0.0263125 0.6763570 0.0154149 0.7359420
30.366667 0.0416903 0.0017970 -2.5125400 -0.0264043 0.6733530 0.0155023 0.7386860
30.400000 0.0392335 0.0014892 -2.5123900 -0.0263759 0.6703920 0.0150908 0.7413840
30.433333 0.0365752 0.0016811 -2.5123600 -0.0258932 0.6674660 0.0140682 0.7440570
30.466667 0.0341285 0.0018914 -2.5127700 -0.0254608 0.6643810 0.0131507 0.7468440
30.500000 0.0317439 0.0020230 -2.5127600 -0.0249697 0.6615010 0.0127723 0.7494190
30.533333 0.0293106 0.0026941 -2.5129800 -0.0247129 0.6585920 0.0127143 0.7519870
30.566667 0.0270685 0.0027363 -2.5127800 -0.0250767 0.6561830 0.0131558 0.7540700
30.600000 0.0250053 0.0024683 -2.5125900 -0.0248495 0.6538730 0.0132222 0.7560800
30.633333 0.0229511 0.0026698 -2.5125900 -0.0238933 0.6515790 0.0128159 0.7580960
30.666667 0.0211556 0.0024815 -2.5124300 -0.0229506 0.6494950 0.0126837 0.7599140
30.700000 0.0195182 0.0019641 -2.5119600 -0.0215064 0.6477820 0.0121682 0.7614250
30.733333 0.0179370 0.0018456 -2.5117700 -0.0191445 0.6460920 0.0112870 0.7629360
30.766667 0.0164701 0.0021062 -2.5119200 -0.0168369 0.6444910 0.0100288 0.7643600
30.800000 0.0149246 0.0023279 -2.5117500 -0.0153726 0.6433620 0.0093375 0.7653510
30.833333 0.0136459 0.0020490 -2.5117000 -0.0149961 0.6419470 0.0091087 0.7665480
30.866667 0.0124903 0.0019100 -2.5116900 -0.0142249 0.6402000 0.0085236 0.7680300
30.900000 0.0114452 0.0011327 -2.5110400 -0.0133818 0.6387680 0.0074251 0.7692470
30.933333 0.0104526 0.0009444 -2.5107300 -0.0117451 0.6372110 0.0058249 0.7705780
30.966667 0.0096138 0.0007257 -2.5104600 -0.0106499 0.6358040 0.0041940 0.7717660
31.000000 0.0088035 0.0003974 -2.5101700 -0.0097136 0.6349950 0.0027606 0.7724500
31.033333 0.0081468 0.0002081 -2.5101000 -0.0086361 0.6344860 0.0016188 0.7728840
31.066667 0.0074545 -0.0002201 -2.5096700 -0.0075549 0.6344450 0.0005061 0.7729310
31.100000 0.0069300 -0.0009282 -2.5091800 -0.0061324 0.6342950 -0.0007808 0.7730660
31.133333 0.0065341 -0.0013077 -2.5090600 -0.0038722 0.6343390 -0.0025036 0.7730420
31.166667 0.0061257 -0.0014472 -2.5090000 -0.0021209 0.6344370 -0.0039036 0.7729620
31.200000 0.0058363 -0.0014369 -2.5089800 -0.0008562 0.6343900 -0.0049044 0.7729970
31.233333 0.0055798 -0.0014167 -2.5090100 0.0002483 0.6343500 -0.0058998 0.7730230
31.266667 0.0055879 -0.0016375 -2.5092600 0.0008435 0.6343740 -0.0065603 0.7729980
31.300000 0.0055826 -0.0019374 -2.5093500 0.0011673 0.6348280 -0.0072572 0.7726180
31.333333 0.0055219 -0.0024669 -2.5092300 0.0017763 0.6355850 -0.0081731 0.7719860
31.366667 0.0056408 -0.0029471 -2.5092900 0.0027980 0.6363660 -0.0092550 0.7713270
31.400000 0.0057402 -0.0031679 -2.5095200 0.0040447 0.6368150 -0.0107014 0.7709320
31.433333 0.0058758 -0.0036585 -2.5096600 0.0049955 0.6371930 -0.0119964 0.7705950
31.466667 0.0060356 -0.0039494 -2.5098500 0.0063329 0.6375290 -0.0132511 0.7702860
31.500000 0.0060499 -0.0040996 -2.5099200 0.0075711 0.6379580 -0.0145193 0.7698970
31.533333 0.0061962 -0.0043895 -2.5098900 0.0085780 0.6385740 -0.0154994 0.7693560
31.566667 0.0063053 -0.0045898 -2.5099500 0.0097096 0.6393040 -0.0166946 0.7687110
31.600000 0.0065173 -0.0048807 -2.5101500 0.0110477 0.6399310 -0.0178007 0.7681460
31.633333 0.0067731 -0.0052915 -2.5103500 0.0119012 0.6402920 -0.0186005 0.7678140
31.666667 0.0069802 -0.0055621 -2.5104600 0.0126428 0.6404300 -0.0192580 0.7676710
31.700000 0.0071192 -0.0058017 -2.5103200 0.0137035 0.6407450 -0.0205278 0.7673570
31.733333 0.0074782 -0.0060630 -2.5106600 0.0145178 0.6409350 -0.0212331 0.7671640
31.766667 0.0077240 -0.0064232 -2.5107100 0.0150299 0.6412810 -0.0215003 0.7668570
31.800000 0.0078852 -0.0064335 -2.5107200 0.0161955 0.6415910 -0.0219761 0.7665610
31.833333 0.0082052 -0.0068147 -2.5109700 0.0171425 0.6419310 -0.0221088 0.7662520
31.866667 0.0083335 -0.0066755 -2.5111800 0.0181402 0.6422570 -0.0223808 0.7659480
31.900000 0.0084986 -0.0069058 -2.5111900 0.0191524 0.6427800 -0.0220004 0.7654950
31.933333 0.0087773 -0.0069067 -2.5114100 0.0203092 0.6430430 -0.0216727 0.7652540
31.966667 0.0089426 -0.0070469 -2.5113800 0.0209473 0.6435720 -0.0212155 0.7648050
32.000000 0.0092481 -0.0071776 -2.5115500 0.0216512 0.6438850 -0.0207399 0.7645350
32.033333 0.0095125 -0.0072782 -2.5117200 0.0226321 0.6443420 -0.0203511 0.7641320
32.066667 0.0097856 -0.0071387 -2.5118600 0.0237165 0.6448820 -0.0200623 0.7636500
32.100000 0.0101135 -0.0073492 -2.5119600 0.0246112 0.6454640 -0.0198201 0.7631370
32.133333 0.0103894 -0.0074296 -2.5120100 0.0254843 0.6462310 -0.0200312 0.7624530
32.166667 0.0106558 -0.0074103 -2.5121700 0.0261657 0.6469660 -0.0203863 0.7617970
