#TimeStamp Tx Ty Tz Qx Qy Qz Qw
0.033333 0.0000000 0.0000000 -2.2500000 0.0000000 0.0000000 0.0000000 1.0000000
0.066667 -0.0047395 -0.0010786 -2.2500900 0.0004478 -0.0000423 0.0001143 1.0000000
0.100000 -0.0029225 -0.0002987 -2.2512800 0.0010838 -0.0013956 -0.0000539 0.9999980
0.133333 -0.0059841 -0.0011087 -2.2497300 0.0010048 -0.0010957 -0.0002263 0.9999990
0.166667 -0.0050931 -0.0005486 -2.2506400 0.0013316 -0.0014537 -0.0003064 0.9999980
0.200000 -0.0052159 -0.0003986 -2.2503200 0.0011185 -0.0015537 -0.0002040 0.9999980
0.233333 -0.0066559 -0.0005581 -2.2504900 0.0011280 -0.0014793 -0.0001373 0.9999980
0.266667 -0.0086422 0.0000522 -2.2504400 0.0010548 -0.0013272 -0.0004163 0.9999980
0.300000 -0.0087378 -0.0010979 -2.2498800 0.0007661 -0.0014685 -0.0007265 0.9999980
0.333333 -0.0097432 -0.0002179 -2.2491800 0.0009449 -0.0015340 -0.0012221 0.9999980
0.366667 -0.0097575 0.0000124 -2.2500000 0.0005931 -0.0015025 -0.0018940 0.9999970
0.400000 -0.0122159 0.0001929 -2.2494100 0.0002576 -0.0006315 -0.0024738 0.9999970
0.433333 -0.0121632 -0.0008869 -2.2500400 -0.0003583 -0.0006878 -0.0027186 0.9999960
0.466667 -0.0152569 -0.0020065 -2.2492600 -0.0001881 0.0000153 -0.0028383 0.9999960
0.500000 -0.0144269 -0.0001962 -2.2503500 0.0004367 -0.0001449 -0.0030668 0.9999950
0.533333 -0.0165126 0.0011349 -2.2517900 -0.0001132 0.0007790 -0.0033370 0.9999940
0.566667 -0.0180514 0.0009949 -2.2507900 -0.0011582 0.0012524 -0.0033832 0.9999930
0.600000 -0.0195429 0.0007255 -2.2512200 -0.0017378 0.0017512 -0.0037380 0.9999900
0.633333 -0.0225990 0.0019763 -2.2515700 -0.0021001 0.0027971 -0.0042914 0.9999850
0.666667 -0.0255537 0.0010669 -2.2512300 -0.0029904 0.0039127 -0.0044764 0.9999780
0.700000 -0.0312424 0.0018885 -2.2516900 -0.0030694 0.0054680 -0.0043184 0.9999710
0.733333 -0.0306437 0.0027790 -2.2533700 -0.0037104 0.0059957 -0.0043180 0.9999660
0.766667 -0.0390253 0.0013010 -2.2539800 -0.0047660 0.0083648 -0.0042886 0.9999440
0.800000 -0.0401657 0.0000715 -2.2547700 -0.0046632 0.0093424 -0.0045962 0.9999350
0.833333 -0.0464387 0.0016127 -2.2538900 -0.0037864 0.0117379 -0.0045130 0.9999140
0.866667 -0.0520899 0.0023248 -2.2560800 -0.0042988 0.0140241 -0.0039617 0.9998850
0.900000 -0.0569046 0.0005460 -2.2563700 -0.0050116 0.0157297 -0.0032820 0.9998580
0.933333 -0.0629687 0.0003383 -2.2591300 -0.0045949 0.0178869 -0.0025546 0.9998260
0.966667 -0.0725701 0.0011299 -2.2571400 -0.0043526 0.0206131 -0.0021105 0.9997760
1.000000 -0.0790164 0.0003920 -2.2589700 -0.0049352 0.0224518 -0.0017784 0.9997340
1.033333 -0.0858111 0.0000343 -2.2612500 -0.0048153 0.0247322 -0.0013345 0.9996820
1.066667 -0.0913448 0.0004158 -2.2615200 -0.0045434 0.0263603 -0.0006977 0.9996420
1.100000 -0.1196270 0.0010727 -2.2618500 -0.0045166 0.0308484 -0.0009364 0.9995130
1.133333 -0.1230600 0.0003245 -2.2645200 -0.0049160 0.0317206 0.0002944 0.9994850
1.166667 -0.1287640 -0.0005336 -2.2663000 -0.0045486 0.0326000 0.0020944 0.9994560
1.200000 -0.1396140 0.0015185 -2.2650400 -0.0038445 0.0344391 0.0028655 0.9993950
1.233333 -0.1514480 0.0020609 -2.2643100 -0.0045272 0.0371087 0.0030742 0.9992960
1.266667 -0.1546330 0.0027127 -2.2676800 -0.0050963 0.0383830 0.0028824 0.9992460
1.300000 -0.1645870 0.0043647 -2.2669700 -0.0057854 0.0412027 0.0024230 0.9991310
1.333333 -0.1749840 0.0054865 -2.2652500 -0.0071934 0.0441477 0.0017504 0.9989980
1.366667 -0.1883300 0.0040188 -2.2630300 -0.0090013 0.0470439 0.0015640 0.9988510
1.400000 -0.1951250 0.0035594 -2.2596800 -0.0095392 0.0478144 0.0011710 0.9988100
1.433333 -0.2014010 0.0042715 -2.2617800 -0.0098612 0.0490294 0.0004473 0.9987490
1.466667 -0.2098390 0.0022221 -2.2580800 -0.0105742 0.0500173 -0.0002296 0.9986920
1.500000 -0.2158130 0.0016935 -2.2579800 -0.0099779 0.0506232 -0.0008103 0.9986680
1.533333 -0.2187960 0.0035541 -2.2583000 -0.0090801 0.0508206 -0.0018705 0.9986650
1.566667 -0.2233100 0.0038147 -2.2572000 -0.0094273 0.0514713 -0.0026888 0.9986260
1.600000 -0.2305970 0.0027263 -2.2564000 -0.0095757 0.0528288 -0.0026974 0.9985540
1.633333 -0.2449210 0.0030279 -2.2514800 -0.0087355 0.0552828 -0.0022358 0.9984300
1.666667 -0.2432390 0.0031886 -2.2544900 -0.0082542 0.0546381 -0.0019194 0.9984700
1.700000 -0.2472160 0.0028098 -2.2552000 -0.0073468 0.0553028 -0.0019476 0.9984410
1.733333 -0.2491700 0.0051813 -2.2584200 -0.0059067 0.0556472 -0.0027458 0.9984290
1.766667 -0.2622600 0.0067525 -2.2526500 -0.0058849 0.0573672 -0.0037430 0.9983290
1.800000 -0.2645240 0.0060031 -2.2529500 -0.0065892 0.0572276 -0.0048478 0.9983280
1.833333 -0.2845060 0.0055747 -2.2437900 -0.0062766 0.0610815 -0.0054858 0.9980980
1.866667 -0.2893880 0.0082657 -2.2432000 -0.0054911 0.0616667 -0.0058371 0.9980650
1.900000 -0.2987270 0.0089169 -2.2404200 -0.0065086 0.0632477 -0.0051994 0.9979630
1.933333 -0.3128960 0.0065885 -2.2347200 -0.0072707 0.0661223 -0.0038837 0.9977780
1.966667 -0.3160170 0.0082996 -2.2366600 -0.0064324 0.0665462 -0.0026111 0.9977590
2.000000 -0.3227940 0.0097814 -2.2368800 -0.0069813 0.0680549 -0.0013166 0.9976560
2.033333 -0.3465890 0.0091834 -2.2265600 -0.0079843 0.0739985 0.0001847 0.9972260
2.066667 -0.3552350 0.0103252 -2.2254000 -0.0087477 0.0772831 0.0016594 0.9969690
2.100000 -0.3678110 0.0091267 -2.2208400 -0.0101236 0.0811774 0.0039060 0.9966410
2.133333 -0.3816200 0.0092885 -2.2171000 -0.0109116 0.0851233 0.0061010 0.9962920
2.166667 -0.3923130 0.0079904 -2.2151500 -0.0123005 0.0886190 0.0074414 0.9959620
2.200000 -0.4025920 0.0055020 -2.2128700 -0.0131542 0.0921674 0.0085979 0.9956200
2.233333 -0.4137400 0.0057149 -2.2135700 -0.0129850 0.0953576 0.0091528 0.9953160
2.266667 -0.4233030 0.0054457 -2.2090800 -0.0137118 0.0980585 0.0089674 0.9950460
2.300000 -0.4322480 0.0036581 -2.2094400 -0.0149759 0.1006590 0.0085460 0.9947720
2.333333 -0.4394270 0.0030706 -2.2125200 -0.0156728 0.1020770 0.0073628 0.9946260
2.366667 -0.4555410 -0.0020866 -2.2095900 -0.0171344 0.1070140 0.0038025 0.9941030
2.400000 -0.4655280 -0.0034649 -2.2079200 -0.0167484 0.1099400 0.0023578 0.9937940
2.433333 -0.4676650 -0.0051334 -2.2110700 -0.0165555 0.1110990 0.0007711 0.9936710
2.466667 -0.4690590 -0.0088019 -2.2138600 -0.0165426 0.1118110 -0.0006147 0.9935920
2.500000 -0.4671040 -0.0119398 -2.2219700 -0.0150734 0.1128080 -0.0018137 0.9935010
2.533333 -0.4675650 -0.0122473 -2.2287700 -0.0127315 0.1145340 -0.0028667 0.9933340
2.566667 -0.4658480 -0.0135155 -2.2359600 -0.0114789 0.1161470 -0.0032149 0.9931610
2.600000 -0.4727460 -0.0165832 -2.2381100 -0.0106870 0.1196100 -0.0030033 0.9927590
2.633333 -0.4762020 -0.0194311 -2.2418200 -0.0090132 0.1223840 -0.0026575 0.9924380
2.666667 -0.4881450 -0.0184693 -2.2388200 -0.0068360 0.1268210 -0.0021637 0.9919000
2.700000 -0.4965970 -0.0185471 -2.2392900 -0.0068259 0.1311890 -0.0011934 0.9913330
2.733333 -0.5043650 -0.0206144 -2.2424100 -0.0072423 0.1352840 0.0001090 0.9907800
2.766667 -0.5168930 -0.0194817 -2.2421600 -0.0069995 0.1401400 0.0009349 0.9901070
2.800000 -0.5304840 -0.0204484 -2.2417700 -0.0080760 0.1459300 0.0016507 0.9892610
2.833333 -0.5452800 -0.0211663 -2.2377200 -0.0083462 0.1524240 0.0029793 0.9882750
2.866667 -0.5550160 -0.0200438 -2.2380300 -0.0086110 0.1560810 0.0049514 0.9876940
2.900000 -0.5680350 -0.0203907 -2.2377000 -0.0094289 0.1598460 0.0070974 0.9870710
2.933333 -0.5773600 -0.0205986 -2.2375500 -0.0097317 0.1630580 0.0091792 0.9865260
2.966667 -0.5848660 -0.0187964 -2.2387900 -0.0095946 0.1656140 0.0110262 0.9860820
3.000000 -0.5993710 -0.0175440 -2.2357600 -0.0106140 0.1696500 0.0124464 0.9853690
3.033333 -0.6145600 -0.0196722 -2.2305700 -0.0121456 0.1742170 0.0135263 0.9845390
3.066667 -0.6193320 -0.0187399 -2.2339700 -0.0118838 0.1759190 0.0141856 0.9842310
3.100000 -0.6265640 -0.0163682 -2.2344000 -0.0120590 0.1783740 0.0146234 0.9837800
3.133333 -0.6396110 -0.0176973 -2.2278500 -0.0131950 0.1818160 0.0153199 0.9831250
3.166667 -0.6497740 -0.0171447 -2.2282800 -0.0130447 0.1849080 0.0157396 0.9825430
3.200000 -0.6553240 -0.0144141 -2.2263700 -0.0130159 0.1867010 0.0158344 0.9822030
3.233333 -0.6698900 -0.0137920 -2.2223000 -0.0143889 0.1906900 0.0162711 0.9814100
3.266667 -0.6754250 -0.0152018 -2.2191800 -0.0156065 0.1924970 0.0166445 0.9810320
3.300000 -0.6836890 -0.0147312 -2.2151300 -0.0154683 0.1949980 0.0166717 0.9805400
3.333333 -0.6923030 -0.0130312 -2.2091100 -0.0152948 0.1978860 0.0164254 0.9799680
3.366667 -0.6958970 -0.0115709 -2.2074800 -0.0157509 0.1990780 0.0158637 0.9797290
3.400000 -0.7065950 -0.0111308 -2.2008500 -0.0162558 0.2025510 0.0157007 0.9790110
3.433333 -0.7192880 -0.0093720 -2.1880400 -0.0162553 0.2069350 0.0160241 0.9780880
3.466667 -0.7220850 -0.0091319 -2.1862600 -0.0171400 0.2090170 0.0168922 0.9776160
3.500000 -0.7284700 -0.0097723 -2.1812100 -0.0170802 0.2118440 0.0178748 0.9769910
3.533333 -0.7288040 -0.0064812 -2.1848800 -0.0162300 0.2126880 0.0184712 0.9768110
3.566667 -0.7384580 -0.0054920 -2.1764400 -0.0171463 0.2159520 0.0183486 0.9760810
3.600000 -0.7402510 -0.0055318 -2.1753600 -0.0182752 0.2181040 0.0188451 0.9755720
3.633333 -0.7481140 -0.0049729 -2.1669700 -0.0188997 0.2223350 0.0197812 0.9745860
3.666667 -0.7544610 -0.0036538 -2.1602800 -0.0197798 0.2259740 0.0206439 0.9737140
3.700000 -0.7623340 -0.0042145 -2.1524200 -0.0213613 0.2303180 0.0215004 0.9726430
3.733333 -0.7665610 -0.0040751 -2.1482000 -0.0223682 0.2337890 0.0224347 0.9717710
3.766667 -0.7772940 -0.0039067 -2.1359100 -0.0233351 0.2391050 0.0238202 0.9704210
3.800000 -0.7780820 -0.0038972 -2.1340600 -0.0248619 0.2415820 0.0249844 0.9697400
3.833333 -0.7884100 -0.0064690 -2.1220200 -0.0264636 0.2466520 0.0263197 0.9683850
3.866667 -0.7961060 -0.0094307 -2.1115700 -0.0264785 0.2502840 0.0272654 0.9674260
3.900000 -0.8016730 -0.0078206 -2.1073800 -0.0252912 0.2537810 0.0272931 0.9665460
3.933333 -0.8079980 -0.0073914 -2.1003400 -0.0257371 0.2575960 0.0268862 0.9655360
3.966667 -0.8147780 -0.0086527 -2.0920800 -0.0264675 0.2615400 0.0266290 0.9644620
4.000000 -0.8241430 -0.0082664 -2.0743100 -0.0267909 0.2659570 0.0260531 0.9632600
4.033333 -0.8257090 -0.0096865 -2.0735300 -0.0283383 0.2680770 0.0256842 0.9626380
4.066667 -0.8313520 -0.0138273 -2.0671500 -0.0287169 0.2711200 0.0259736 0.9617660
4.100000 -0.8406100 -0.0146105 -2.0512100 -0.0269872 0.2757980 0.0262847 0.9604770
4.133333 -0.8449930 -0.0144212 -2.0461900 -0.0259471 0.2793260 0.0268940 0.9594690
4.166667 -0.8498040 -0.0156126 -2.0388500 -0.0255742 0.2826890 0.0272725 0.9584830
4.200000 -0.8592930 -0.0165563 -2.0219000 -0.0251902 0.2878620 0.0271163 0.9569570
4.233333 -0.8647630 -0.0163772 -2.0160800 -0.0253549 0.2916250 0.0268383 0.9558200
4.266667 -0.8687400 -0.0167484 -2.0093800 -0.0257923 0.2950340 0.0269635 0.9547580
4.300000 -0.8774420 -0.0166624 -1.9912800 -0.0259745 0.3000560 0.0276501 0.9531670
4.333333 -0.8810760 -0.0172327 -1.9871900 -0.0265026 0.3035920 0.0288754 0.9519960
4.366667 -0.8814600 -0.0169117 -1.9894700 -0.0265904 0.3066570 0.0298986 0.9509790
4.400000 -0.8917120 -0.0171356 -1.9703700 -0.0269906 0.3129540 0.0306364 0.9488900
4.433333 -0.9005000 -0.0195892 -1.9539400 -0.0275294 0.3199860 0.0317755 0.9464890
4.466667 -0.9037410 -0.0199697 -1.9499900 -0.0268654 0.3248020 0.0328557 0.9448290
4.500000 -0.9106900 -0.0200322 -1.9378700 -0.0260597 0.3300760 0.0341289 0.9429770
4.533333 -0.9159400 -0.0203938 -1.9286500 -0.0255983 0.3338570 0.0356459 0.9416020
4.566667 -0.9215680 -0.0195642 -1.9239100 -0.0248587 0.3383020 0.0370304 0.9399800
4.600000 -0.9275960 -0.0175245 -1.9186400 -0.0248818 0.3434140 0.0384160 0.9380680
4.633333 -0.9368900 -0.0182672 -1.9043400 -0.0264796 0.3498940 0.0400767 0.9355570
4.666667 -0.9423250 -0.0195076 -1.8988100 -0.0279378 0.3549700 0.0413685 0.9335440
4.700000 -0.9515170 -0.0195506 -1.8841000 -0.0286621 0.3612340 0.0426286 0.9310590
4.733333 -0.9567930 -0.0218127 -1.8740900 -0.0297838 0.3659350 0.0444017 0.9291030
4.766667 -0.9630860 -0.0235240 -1.8661800 -0.0293576 0.3704870 0.0458294 0.9272420
4.800000 -0.9686350 -0.0226250 -1.8594400 -0.0281736 0.3745340 0.0466111 0.9256120
4.833333 -0.9744490 -0.0227268 -1.8499900 -0.0275694 0.3790890 0.0471750 0.9237450
4.866667 -0.9846380 -0.0219615 -1.8290600 -0.0271995 0.3863300 0.0472993 0.9207450
4.900000 -0.9860270 -0.0218122 -1.8256900 -0.0278725 0.3900970 0.0473902 0.9191310
4.933333 -0.9903840 -0.0225749 -1.8146400 -0.0284129 0.3949720 0.0476430 0.9170170
4.966667 -0.9940040 -0.0223269 -1.8058800 -0.0287222 0.3988860 0.0478572 0.9153000
5.000000 -0.9972940 -0.0227692 -1.7961200 -0.0295808 0.4025640 0.0480535 0.9136510
5.033333 -1.0004000 -0.0241222 -1.7853300 -0.0301415 0.4066900 0.0484610 0.9117820
5.066667 -1.0040300 -0.0230744 -1.7767900 -0.0300226 0.4106950 0.0489571 0.9099620
5.100000 -1.0085100 -0.0224576 -1.7644600 -0.0305691 0.4147410 0.0500715 0.9080470
5.133333 -1.0101700 -0.0215797 -1.7568600 -0.0312969 0.4181410 0.0517961 0.9063640
5.166667 -1.0148300 -0.0227337 -1.7419800 -0.0322015 0.4227620 0.0539509 0.9040600
5.200000 -1.0170600 -0.0233870 -1.7311600 -0.0324352 0.4273210 0.0559230 0.9017860
5.233333 -1.0200200 -0.0237517 -1.7147700 -0.0322176 0.4322380 0.0577449 0.8993320
5.266667 -1.0205500 -0.0231242 -1.7071100 -0.0319561 0.4362890 0.0590610 0.8972970
5.300000 -1.0217000 -0.0245790 -1.6916800 -0.0321272 0.4413560 0.0604370 0.8947180
5.333333 -1.0215400 -0.0250728 -1.6810400 -0.0315246 0.4461010 0.0607156 0.8923640
5.366667 -1.0216500 -0.0232966 -1.6699000 -0.0309380 0.4511900 0.0605304 0.8898350
5.400000 -1.0226000 -0.0246108 -1.6568300 -0.0314613 0.4564980 0.0605914 0.8871010
5.433333 -1.0227200 -0.0259547 -1.6449500 -0.0314193 0.4611090 0.0600688 0.8847500
5.466667 -1.0237300 -0.0271804 -1.6269900 -0.0310888 0.4660900 0.0592183 0.8822060
5.500000 -1.0229300 -0.0278645 -1.6156900 -0.0307782 0.4699430 0.0577856 0.8802660
5.533333 -1.0218700 -0.0297980 -1.6053100 -0.0306095 0.4729730 0.0565497 0.8787270
5.566667 -1.0213200 -0.0299723 -1.5928900 -0.0293065 0.4759780 0.0553943 0.8772220
5.600000 -1.0212800 -0.0277872 -1.5784500 -0.0289309 0.4790960 0.0547209 0.8755770
5.633333 -1.0232600 -0.0298626 -1.5612200 -0.0303673 0.4832420 0.0553029 0.8732110
5.666667 -1.0222000 -0.0326760 -1.5520400 -0.0309601 0.4861640 0.0559840 0.8715230
5.700000 -1.0216700 -0.0339704 -1.5391200 -0.0303871 0.4889780 0.0561426 0.8699570
5.733333 -1.0220400 -0.0355451 -1.5251100 -0.0299061 0.4916970 0.0561941 0.8684370
5.766667 -1.0231100 -0.0373192 -1.5125000 -0.0292425 0.4938530 0.0562291 0.8672330
5.800000 -1.0226100 -0.0382133 -1.5006000 -0.0283470 0.4952580 0.0561950 0.8664630
5.833333 -1.0240000 -0.0385978 -1.4859200 -0.0278008 0.4960630 0.0557144 0.8660510
5.866667 -1.0229200 -0.0362105 -1.4789300 -0.0279865 0.4959930 0.0545237 0.8661610
5.900000 -1.0216500 -0.0357132 -1.4716600 -0.0303706 0.4967150 0.0540738 0.8656950
5.933333 -1.0214400 -0.0383179 -1.4580800 -0.0328067 0.4987650 0.0544940 0.8644000
5.966667 -1.0206200 -0.0407424 -1.4450600 -0.0338267 0.5009320 0.0545340 0.8631040
6.000000 -1.0184800 -0.0414464 -1.4342800 -0.0340497 0.5031530 0.0540383 0.8618340
6.033333 -1.0187800 -0.0417113 -1.4203500 -0.0342288 0.5063310 0.0537024 0.8599840
6.066667 -1.0205100 -0.0422666 -1.4040500 -0.0348226 0.5092620 0.0532563 0.8582560
6.100000 -1.0183200 -0.0418906 -1.3935000 -0.0355257 0.5113240 0.0531262 0.8570080
6.133333 -1.0167900 -0.0422561 -1.3781400 -0.0365463 0.5146650 0.0533064 0.8549520
6.166667 -1.0169500 -0.0419822 -1.3599500 -0.0373691 0.5188390 0.0536360 0.8523690
6.200000 -1.0138200 -0.0420556 -1.3515700 -0.0388464 0.5227420 0.0542286 0.8498770
6.233333 -1.0114700 -0.0456614 -1.3361500 -0.0400465 0.5274900 0.0551797 0.8468210
6.266667 -1.0093200 -0.0483980 -1.3184800 -0.0393510 0.5325790 0.0551102 0.8436670
6.300000 -1.0070400 -0.0473135 -1.3037600 -0.0380526 0.5369380 0.0543675 0.8410070
6.333333 -1.0057400 -0.0495994 -1.2874300 -0.0383899 0.5416970 0.0546744 0.8379150
6.366667 -1.0021000 -0.0557253 -1.2724400 -0.0378039 0.5462190 0.0551921 0.8349670
6.400000 -1.0020700 -0.0561514 -1.2541600 -0.0344102 0.5513460 0.0540047 0.8318160
6.433333 -1.0023600 -0.0520968 -1.2379500 -0.0326698 0.5562700 0.0529833 0.8286670
6.466667 -1.0011600 -0.0518415 -1.2250100 -0.0344094 0.5609160 0.0538183 0.8254050
6.500000 -0.9992890 -0.0554779 -1.2081500 -0.0368449 0.5655630 0.0553385 0.8220210
6.533333 -0.9974840 -0.0589924 -1.1962200 -0.0378372 0.5700080 0.0566651 0.8188090
6.566667 -0.9963470 -0.0627084 -1.1794300 -0.0373307 0.5752420 0.0578079 0.8150840
6.600000 -0.9942880 -0.0637240 -1.1637100 -0.0353069 0.5797840 0.0583272 0.8119130
6.633333 -0.9941720 -0.0622089 -1.1498000 -0.0336601 0.5841480 0.0587437 0.8088190
6.666667 -0.9935040 -0.0627055 -1.1310800 -0.0336470 0.5891130 0.0598430 0.8051290
6.700000 -0.9906860 -0.0635595 -1.1206900 -0.0338021 0.5928920 0.0610464 0.8022530
6.733333 -0.9884290 -0.0653961 -1.1034000 -0.0336780 0.5972920 0.0620433 0.7989110
6.766667 -0.9865240 -0.0648706 -1.0909000 -0.0327079 0.6008950 0.0625663 0.7962040
6.800000 -0.9836310 -0.0638552 -1.0792100 -0.0324348 0.6035640 0.0631305 0.7941490
6.833333 -0.9802870 -0.0640106 -1.0657000 -0.0334969 0.6061440 0.0636425 0.7920970
6.866667 -0.9757940 -0.0669761 -1.0521100 -0.0348241 0.6085750 0.0642439 0.7901240
6.900000 -0.9715730 -0.0691113 -1.0394100 -0.0348572 0.6105590 0.0637364 0.7886320
6.933333 -0.9670270 -0.0709767 -1.0264900 -0.0344257 0.6132320 0.0627758 0.7866510
6.966667 -0.9613820 -0.0717218 -1.0153900 -0.0333370 0.6161510 0.0611551 0.7845420
7.000000 -0.9563710 -0.0698876 -1.0016400 -0.0322870 0.6198990 0.0595871 0.7817490
7.033333 -0.9491170 -0.0728433 -0.9900370 -0.0328234 0.6227200 0.0592091 0.7795110
7.066667 -0.9426530 -0.0766499 -0.9755390 -0.0317957 0.6262570 0.0580834 0.7768000
7.100000 -0.9356030 -0.0767457 -0.9632210 -0.0292486 0.6288720 0.0558016 0.7749520
7.133333 -0.9277430 -0.0761909 -0.9528690 -0.0271119 0.6311270 0.0544639 0.7732900
7.166667 -0.9184900 -0.0805869 -0.9411890 -0.0258818 0.6331350 0.0541177 0.7717130
7.200000 -0.9095510 -0.0835946 -0.9244630 -0.0228914 0.6357420 0.0524304 0.7697790
7.233333 -0.9010280 -0.0833297 -0.9151950 -0.0200698 0.6374790 0.0503142 0.7685610
7.266667 -0.8909270 -0.0860355 -0.9048970 -0.0185218 0.6398150 0.0492284 0.7667270
7.300000 -0.8803760 -0.0908620 -0.8931520 -0.0167358 0.6427540 0.0480305 0.7643830
7.333333 -0.8706590 -0.0919783 -0.8811760 -0.0137938 0.6461460 0.0460506 0.7616980
7.366667 -0.8613820 -0.0936255 -0.8667190 -0.0118871 0.6492930 0.0447012 0.7591310
7.400000 -0.8507160 -0.0966713 -0.8571880 -0.0103590 0.6517470 0.0435806 0.7571130
7.433333 -0.8399250 -0.0996175 -0.8463540 -0.0086786 0.6548650 0.0422918 0.7545120
7.466667 -0.8294470 -0.1022630 -0.8383380 -0.0065983 0.6576240 0.0412728 0.7521860
7.500000 -0.8191200 -0.1062190 -0.8268950 -0.0041758 0.6605310 0.0408416 0.7496750
7.533333 -0.8070420 -0.1121050 -0.8183910 -0.0012312 0.6621640 0.0404492 0.7482650
7.566667 -0.7955300 -0.1179120 -0.8047420 0.0024965 0.6637260 0.0390077 0.7469540
7.600000 -0.7848930 -0.1219570 -0.7972100 0.0065271 0.6644690 0.0366336 0.7463890
7.633333 -0.7740510 -0.1260720 -0.7903870 0.0101540 0.6651640 0.0336380 0.7458700
7.666667 -0.7647800 -0.1271170 -0.7829910 0.0130986 0.6661250 0.0293925 0.7451460
7.700000 -0.7553090 -0.1300820 -0.7746630 0.0144229 0.6672310 0.0255574 0.7442730
7.733333 -0.7457060 -0.1329460 -0.7674030 0.0156298 0.6681770 0.0218929 0.7435160
7.766667 -0.7357750 -0.1366810 -0.7605370 0.0166972 0.6695130 0.0186700 0.7423780
7.800000 -0.7257100 -0.1400460 -0.7533460 0.0181582 0.6708980 0.0157904 0.7411590
7.833333 -0.7162720 -0.1427710 -0.7448700 0.0195661 0.6721180 0.0131557 0.7400690
7.866667 -0.7063300 -0.1469850 -0.7385440 0.0204987 0.6730050 0.0111195 0.7392700
7.900000 -0.6954990 -0.1529800 -0.7307530 0.0218386 0.6739800 0.0092381 0.7383690
7.933333 -0.6847790 -0.1582450 -0.7233220 0.0239440 0.6749270 0.0068587 0.7374640
7.966667 -0.6746250 -0.1630410 -0.7146700 0.0263480 0.6759860 0.0042586 0.7364310
8.000000 -0.6653400 -0.1639160 -0.7060430 0.0296805 0.6772120 0.0016420 0.7351880
8.033333 -0.6555710 -0.1665410 -0.6975800 0.0316296 0.6785230 -0.0002766 0.7338970
8.066667 -0.6446190 -0.1725560 -0.6898010 0.0324548 0.6802020 -0.0020391 0.7323030
8.100000 -0.6333140 -0.1790020 -0.6817030 0.0340651 0.6828780 -0.0045595 0.7297240
8.133333 -0.6230350 -0.1815170 -0.6737170 0.0371852 0.6859860 -0.0073978 0.7266260
8.166667 -0.6126970 -0.1844020 -0.6647420 0.0402192 0.6891090 -0.0093156 0.7234800
8.200000 -0.6032190 -0.1846780 -0.6547690 0.0433143 0.6920780 -0.0107772 0.7204410
8.233333 -0.5938920 -0.1864530 -0.6462340 0.0453713 0.6952280 -0.0111765 0.7172680
8.266667 -0.5838660 -0.1887880 -0.6385920 0.0477144 0.6987090 -0.0107527 0.7137320
8.300000 -0.5741890 -0.1909630 -0.6295740 0.0495602 0.7027070 -0.0104958 0.7096740
8.333333 -0.5641170 -0.1940490 -0.6207700 0.0511750 0.7068140 -0.0102679 0.7054710
8.366667 -0.5555800 -0.1931640 -0.6102370 0.0529506 0.7107700 -0.0108101 0.7013450
8.400000 -0.5479900 -0.1900600 -0.6003520 0.0535095 0.7140800 -0.0104448 0.6979380
8.433333 -0.5382500 -0.1938850 -0.5914560 0.0526713 0.7172770 -0.0083852 0.6947440
8.466667 -0.5273820 -0.2007810 -0.5825310 0.0524994 0.7200520 -0.0064521 0.6919010
8.500000 -0.5161950 -0.2056660 -0.5740090 0.0540351 0.7222300 -0.0057654 0.6895150
8.533333 -0.5068130 -0.2054010 -0.5651750 0.0558427 0.7243680 -0.0061894 0.6871200
8.566667 -0.4964930 -0.2105170 -0.5563330 0.0558725 0.7271170 -0.0062470 0.6842070
8.600000 -0.4860230 -0.2143910 -0.5498820 0.0567451 0.7301090 -0.0073238 0.6809310
8.633333 -0.4760510 -0.2159970 -0.5416050 0.0576960 0.7336240 -0.0089214 0.6770440
8.666667 -0.4664690 -0.2155410 -0.5347170 0.0583662 0.7363690 -0.0102806 0.6739800
8.700000 -0.4569560 -0.2158160 -0.5274480 0.0581135 0.7390820 -0.0109017 0.6710160
8.733333 -0.4461710 -0.2172800 -0.5217290 0.0575792 0.7413560 -0.0114140 0.6685400
8.766667 -0.4358500 -0.2169440 -0.5157490 0.0572686 0.7433750 -0.0122072 0.6663070
8.800000 -0.4246160 -0.2187990 -0.5094990 0.0568600 0.7449080 -0.0123813 0.6646250
8.833333 -0.4126130 -0.2211630 -0.5051260 0.0565530 0.7457920 -0.0131439 0.6636440
8.866667 -0.4013640 -0.2202470 -0.5010480 0.0568508 0.7466300 -0.0143655 0.6626500
8.900000 -0.3900480 -0.2196920 -0.4948650 0.0563862 0.7480810 -0.0154248 0.6610280
8.933333 -0.3781430 -0.2195750 -0.4925220 0.0557251 0.7493340 -0.0161628 0.6596450
8.966667 -0.3527650 -0.2243550 -0.4819670 0.0552022 0.7520740 -0.0170386 0.6565410
9.000000 -0.3384310 -0.2281100 -0.4786100 0.0567800 0.7524920 -0.0190959 0.6558710
9.033333 -0.3264920 -0.2262440 -0.4749860 0.0592779 0.7529910 -0.0223322 0.6549740
9.066667 -0.3138830 -0.2269780 -0.4704470 0.0603801 0.7541600 -0.0241241 0.6534640
9.100000 -0.3006150 -0.2281930 -0.4667730 0.0611375 0.7553110 -0.0259345 0.6519930
9.133333 -0.2877290 -0.2281870 -0.4639870 0.0613734 0.7562130 -0.0276379 0.6508540
9.166667 -0.2742650 -0.2300610 -0.4601780 0.0605324 0.7572370 -0.0289768 0.6496830
9.200000 -0.2607020 -0.2315450 -0.4567500 0.0601243 0.7582200 -0.0307040 0.6484940
9.233333 -0.2471300 -0.2333000 -0.4533190 0.0603555 0.7590280 -0.0324527 0.6474410
9.266667 -0.2331750 -0.2350950 -0.4493350 0.0610971 0.7596840 -0.0343387 0.6465050
9.300000 -0.2191720 -0.2376090 -0.4460860 0.0617042 0.7602270 -0.0362010 0.6457070
9.333333 -0.2060300 -0.2384530 -0.4434350 0.0624305 0.7608430 -0.0379858 0.6448080
9.366667 -0.1941720 -0.2374970 -0.4387730 0.0628891 0.7619260 -0.0392049 0.6434100
9.400000 -0.1818760 -0.2388310 -0.4362860 0.0625306 0.7629810 -0.0393713 0.6421840
9.433333 -0.1693120 -0.2409660 -0.4308190 0.0627747 0.7641800 -0.0401103 0.6406860
9.466667 -0.1577350 -0.2420500 -0.4266470 0.0641443 0.7645770 -0.0414578 0.6399910
9.500000 -0.1472000 -0.2420640 -0.4226400 0.0652217 0.7642840 -0.0424275 0.6401690
9.533333 -0.1376930 -0.2416770 -0.4185340 0.0650391 0.7636530 -0.0425709 0.6409300
9.566667 -0.1288160 -0.2416010 -0.4145350 0.0639454 0.7628150 -0.0422262 0.6420610
9.600000 -0.1202940 -0.2414750 -0.4080610 0.0628186 0.7621580 -0.0417913 0.6429790
9.633333 -0.1119820 -0.2419190 -0.4021900 0.0615067 0.7613800 -0.0408561 0.6440870
9.666667 -0.1044360 -0.2410030 -0.3951390 0.0607048 0.7608970 -0.0401228 0.6447790
9.700000 -0.0964028 -0.2420270 -0.3893770 0.0606526 0.7600480 -0.0395864 0.6458190
9.733333 -0.0894217 -0.2423010 -0.3825070 0.0611139 0.7594940 -0.0394661 0.6464340
9.766667 -0.0833085 -0.2415650 -0.3752450 0.0611905 0.7595190 -0.0389729 0.6464270
9.800000 -0.0776272 -0.2415690 -0.3682560 0.0607770 0.7601060 -0.0379950 0.6458330
9.833333 -0.0717652 -0.2417720 -0.3617390 0.0598568 0.7611940 -0.0371325 0.6446880
9.866667 -0.0668792 -0.2413160 -0.3541810 0.0588820 0.7625060 -0.0362244 0.6432770
9.900000 -0.0619831 -0.2406800 -0.3461950 0.0578540 0.7641600 -0.0350186 0.6414710
9.933333 -0.0569282 -0.2407340 -0.3380060 0.0573336 0.7658610 -0.0341574 0.6395340
9.966667 -0.0519211 -0.2415880 -0.3296960 0.0569661 0.7671990 -0.0337747 0.6379820
10.000000 -0.0472828 -0.2418920 -0.3205050 0.0565932 0.7684670 -0.0335573 0.6364970
10.033333 -0.0433155 -0.2417260 -0.3105930 0.0559526 0.7696480 -0.0329042 0.6351610
10.066667 -0.0391117 -0.2420700 -0.3006500 0.0552239 0.7708930 -0.0318030 0.6337690
10.100000 -0.0352150 -0.2423150 -0.2904070 0.0547482 0.7720810 -0.0304078 0.6324310
10.133333 -0.0315448 -0.2422600 -0.2790230 0.0548774 0.7731430 -0.0291038 0.6311830
10.166667 -0.0279383 -0.2422440 -0.2675000 0.0554843 0.7739020 -0.0280661 0.6302450
10.200000 -0.0246731 -0.2429690 -0.2559770 0.0549943 0.7746610 -0.0265144 0.6294220
10.233333 -0.0220444 -0.2431140 -0.2442800 0.0542624 0.7757110 -0.0248724 0.6282590
10.266667 -0.0201217 -0.2427680 -0.2333730 0.0533195 0.7770550 -0.0228804 0.6267530
10.300000 -0.0184619 -0.2422520 -0.2214420 0.0526251 0.7786910 -0.0206167 0.6248570
10.333333 -0.0162515 -0.2430860 -0.2106690 0.0521938 0.7798690 -0.0185384 0.6234880
10.366667 -0.0139050 -0.2428650 -0.1867230 0.0535106 0.7813460 -0.0156856 0.6216030
10.400000 -0.0133127 -0.2426780 -0.1759990 0.0540056 0.7811680 -0.0146339 0.6218080
10.433333 -0.0132677 -0.2415630 -0.1634050 0.0540041 0.7808690 -0.0137356 0.6222040
10.466667 -0.0128284 -0.2418170 -0.1520530 0.0534499 0.7799490 -0.0123234 0.6234350
10.500000 -0.0126434 -0.2421210 -0.1398160 0.0532577 0.7786030 -0.0117124 0.6251430
10.533333 -0.0129430 -0.2414950 -0.1282770 0.0533902 0.7766270 -0.0115630 0.6275870
10.566667 -0.0135859 -0.2410480 -0.1167760 0.0534634 0.7742760 -0.0115874 0.6304800
10.600000 -0.0143106 -0.2412510 -0.1067120 0.0533318 0.7714370 -0.0116010 0.6339610
10.633333 -0.0154944 -0.2414750 -0.0964050 0.0526694 0.7684700 -0.0116326 0.6376090
10.666667 -0.0176239 -0.2404080 -0.0858150 0.0524378 0.7648260 -0.0122520 0.6419830
10.700000 -0.0192396 -0.2408110 -0.0764961 0.0522520 0.7604550 -0.0128351 0.6471570
10.733333 -0.0211862 -0.2397630 -0.0679038 0.0522639 0.7555210 -0.0135767 0.6528950
10.766667 -0.0231554 -0.2392060 -0.0587988 0.0518093 0.7501210 -0.0139761 0.6591200
10.800000 -0.0245132 -0.2401480 -0.0498259 0.0511150 0.7442760 -0.0141353 0.6657630
10.833333 -0.0264656 -0.2398900 -0.0426762 0.0511534 0.7378630 -0.0144554 0.6728540
10.866667 -0.0284360 -0.2403830 -0.0330815 0.0507749 0.7309560 -0.0149269 0.6803690
10.900000 -0.0289648 -0.2431850 -0.0268121 0.0503047 0.7238170 -0.0145400 0.6880030
10.933333 -0.0305581 -0.2440980 -0.0178611 0.0499152 0.7170380 -0.0148540 0.6950860
10.966667 -0.0324331 -0.2444700 -0.0100050 0.0498908 0.7104160 -0.0152576 0.7018450
11.000000 -0.0341467 -0.2451830 -0.0003061 0.0496248 0.7040330 -0.0154286 0.7082640
11.033333 -0.0359771 -0.2457550 0.0080509 0.0487641 0.6977790 -0.0149050 0.7144960
11.066667 -0.0380562 -0.2460780 0.0174344 0.0482153 0.6915150 -0.0145772 0.7206040
11.100000 -0.0402861 -0.2460300 0.0253863 0.0486926 0.6849570 -0.0148579 0.7268030
11.133333 -0.0423338 -0.2470520 0.0341039 0.0492193 0.6788350 -0.0147495 0.7324910
11.166667 -0.0437908 -0.2489950 0.0419490 0.0498605 0.6720930 -0.0147349 0.7386390
11.200000 -0.0454665 -0.2514270 0.0494325 0.0506354 0.6646140 -0.0159286 0.7452990
11.233333 -0.0472557 -0.2530690 0.0556726 0.0523566 0.6572880 -0.0174884 0.7516150
11.266667 -0.0496648 -0.2530700 0.0611875 0.0539054 0.6501090 -0.0194357 0.7576770
11.300000 -0.0520358 -0.2534610 0.0662020 0.0546979 0.6434140 -0.0204682 0.7632870
11.333333 -0.0541932 -0.2539120 0.0709438 0.0550991 0.6363390 -0.0212633 0.7691450
11.366667 -0.0563001 -0.2542740 0.0765989 0.0556253 0.6296060 -0.0219308 0.7746100
11.400000 -0.0582472 -0.2545450 0.0813781 0.0559809 0.6232400 -0.0217566 0.7797210
11.433333 -0.0593086 -0.2562070 0.0868540 0.0562128 0.6164180 -0.0217096 0.7851100
11.466667 -0.0612005 -0.2560780 0.0923166 0.0586393 0.6092570 -0.0223547 0.7904860
11.500000 -0.0628324 -0.2559700 0.0973403 0.0602604 0.6020770 -0.0232178 0.7958220
11.533333 -0.0651447 -0.2546110 0.1018540 0.0608555 0.5960670 -0.0234258 0.8002820
11.566667 -0.0656711 -0.2568520 0.1076120 0.0611544 0.5907770 -0.0237083 0.8041640
11.600000 -0.0673041 -0.2565440 0.1133780 0.0628491 0.5858140 -0.0247568 0.8076250
11.633333 -0.0692807 -0.2551260 0.1221660 0.0632938 0.5778830 -0.0241236 0.8133040
11.666667 -0.0693118 -0.2558180 0.1263840 0.0634007 0.5743880 -0.0244053 0.8157590
11.700000 -0.0698609 -0.2554290 0.1310400 0.0637295 0.5722190 -0.0249960 0.8172390
11.733333 -0.0701942 -0.2544800 0.1353260 0.0636313 0.5706140 -0.0249467 0.8183700
11.766667 -0.0698639 -0.2550120 0.1401050 0.0629119 0.5684850 -0.0248742 0.8199070
11.800000 -0.0703825 -0.2535930 0.1448520 0.0627853 0.5661300 -0.0246610 0.8215510
11.833333 -0.0700645 -0.2534850 0.1495040 0.0618742 0.5636130 -0.0241354 0.8233650
11.866667 -0.0696928 -0.2539870 0.1550990 0.0610310 0.5612980 -0.0243553 0.8250010
11.900000 -0.0699943 -0.2526190 0.1605150 0.0611365 0.5595580 -0.0246942 0.8261640
11.933333 -0.0706138 -0.2508400 0.1659950 0.0607908 0.5584200 -0.0242463 0.8269720
11.966667 -0.0707447 -0.2495820 0.1721300 0.0598766 0.5574850 -0.0237050 0.8276860
12.000000 -0.0708414 -0.2494540 0.1785800 0.0589674 0.5567930 -0.0227655 0.8282430
12.033333 -0.0708453 -0.2496770 0.1851290 0.0584746 0.5559150 -0.0220033 0.8288880
12.066667 -0.0706910 -0.2505790 0.1923080 0.0584309 0.5552340 -0.0222291 0.8293410
12.100000 -0.0710375 -0.2499110 0.1995330 0.0591100 0.5550630 -0.0225644 0.8293980
12.133333 -0.0716196 -0.2490330 0.2065950 0.0590125 0.5546390 -0.0223835 0.8296940
12.166667 -0.0717103 -0.2499060 0.2144470 0.0582265 0.5544500 -0.0223236 0.8298770
12.200000 -0.0717004 -0.2508390 0.2217380 0.0584532 0.5549140 -0.0221906 0.8295550
12.233333 -0.0718890 -0.2513410 0.2293960 0.0589023 0.5562250 -0.0216202 0.8286590
12.266667 -0.0726577 -0.2510730 0.2368220 0.0590203 0.5578590 -0.0204840 0.8275810
12.300000 -0.0728521 -0.2514660 0.2447190 0.0587409 0.5597180 -0.0194608 0.8263690
12.333333 -0.0729102 -0.2511890 0.2519700 0.0582013 0.5619060 -0.0187462 0.8249380
12.366667 -0.0731169 -0.2506910 0.2590070 0.0568362 0.5649470 -0.0178594 0.8229740
12.400000 -0.0732416 -0.2504930 0.2663360 0.0552416 0.5689400 -0.0167291 0.8203510
12.433333 -0.0734182 -0.2497960 0.2736740 0.0535281 0.5735810 -0.0158549 0.8172440
12.466667 -0.0731635 -0.2493680 0.2806510 0.0513100 0.5790090 -0.0145854 0.8135740
12.500000 -0.0721588 -0.2506710 0.2880530 0.0484836 0.5848500 -0.0135091 0.8095780
12.533333 -0.0698511 -0.2517360 0.3012030 0.0440387 0.5969940 -0.0130010 0.8009310
12.566667 -0.0679370 -0.2528880 0.3077230 0.0417393 0.6036480 -0.0131227 0.7960500
12.600000 -0.0660679 -0.2533310 0.3134120 0.0401664 0.6096830 -0.0130775 0.7915190
12.633333 -0.0633112 -0.2544030 0.3187790 0.0389855 0.6157350 -0.0127349 0.7868850
12.666667 -0.0609456 -0.2553860 0.3238580 0.0381398 0.6218180 -0.0126086 0.7821310
12.700000 -0.0587212 -0.2557880 0.3286550 0.0375803 0.6281720 -0.0122134 0.7770700
12.733333 -0.0560605 -0.2567600 0.3331900 0.0371321 0.6347020 -0.0119545 0.7717720
12.766667 -0.0532482 -0.2574020 0.3370180 0.0373999 0.6413800 -0.0120434 0.7662160
12.800000 -0.0507563 -0.2569530 0.3395990 0.0383268 0.6481320 -0.0123843 0.7604620
12.833333 -0.0477210 -0.2575750 0.3417620 0.0392853 0.6551040 -0.0133228 0.7543990
12.866667 -0.0440330 -0.2596670 0.3439270 0.0404530 0.6633380 -0.0144896 0.7470850
12.900000 -0.0410060 -0.2609080 0.3448780 0.0411168 0.6723440 -0.0147440 0.7389490
12.933333 -0.0383911 -0.2610190 0.3458920 0.0402673 0.6812280 -0.0150425 0.7308080
12.966667 -0.0345093 -0.2640900 0.3471300 0.0390881 0.6896980 -0.0150977 0.7228840
13.000000 -0.0313296 -0.2644210 0.3484950 0.0392036 0.6974410 -0.0165332 0.7153780
13.033333 -0.0285066 -0.2641920 0.3489730 0.0385123 0.7052290 -0.0168656 0.7077310
13.066667 -0.0263871 -0.2626630 0.3496770 0.0378638 0.7138950 -0.0167127 0.6990290
13.100000 -0.0243653 -0.2607940 0.3506590 0.0373412 0.7230730 -0.0163161 0.6895690
13.133333 -0.0210572 -0.2611940 0.3512170 0.0368011 0.7315400 -0.0150950 0.6806370
13.166667 -0.0172920 -0.2614150 0.3513940 0.0368861 0.7395450 -0.0143712 0.6719420
13.200000 -0.0144123 -0.2605760 0.3514930 0.0374931 0.7477510 -0.0131348 0.6627900
13.233333 -0.0114844 -0.2586770 0.3509630 0.0372347 0.7556230 -0.0124101 0.6538300
13.266667 -0.0069303 -0.2602970 0.3495150 0.0361203 0.7631810 -0.0119737 0.6450630
13.300000 -0.0026020 -0.2612680 0.3500240 0.0351990 0.7709130 -0.0125189 0.6358430
13.333333 0.0017655 -0.2616290 0.3506730 0.0350608 0.7788920 -0.0132169 0.6260380
13.366667 0.0073087 -0.2621510 0.3509560 0.0351691 0.7869030 -0.0135331 0.6159250
13.400000 0.0119334 -0.2616220 0.3525910 0.0347917 0.7939320 -0.0142256 0.6068440
13.433333 0.0168751 -0.2620430 0.3517220 0.0334562 0.8003590 -0.0145123 0.5984110
13.466667 0.0222794 -0.2625050 0.3532720 0.0310755 0.8074000 -0.0147516 0.5890010
13.500000 0.0281535 -0.2641770 0.3559020 0.0287378 0.8151180 -0.0145880 0.5783980
13.533333 0.0333294 -0.2650490 0.3579080 0.0266822 0.8229890 -0.0141991 0.5672520
13.566667 0.0386298 -0.2656220 0.3607760 0.0251809 0.8310960 -0.0129679 0.5554080
13.600000 0.0452809 -0.2691440 0.3633920 0.0238756 0.8388480 -0.0116841 0.5437160
13.633333 0.0514507 -0.2722270 0.3677880 0.0233136 0.8465180 -0.0115229 0.5317250
13.666667 0.0549356 -0.2709480 0.3694600 0.0232103 0.8544910 -0.0108606 0.5188340
13.700000 0.0601291 -0.2707920 0.3757070 0.0223082 0.8628660 -0.0090071 0.5048590
13.733333 0.0663656 -0.2721660 0.3824860 0.0214895 0.8707360 -0.0072009 0.4912290
13.766667 0.0711805 -0.2700580 0.3860350 0.0212230 0.8780120 -0.0063369 0.4781260
13.800000 0.0743286 -0.2642310 0.3916130 0.0209606 0.8849120 -0.0045287 0.4652650
13.833333 0.0806230 -0.2642040 0.3972920 0.0185961 0.8909570 -0.0010199 0.4537060
13.866667 0.0869192 -0.2657560 0.3988910 0.0157382 0.8962120 0.0013703 0.4433450
13.900000 0.0891374 -0.2624560 0.3983070 0.0136156 0.9011470 0.0027346 0.4332900
13.933333 0.0968780 -0.2654500 0.4039550 0.0102028 0.9066260 0.0050980 0.4217800
13.966667 0.1042820 -0.2680420 0.4039260 0.0075056 0.9113990 0.0053231 0.4114210
14.000000 0.1081770 -0.2634930 0.4048870 0.0062546 0.9156360 0.0036637 0.4019430
14.033333 0.1170110 -0.2567560 0.4068900 0.0028766 0.9231600 0.0046152 0.3843780
14.066667 0.1241120 -0.2556380 0.4068460 0.0012266 0.9267350 0.0054738 0.3756730
14.100000 0.1297960 -0.2524590 0.4051620 -0.0002349 0.9298140 0.0057136 0.3679840
14.133333 0.1376720 -0.2530600 0.4026920 -0.0023243 0.9329750 0.0067846 0.3598700
14.166667 0.1465600 -0.2530320 0.4019240 -0.0038384 0.9360440 0.0063962 0.3518040
14.200000 0.1524060 -0.2493010 0.3974130 -0.0044597 0.9387680 0.0054182 0.3444780
14.233333 0.1621560 -0.2474930 0.3941020 -0.0058704 0.9415920 0.0051289 0.3366660
14.266667 0.1727250 -0.2463250 0.3925380 -0.0066112 0.9441960 0.0046123 0.3292860
14.300000 0.1809300 -0.2424840 0.3858560 -0.0065598 0.9463910 0.0036610 0.3229370
14.333333 0.1903580 -0.2381150 0.3824590 -0.0066570 0.9487560 0.0035486 0.3159200
14.366667 0.2023650 -0.2366760 0.3777530 -0.0068690 0.9510030 0.0046093 0.3090700
14.400000 0.2137730 -0.2352570 0.3721060 -0.0068064 0.9528820 0.0050867 0.3032220
14.433333 0.2236650 -0.2305470 0.3636480 -0.0055051 0.9547960 0.0052248 0.2971660
14.466667 0.2367590 -0.2295680 0.3583940 -0.0041041 0.9568400 0.0069861 0.2905030
14.500000 0.2525890 -0.2334590 0.3512950 -0.0027488 0.9585940 0.0084617 0.2846380
14.533333 0.2698510 -0.2390110 0.3426330 -0.0009676 0.9600420 0.0075124 0.2797530
14.566667 0.2833260 -0.2401810 0.3346960 0.0014805 0.9610700 0.0032955 0.2762830
14.600000 0.2909070 -0.2347290 0.3238010 0.0048073 0.9619480 -0.0016264 0.2731840
14.633333 0.2969680 -0.2260980 0.3154150 0.0076447 0.9630480 -0.0041252 0.2691910
14.666667 0.3048000 -0.2191770 0.3078360 0.0084586 0.9642990 -0.0031589 0.2646620
14.700000 0.3184020 -0.2200870 0.2988120 0.0070860 0.9657840 0.0002526 0.2592510
14.733333 0.3440660 -0.2241980 0.2814310 0.0063707 0.9685590 0.0026081 0.2486900
14.766667 0.3542640 -0.2234070 0.2706480 0.0068869 0.9698970 0.0017227 0.2434110
14.800000 0.3641930 -0.2207560 0.2623890 0.0073513 0.9712770 0.0007876 0.2378370
14.833333 0.3743590 -0.2208650 0.2534050 0.0067968 0.9724860 0.0007314 0.2328620
14.866667 0.3823110 -0.2178650 0.2456870 0.0064621 0.9736570 -0.0001656 0.2279270
14.900000 0.3899790 -0.2159340 0.2383320 0.0060807 0.9748860 -0.0000611 0.2226200
14.933333 0.3979240 -0.2140230 0.2301840 0.0058103 0.9763370 0.0001649 0.2161770
14.966667 0.4048500 -0.2096830 0.2245650 0.0063126 0.9777870 0.0006593 0.2095050
15.000000 0.4145560 -0.2093130 0.2188450 0.0055264 0.9791200 0.0021649 0.2031990
15.033333 0.4244220 -0.2094340 0.2122990 0.0043738 0.9803360 0.0028630 0.1972670
15.066667 0.4323980 -0.2059730 0.2059690 0.0037647 0.9814180 0.0028335 0.1918260
15.100000 0.4422110 -0.2053740 0.2002590 0.0030429 0.9824180 0.0040772 0.1866270
15.133333 0.4526880 -0.2043140 0.1950690 0.0025594 0.9832760 0.0045732 0.1820480
15.166667 0.4612250 -0.2011640 0.1885140 0.0024708 0.9839490 0.0051427 0.1783600
15.200000 0.4705900 -0.1983640 0.1836770 0.0022198 0.9846620 0.0065257 0.1743340
15.233333 0.4824980 -0.1996460 0.1808290 0.0019894 0.9854760 0.0086798 0.1695820
15.266667 0.4953010 -0.2020970 0.1744320 0.0023656 0.9862970 0.0093260 0.1646990
15.300000 0.5037720 -0.1980980 0.1706280 0.0050219 0.9869980 0.0080534 0.1604530
15.333333 0.5149780 -0.1962400 0.1676270 0.0076383 0.9878260 0.0085449 0.1551400
15.366667 0.5262730 -0.1971700 0.1619710 0.0095624 0.9885530 0.0090319 0.1503010
15.400000 0.5354190 -0.1951510 0.1557130 0.0111188 0.9892640 0.0083010 0.1454810
15.433333 0.5433230 -0.1915920 0.1527980 0.0114172 0.9900580 0.0076352 0.1399850
15.466667 0.5511250 -0.1876820 0.1497250 0.0107603 0.9909670 0.0085734 0.1333960
15.500000 0.5638350 -0.1886140 0.1469700 0.0091821 0.9920340 0.0108484 0.1251670
15.533333 0.5749940 -0.1870060 0.1442290 0.0083448 0.9929550 0.0117243 0.1176130
15.566667 0.5852890 -0.1835080 0.1436320 0.0083437 0.9938540 0.0131721 0.1095920
15.600000 0.5946900 -0.1819700 0.1423100 0.0081445 0.9946440 0.0157378 0.1018310
15.633333 0.6042880 -0.1785820 0.1421810 0.0076934 0.9955110 0.0181400 0.0925762
15.666667 0.6150020 -0.1770040 0.1400110 0.0065149 0.9962550 0.0217400 0.0834265
15.700000 0.6255050 -0.1772850 0.1369050 0.0052450 0.9968390 0.0251219 0.0751831
15.733333 0.6354890 -0.1772060 0.1329200 0.0046246 0.9973400 0.0270702 0.0675179
15.766667 0.6410880 -0.1758150 0.1253940 0.0046460 0.9977080 0.0282267 0.0613183
15.800000 0.6496720 -0.1738360 0.1232100 0.0047930 0.9981360 0.0294761 0.0532229
15.833333 0.6595780 -0.1735870 0.1205610 0.0048442 0.9984890 0.0312633 0.0449321
15.866667 0.6677240 -0.1735970 0.1125370 0.0042835 0.9987180 0.0324684 0.0386088
15.900000 0.6804290 -0.1729310 0.1156730 0.0038126 0.9990020 0.0331215 0.0297393
15.933333 0.6876860 -0.1702320 0.1144720 0.0028811 0.9991560 0.0335918 0.0234815
15.966667 0.6979510 -0.1681950 0.1163640 0.0014134 0.9992560 0.0353113 0.0154480
16.000000 0.7056180 -0.1699350 0.1105440 0.0000449 0.9992470 0.0376278 0.0094929
16.033333 0.7154260 -0.1696180 0.1117370 -0.0005740 0.9992780 0.0379142 0.0025702
16.066667 0.7241440 -0.1674190 0.1104740 -0.0005518 0.9992670 0.0380455 -0.0041810
16.100000 0.7292170 -0.1669390 0.1059360 -0.0004098 0.9991990 0.0391056 -0.0084880
16.133333 0.7384700 -0.1699900 0.1015810 -0.0002308 0.9991000 0.0401869 -0.0135978
16.166667 0.7475380 -0.1730310 0.0990629 0.0005371 0.9990900 0.0386098 -0.0181055
16.200000 0.7534900 -0.1697310 0.0962038 0.0017642 0.9991260 0.0351660 -0.0225239
16.233333 0.7531310 -0.1671680 0.0885859 0.0028483 0.9991070 0.0338501 -0.0251353
16.266667 0.7581370 -0.1666180 0.0842795 0.0032311 0.9989230 0.0337863 -0.0316412
16.300000 0.7624000 -0.1657870 0.0759463 0.0032749 0.9986900 0.0335827 -0.0384632
16.333333 0.7680560 -0.1648660 0.0714412 0.0030303 0.9983860 0.0335155 -0.0457561
16.366667 0.7686150 -0.1653430 0.0600009 0.0022506 0.9981980 0.0334115 -0.0497837
16.400000 0.7706940 -0.1644590 0.0488925 0.0005940 0.9979750 0.0322813 -0.0548126
16.433333 0.7720990 -0.1596670 0.0416703 -0.0017732 0.9977020 0.0307348 -0.0603536
16.466667 0.7721340 -0.1566540 0.0310960 -0.0042138 0.9973550 0.0312837 -0.0654711
16.500000 0.7710870 -0.1568110 0.0239339 -0.0064911 0.9971160 0.0322670 -0.0683857
16.533333 0.7742660 -0.1537200 0.0175686 -0.0078463 0.9967990 0.0319790 -0.0728513
16.566667 0.7726950 -0.1525060 0.0065923 -0.0083772 0.9965450 0.0325391 -0.0759571
16.600000 0.7739470 -0.1513240 0.0001688 -0.0082595 0.9961560 0.0324585 -0.0809391
16.633333 0.7738960 -0.1498700 -0.0101748 -0.0077523 0.9957380 0.0322459 -0.0860593
16.666667 0.7749230 -0.1481270 -0.0207624 -0.0073091 0.9953390 0.0318251 -0.0907444
16.700000 0.7783660 -0.1458060 -0.0268044 -0.0071906 0.9948480 0.0317403 -0.0960088
16.733333 0.7802980 -0.1458520 -0.0397186 -0.0072551 0.9943850 0.0322885 -0.1005180
16.766667 0.7792620 -0.1426180 -0.0501962 -0.0072335 0.9940680 0.0317824 -0.1037610
16.800000 0.7754960 -0.1408720 -0.0630894 -0.0071027 0.9937140 0.0327356 -0.1068180
16.833333 0.7754530 -0.1435800 -0.0719552 -0.0067061 0.9931860 0.0338053 -0.1113280
16.866667 0.7755270 -0.1444460 -0.0833402 -0.0060594 0.9927480 0.0325169 -0.1155700
16.900000 0.7682150 -0.1420310 -0.0929036 -0.0050024 0.9925010 0.0306344 -0.1182280
16.933333 0.7717520 -0.1407180 -0.1025520 -0.0039449 0.9920900 0.0299906 -0.1218260
16.966667 0.7762880 -0.1418550 -0.1174090 -0.0025254 0.9915040 0.0302725 -0.1264790
17.000000 0.7790420 -0.1456410 -0.1297910 -0.0007951 0.9909680 0.0297467 -0.1307520
17.033333 0.7758100 -0.1462360 -0.1427050 0.0003049 0.9905250 0.0274148 -0.1345670
17.066667 0.7808840 -0.1447430 -0.1538850 0.0008004 0.9897080 0.0253632 -0.1408340
17.100000 0.7822540 -0.1461090 -0.1655290 0.0008596 0.9889870 0.0246731 -0.1459320
17.133333 0.7875730 -0.1482260 -0.1779330 0.0008974 0.9881650 0.0231964 -0.1516260
17.166667 0.7906530 -0.1474530 -0.1914710 0.0003549 0.9873580 0.0208869 -0.1571210
17.200000 0.7863900 -0.1450220 -0.1903370 -0.0001504 0.9868030 0.0190734 -0.1608010
17.233333 0.8006880 -0.1453380 -0.2111980 -0.0006524 0.9856400 0.0188140 -0.1678050
17.266667 0.7916910 -0.1479880 -0.2070740 -0.0011003 0.9850910 0.0181986 -0.1710650
17.300000 0.7845690 -0.1496660 -0.2069090 -0.0023412 0.9845800 0.0162776 -0.1741590
17.333333 0.7821160 -0.1475230 -0.2145340 -0.0037868 0.9839120 0.0136901 -0.1780890
17.366667 0.7841190 -0.1439410 -0.2210760 -0.0054944 0.9831500 0.0124710 -0.1822890
17.400000 0.7736900 -0.1427510 -0.2153460 -0.0070813 0.9827640 0.0129022 -0.1842750
17.433333 0.7905190 -0.1430170 -0.2369230 -0.0085650 0.9813650 0.0139209 -0.1914560
17.466667 0.7901520 -0.1422960 -0.2419510 -0.0097078 0.9805110 0.0139296 -0.1957300
17.500000 0.7979550 -0.1387630 -0.2549830 -0.0105992 0.9793860 0.0142896 -0.2012150
17.533333 0.7990770 -0.1392800 -0.2640810 -0.0109137 0.9783430 0.0158726 -0.2060900
17.566667 0.8018250 -0.1386590 -0.2688950 -0.0112474 0.9773130 0.0161201 -0.2108850
17.600000 0.8149560 -0.1366750 -0.2894840 -0.0120238 0.9756400 0.0166517 -0.2184130
17.633333 0.8115380 -0.1369540 -0.2912200 -0.0126961 0.9747440 0.0175789 -0.2222690
17.666667 0.8196640 -0.1357010 -0.3064280 -0.0134093 0.9732710 0.0180447 -0.2285580
17.700000 0.8201090 -0.1343480 -0.3144970 -0.0138906 0.9721440 0.0186850 -0.2332230
17.733333 0.8185900 -0.1332660 -0.3196360 -0.0141775 0.9713980 0.0193423 -0.2362430
17.766667 0.8260520 -0.1317030 -0.3349070 -0.0140840 0.9699360 0.0202320 -0.2421100
17.800000 0.8314490 -0.1337590 -0.3498210 -0.0138710 0.9686500 0.0212714 -0.2471280
17.833333 0.8289560 -0.1328670 -0.3537430 -0.0139015 0.9677110 0.0207335 -0.2508230
17.866667 0.8368820 -0.1313530 -0.3707590 -0.0139465 0.9661370 0.0208333 -0.2568100
17.900000 0.8369240 -0.1311600 -0.3790840 -0.0137654 0.9650340 0.0211147 -0.2609090
17.933333 0.8350610 -0.1307070 -0.3869100 -0.0138273 0.9639940 0.0212785 -0.2647120
17.966667 0.8379700 -0.1318430 -0.4013200 -0.0143315 0.9626930 0.0218320 -0.2693310
18.000000 0.8388500 -0.1337300 -0.4107220 -0.0146900 0.9615770 0.0214690 -0.2732990
18.033333 0.8412600 -0.1316060 -0.4238270 -0.0152783 0.9605220 0.0202096 -0.2770480
18.066667 0.8422540 -0.1289940 -0.4291340 -0.0160584 0.9594020 0.0203871 -0.2808450
18.100000 0.8427930 -0.1298110 -0.4392380 -0.0175642 0.9584610 0.0219083 -0.2838390
18.133333 0.8454050 -0.1284180 -0.4510870 -0.0192983 0.9574910 0.0229854 -0.2868970
18.166667 0.8467180 -0.1291660 -0.4575930 -0.0207167 0.9566470 0.0249769 -0.2894350
18.200000 0.8487880 -0.1307430 -0.4694840 -0.0218149 0.9557320 0.0263266 -0.2922470
18.233333 0.8456600 -0.1308610 -0.4730000 -0.0227369 0.9550280 0.0265757 -0.2944460
18.266667 0.8467500 -0.1302090 -0.4795340 -0.0233330 0.9540020 0.0270181 -0.2976670
18.300000 0.8462100 -0.1325360 -0.4861970 -0.0232138 0.9530460 0.0274694 -0.3006820
18.333333 0.8465980 -0.1325240 -0.4941120 -0.0230999 0.9520000 0.0267730 -0.3040500
18.366667 0.8496700 -0.1338820 -0.5021810 -0.0231487 0.9506620 0.0265186 -0.3082240
18.400000 0.8482810 -0.1336810 -0.5047140 -0.0229274 0.9495400 0.0254146 -0.3117720
18.433333 0.8488830 -0.1320380 -0.5117770 -0.0226244 0.9481340 0.0248478 -0.3160890
18.466667 0.8493170 -0.1348460 -0.5196450 -0.0215533 0.9467990 0.0252821 -0.3201070
18.500000 0.8491960 -0.1373230 -0.5282540 -0.0206931 0.9456580 0.0241520 -0.3236050
18.533333 0.8484730 -0.1346110 -0.5323040 -0.0203797 0.9447240 0.0218052 -0.3265040
18.566667 0.8465800 -0.1319990 -0.5383360 -0.0196604 0.9436370 0.0215744 -0.3296930
18.600000 0.8459350 -0.1345370 -0.5435740 -0.0186478 0.9422420 0.0225043 -0.3336550
18.633333 0.8446600 -0.1345350 -0.5468010 -0.0176793 0.9408790 0.0218101 -0.3375790
18.666667 0.8477560 -0.1336430 -0.5549630 -0.0168234 0.9390540 0.0212139 -0.3427030
18.700000 0.8463070 -0.1348520 -0.5580390 -0.0163784 0.9376150 0.0209267 -0.3466580
18.733333 0.8481480 -0.1348790 -0.5672420 -0.0164528 0.9358190 0.0199766 -0.3515300
18.766667 0.8484920 -0.1328170 -0.5730600 -0.0165694 0.9341360 0.0188408 -0.3560340
18.800000 0.8517780 -0.1302740 -0.5845170 -0.0165030 0.9318120 0.0187265 -0.3620830
18.833333 0.8524860 -0.1294120 -0.5911510 -0.0163196 0.9295750 0.0194663 -0.3677570
18.866667 0.8538690 -0.1289300 -0.5975160 -0.0163781 0.9273870 0.0200179 -0.3732080
18.900000 0.8561580 -0.1267680 -0.6063290 -0.0166064 0.9251790 0.0202915 -0.3786240
18.933333 0.8581390 -0.1251250 -0.6167790 -0.0163212 0.9230730 0.0211981 -0.3836920
18.966667 0.8569730 -0.1276410 -0.6265880 -0.0158222 0.9212070 0.0222604 -0.3881140
19.000000 0.8557010 -0.1288980 -0.6350740 -0.0166293 0.9195380 0.0215070 -0.3920610
19.033333 0.8556480 -0.1246850 -0.6436620 -0.0183420 0.9177280 0.0201309 -0.3962740
19.066667 0.8550540 -0.1239920 -0.6530570 -0.0195720 0.9158490 0.0211536 -0.4004870
19.100000 0.8523460 -0.1253290 -0.6599560 -0.0206885 0.9144660 0.0214120 -0.4035650
19.133333 0.8511010 -0.1222050 -0.6695700 -0.0218638 0.9131460 0.0206505 -0.4065220
19.166667 0.8502760 -0.1187130 -0.6768180 -0.0227553 0.9117990 0.0214733 -0.4094430
19.200000 0.8487540 -0.1203390 -0.6862880 -0.0229608 0.9102460 0.0232120 -0.4127780
19.233333 0.8478540 -0.1196560 -0.6958170 -0.0234494 0.9086700 0.0232207 -0.4162080
19.266667 0.8472920 -0.1168930 -0.7049760 -0.0240363 0.9070640 0.0234012 -0.4196540
19.300000 0.8467300 -0.1158090 -0.7152870 -0.0239382 0.9057330 0.0241803 -0.4224810
19.333333 0.8452080 -0.1159960 -0.7246560 -0.0235849 0.9047700 0.0245560 -0.4245370
19.366667 0.8438230 -0.1138220 -0.7357420 -0.0231861 0.9037890 0.0241443 -0.4266680
19.400000 0.8436020 -0.1105590 -0.7450920 -0.0226285 0.9025270 0.0245389 -0.4293370
19.433333 0.8416210 -0.1109240 -0.7564220 -0.0217251 0.9009350 0.0261648 -0.4326190
19.466667 0.8402880 -0.1101600 -0.7677700 -0.0211154 0.8992490 0.0268927 -0.4360990
19.500000 0.8398760 -0.1068970 -0.7788330 -0.0203449 0.8974260 0.0278151 -0.4398170
19.533333 0.8384950 -0.1062330 -0.7884880 -0.0187022 0.8953850 0.0298765 -0.4438970
19.566667 0.8357540 -0.1083830 -0.8158680 -0.0143663 0.8908190 0.0322188 -0.4529870
19.600000 0.8338470 -0.1098090 -0.8257320 -0.0121350 0.8889630 0.0317660 -0.4567160
19.633333 0.8315010 -0.1114650 -0.8372640 -0.0101779 0.8875720 0.0305322 -0.4595440
19.666667 0.8302920 -0.1090710 -0.8486040 -0.0091621 0.8860390 0.0285176 -0.4626430
19.700000 0.8291130 -0.1066560 -0.8624660 -0.0084571 0.8841240 0.0282114 -0.4663240
19.733333 0.8272780 -0.1066010 -0.8749330 -0.0079113 0.8818670 0.0290879 -0.4705330
19.766667 0.8257580 -0.1064360 -0.8868190 -0.0078233 0.8796190 0.0299782 -0.4746680
19.800000 0.8231500 -0.1054330 -0.8959540 -0.0082158 0.8777650 0.0311269 -0.4780090
19.833333 0.8213310 -0.1067980 -0.9088950 -0.0081790 0.8755810 0.0326067 -0.4819010
19.866667 0.8185470 -0.1085240 -0.9193910 -0.0081119 0.8736300 0.0328897 -0.4854100
19.900000 0.8168360 -0.1083690 -0.9330210 -0.0078965 0.8714390 0.0323090 -0.4893760
19.933333 0.8137550 -0.1104450 -0.9431860 -0.0074621 0.8696630 0.0319423 -0.4925560
19.966667 0.8116660 -0.1105100 -0.9544810 -0.0080541 0.8679500 0.0307672 -0.4956330
20.000000 0.8086440 -0.1106360 -0.9648020 -0.0093183 0.8664220 0.0302512 -0.4983080
20.033333 0.8066180 -0.1106110 -0.9773900 0.0108901 -0.8647390 -0.0300561 0.5012030
20.066667 0.8031740 -0.1109370 -0.9863510 0.0122554 -0.8632340 -0.0301688 0.5037510
20.100000 0.7998470 -0.1115640 -0.9945760 0.0135092 -0.8618370 -0.0301792 0.5061060
20.133333 0.7969690 -0.1106200 -1.0032800 0.0145274 -0.8602060 -0.0298301 0.5088660
20.166667 0.7945060 -0.1081070 -1.0109500 0.0150843 -0.8587400 -0.0295607 0.5113360
20.200000 0.7923120 -0.1074920 -1.0237100 0.0146236 -0.8570710 -0.0299800 0.5141170
20.233333 0.7892100 -0.1090080 -1.0324100 0.0143590 -0.8557880 -0.0303493 0.5162360
20.266667 0.7875550 -0.1062050 -1.0414900 0.0150992 -0.8543350 -0.0294978 0.5186650
20.300000 0.7855110 -0.1022620 -1.0497100 0.0154627 -0.8524660 -0.0297497 0.5217050
20.333333 0.7841040 -0.1014470 -1.0633200 0.0145602 -0.8502230 -0.0310893 0.5253010
20.366667 0.7811650 -0.1019030 -1.0724700 0.0131913 -0.8483360 -0.0317680 0.5283400
20.400000 0.7790050 -0.0998497 -1.0799200 0.0119063 -0.8468700 -0.0312682 0.5307460
20.433333 0.7771220 -0.0975447 -1.0929400 0.0100297 -0.8452580 -0.0311228 0.5333560
20.466667 0.7757380 -0.0961516 -1.1013400 0.0083037 -0.8437050 -0.0315170 0.5358170
20.500000 0.7742320 -0.0933475 -1.1123600 0.0072306 -0.8418690 -0.0320793 0.5386780
20.533333 0.7722870 -0.0917935 -1.1232000 0.0061264 -0.8396130 -0.0334499 0.5421190
20.566667 0.7711410 -0.0899189 -1.1360600 0.0050176 -0.8369850 -0.0349549 0.5460850
20.600000 0.7699460 -0.0891135 -1.1513300 0.0037889 -0.8339320 -0.0366523 0.5506350
20.633333 0.7670320 -0.0899496 -1.1602700 0.0023434 -0.8308400 -0.0377166 0.5552270
20.666667 0.7653240 -0.0893757 -1.1706100 0.0011321 -0.8280480 -0.0378263 0.5593790
20.700000 0.7633660 -0.0874217 -1.1813900 0.0000607 -0.8254470 -0.0380745 0.5631940
20.733333 0.7610280 -0.0879774 -1.1920900 -0.0009509 -0.8224380 -0.0390735 0.5675100
20.766667 0.7580350 -0.0887928 -1.2032200 -0.0011919 -0.8195480 -0.0394590 0.5716490
20.800000 0.7552260 -0.0871289 -1.2131400 -0.0007933 -0.8166670 -0.0394866 0.5757560
20.833333 0.7532650 -0.0849953 -1.2225500 -0.0006143 -0.8135830 -0.0399720 0.5800720
20.866667 0.7504280 -0.0848012 -1.2326600 -0.0015436 -0.8097400 -0.0409163 0.5853580
20.900000 0.7466100 -0.0865870 -1.2423100 -0.0031205 -0.8058520 -0.0411528 0.5906780
20.933333 0.7439910 -0.0858243 -1.2486200 -0.0039625 -0.8022790 -0.0402390 0.5955780
20.966667 0.7400780 -0.0856600 -1.2581300 -0.0050762 -0.7981940 -0.0398154 0.6010610
21.000000 0.7360680 -0.0866559 -1.2666400 -0.0064046 -0.7939900 -0.0390087 0.6066440
21.033333 0.7322940 -0.0855029 -1.2724300 -0.0073676 -0.7903290 -0.0377205 0.6114760
21.066667 0.7282420 -0.0864584 -1.2829400 -0.0086561 -0.7860800 -0.0370874 0.6169510
21.100000 0.7230250 -0.0879946 -1.2907800 -0.0093913 -0.7824660 -0.0360237 0.6215800
21.133333 0.7189670 -0.0878918 -1.2962900 -0.0093258 -0.7793200 -0.0343187 0.6256160
21.166667 0.7155050 -0.0862679 -1.3054200 -0.0089347 -0.7754530 -0.0329011 0.6304840
21.200000 0.7110030 -0.0866046 -1.3124700 -0.0087613 -0.7717480 -0.0324496 0.6350390
21.233333 0.7076510 -0.0849512 -1.3203900 -0.0075019 -0.7679850 -0.0317450 0.6396370
21.266667 0.7025010 -0.0828781 -1.3261000 -0.0066045 -0.7643560 -0.0318526 0.6439740
21.300000 0.6983570 -0.0816350 -1.3319700 -0.0060247 -0.7611180 -0.0323170 0.6477800
21.333333 0.6932850 -0.0805116 -1.3384600 -0.0056671 -0.7581480 -0.0327984 0.6512320
21.366667 0.6878860 -0.0792887 -1.3433500 -0.0055407 -0.7556750 -0.0333159 0.6540760
21.400000 0.6831990 -0.0775955 -1.3499400 -0.0058030 -0.7529330 -0.0336296 0.6572120
21.433333 0.6774980 -0.0765924 -1.3548400 -0.0061574 -0.7506210 -0.0337238 0.6598430
21.466667 0.6725060 -0.0745592 -1.3610700 -0.0064353 -0.7481000 -0.0334696 0.6627100
21.500000 0.6660830 -0.0730164 -1.3648700 -0.0069474 -0.7461130 -0.0334715 0.6649410
21.533333 0.6587320 -0.0733929 -1.3705500 -0.0078873 -0.7439420 -0.0334046 0.6673630
21.566667 0.6519970 -0.0726798 -1.3748900 -0.0084008 -0.7418970 -0.0322995 0.6696830
21.600000 0.6448270 -0.0699666 -1.3796200 -0.0085848 -0.7399450 -0.0311391 0.6718910
21.633333 0.6307860 -0.0629404 -1.3884000 -0.0107204 -0.7353370 -0.0318001 0.6768700
21.666667 0.6133200 -0.0629628 -1.3984700 -0.0148940 -0.7303820 -0.0332674 0.6820660
21.700000 0.6039220 -0.0637288 -1.4041100 -0.0167160 -0.7275300 -0.0332406 0.6850670
21.733333 0.5936330 -0.0668249 -1.4084200 -0.0180316 -0.7250260 -0.0323558 0.6877250
21.766667 0.5833190 -0.0665414 -1.4118900 -0.0176151 -0.7226450 -0.0302733 0.6903310
21.800000 0.5738260 -0.0642872 -1.4176000 -0.0163950 -0.7196630 -0.0296384 0.6934970
21.833333 0.5630190 -0.0647731 -1.4217300 -0.0155520 -0.7165410 -0.0308314 0.6966900
21.866667 0.5524230 -0.0650494 -1.4253200 -0.0143331 -0.7134550 -0.0321114 0.6998180
21.900000 0.5411730 -0.0663753 -1.4298900 -0.0134987 -0.7103700 -0.0336073 0.7028960
21.933333 0.5293870 -0.0690813 -1.4330600 -0.0125459 -0.7074320 -0.0344827 0.7058280
21.966667 0.5185540 -0.0701976 -1.4366400 -0.0110266 -0.7042850 -0.0341234 0.7090110
22.000000 0.5064750 -0.0726335 -1.4405600 -0.0098155 -0.7014890 -0.0337483 0.7118130
22.033333 0.4946160 -0.0759301 -1.4420800 -0.0082338 -0.6991520 -0.0325154 0.7141860
22.066667 0.4839150 -0.0754464 -1.4455300 -0.0059119 -0.6966730 -0.0298004 0.7167450
22.100000 0.4737200 -0.0724819 -1.4511500 -0.0041780 -0.6934320 -0.0277904 0.7199740
22.133333 0.4631430 -0.0730085 -1.4540500 -0.0040846 -0.6904450 -0.0273789 0.7228550
22.166667 0.4520210 -0.0751548 -1.4576100 -0.0042667 -0.6878060 -0.0266315 0.7253930
22.200000 0.4413610 -0.0780318 -1.4590900 -0.0044350 -0.6859730 -0.0249247 0.7271860
22.233333 0.4302980 -0.0821280 -1.4622700 -0.0043644 -0.6840580 -0.0220453 0.7290810
22.266667 0.4193210 -0.0834746 -1.4651400 -0.0031143 -0.6821480 -0.0181125 0.7309830
22.300000 0.4096760 -0.0831013 -1.4681000 -0.0019220 -0.6800400 -0.0146208 0.7330270
22.333333 0.4001310 -0.0833576 -1.4718800 -0.0012237 -0.6780200 -0.0125936 0.7349350
22.366667 0.3905200 -0.0859540 -1.4759500 -0.0003515 -0.6757260 -0.0118913 0.7370570
22.400000 0.3815670 -0.0864506 -1.4796100 0.0013605 -0.6730680 -0.0113308 0.7394920
22.433333 0.3727510 -0.0875072 -1.4833800 0.0023492 -0.6698690 -0.0111790 0.7423920
22.466667 0.3640560 -0.0894244 -1.4861400 0.0028599 -0.6664600 -0.0111258 0.7454530
22.500000 0.3549150 -0.0936811 -1.4896300 0.0030820 -0.6629850 -0.0105139 0.7485520
22.533333 0.3461910 -0.0967684 -1.4914100 0.0041662 -0.6602760 -0.0084281 0.7509640
22.566667 0.3379770 -0.0986755 -1.4946400 0.0055345 -0.6576210 -0.0061097 0.7533040
22.600000 0.3290860 -0.1006920 -1.4984900 0.0070203 -0.6549750 -0.0039213 0.7556080
22.633333 0.3212650 -0.1005490 -1.5033200 0.0089481 -0.6520940 -0.0024865 0.7580810
22.666667 0.3132230 -0.1018250 -1.5067800 0.0099259 -0.6489190 -0.0022222 0.7607900
22.700000 0.3050000 -0.1053920 -1.5108800 0.0105257 -0.6455080 -0.0019547 0.7636780
22.733333 0.2970520 -0.1081390 -1.5152400 0.0117416 -0.6423740 -0.0007188 0.7663010
22.766667 0.2887400 -0.1092460 -1.5194800 0.0131571 -0.6394490 0.0010563 0.7687210
22.800000 0.2810130 -0.1100120 -1.5249400 0.0144346 -0.6364750 0.0022964 0.7711590
22.833333 0.2724600 -0.1135480 -1.5303600 0.0148194 -0.6332680 0.0030584 0.7737850
22.866667 0.2643060 -0.1170240 -1.5359700 0.0160064 -0.6298230 0.0049397 0.7765580
22.900000 0.2559740 -0.1187010 -1.5413800 0.0181567 -0.6261320 0.0074845 0.7794700
22.933333 0.2476410 -0.1203570 -1.5469800 0.0202555 -0.6218250 0.0095666 0.7828360
22.966667 0.2397850 -0.1217730 -1.5536900 0.0224704 -0.6172360 0.0108662 0.7863820
23.000000 0.2309360 -0.1260780 -1.5598600 0.0241544 -0.6126060 0.0121372 0.7899260
23.033333 0.2222530 -0.1297340 -1.5662500 0.0261840 -0.6078750 0.0144838 0.7934690
23.066667 0.2144210 -0.1302000 -1.5734700 0.0280668 -0.6032420 0.0176869 0.7968680
23.100000 0.2069840 -0.1294650 -1.5816000 0.0289994 -0.5984070 0.0200609 0.8004160
23.133333 0.1999590 -0.1286610 -1.5889100 0.0288843 -0.5933850 0.0212443 0.8041190
23.166667 0.1922680 -0.1309770 -1.5963400 0.0273121 -0.5877260 0.0218036 0.8083050
23.200000 0.1842450 -0.1342630 -1.6033800 0.0256484 -0.5816530 0.0226301 0.8127170
23.233333 0.1753350 -0.1386590 -1.6098700 0.0242198 -0.5758740 0.0240378 0.8168260
23.266667 0.1670440 -0.1426450 -1.6160100 0.0238670 -0.5708240 0.0261592 0.8203080
23.300000 0.1584090 -0.1457400 -1.6227900 0.0244207 -0.5660030 0.0286008 0.8235450
23.333333 0.1502670 -0.1480260 -1.6289300 0.0251962 -0.5609730 0.0311947 0.8268620
23.366667 0.1423130 -0.1492220 -1.6351600 0.0260307 -0.5556350 0.0335157 0.8303420
23.400000 0.1351760 -0.1502690 -1.6399300 0.0259810 -0.5504390 0.0353488 0.8337220
23.433333 0.1263700 -0.1564560 -1.6443300 0.0255352 -0.5456880 0.0370506 0.8367800
23.466667 0.1179890 -0.1606720 -1.6486600 0.0271750 -0.5415780 0.0398431 0.8392660
23.500000 0.1107610 -0.1606190 -1.6527500 0.0292278 -0.5375310 0.0424695 0.8416660
23.533333 0.1029880 -0.1641160 -1.6567000 0.0301056 -0.5330290 0.0438498 0.8444230
23.566667 0.0947514 -0.1684430 -1.6597400 0.0316948 -0.5283350 0.0445702 0.8472720
23.600000 0.0884976 -0.1657600 -1.6628800 0.0339669 -0.5233020 0.0448629 0.8502880
23.633333 0.0817151 -0.1669280 -1.6663600 0.0325907 -0.5181740 0.0441257 0.8535140
23.666667 0.0732031 -0.1748250 -1.6682600 0.0314823 -0.5147760 0.0438534 0.8556230
23.700000 0.0653172 -0.1772720 -1.6707300 0.0336243 -0.5119290 0.0446377 0.8572080
23.733333 0.0603433 -0.1738810 -1.6715800 0.0347348 -0.5093460 0.0437860 0.8587450
23.766667 0.0520163 -0.1813290 -1.6722000 0.0330607 -0.5062550 0.0411326 0.8607680
23.800000 0.0432534 -0.1881560 -1.6726200 0.0345961 -0.5035250 0.0407041 0.8623270
23.833333 0.0365233 -0.1899260 -1.6705500 0.0377672 -0.5018000 0.0419984 0.8631380
23.866667 0.0300889 -0.1915350 -1.6678200 0.0398009 -0.5004400 0.0428562 0.8637940
23.900000 0.0227332 -0.1962140 -1.6649800 0.0414143 -0.4985170 0.0432534 0.8648090
23.933333 0.0150027 -0.1994330 -1.6629700 0.0442464 -0.4960290 0.0443149 0.8660450
23.966667 0.0075584 -0.2017930 -1.6592400 0.0472137 -0.4938940 0.0452540 0.8670590
24.000000 0.0006847 -0.2026720 -1.6546000 0.0494362 -0.4916970 0.0456113 0.8681650
24.033333 -0.0071330 -0.2050920 -1.6503100 0.0511982 -0.4893530 0.0455267 0.8693900
24.066667 -0.0147710 -0.2063520 -1.6448700 0.0526379 -0.4872310 0.0456108 0.8704910
24.100000 -0.0230184 -0.2087220 -1.6396200 0.0532226 -0.4849430 0.0455216 0.8717370
24.133333 -0.0316143 -0.2113920 -1.6339200 0.0543191 -0.4827520 0.0463478 0.8728410
24.166667 -0.0396981 -0.2127520 -1.6279100 0.0571951 -0.4812690 0.0480706 0.8733830
24.200000 -0.0488605 -0.2148720 -1.6219800 0.0601590 -0.4799310 0.0497010 0.8738290
24.233333 -0.0576315 -0.2172620 -1.6153800 0.0626962 -0.4785920 0.0513143 0.8742910
24.266667 -0.0663714 -0.2199030 -1.6083500 0.0641944 -0.4768510 0.0524604 0.8750660
24.300000 -0.0750132 -0.2211130 -1.6015700 0.0646357 -0.4741010 0.0531293 0.8764860
24.333333 -0.0842848 -0.2237230 -1.5952000 0.0645865 -0.4706100 0.0535068 0.8783460
24.366667 -0.0943198 -0.2279620 -1.5886400 0.0653213 -0.4663420 0.0540117 0.8805340
24.400000 -0.1039350 -0.2312430 -1.5805600 0.0674601 -0.4620430 0.0543211 0.8826180
24.433333 -0.1130740 -0.2349140 -1.5715300 0.0694347 -0.4581110 0.0538056 0.8845440
24.466667 -0.1219420 -0.2384150 -1.5630100 0.0719888 -0.4541310 0.0529746 0.8864400
24.500000 -0.1305580 -0.2427260 -1.5541000 0.0744383 -0.4498380 0.0521782 0.8884720
24.533333 -0.1388330 -0.2460270 -1.5455800 0.0770499 -0.4452090 0.0517696 0.8906020
24.566667 -0.1473180 -0.2496080 -1.5369700 0.0810698 -0.4408750 0.0527807 0.8923400
24.600000 -0.1550970 -0.2525990 -1.5281900 0.0858569 -0.4372660 0.0551805 0.8935230
24.633333 -0.1621480 -0.2552600 -1.5196500 0.0900771 -0.4344740 0.0578617 0.8942990
24.666667 -0.1693060 -0.2596120 -1.5110800 0.0955173 -0.4325160 0.0607880 0.8944890
24.700000 -0.1755000 -0.2632530 -1.5020800 0.1016510 -0.4307960 0.0634267 0.8944600
24.733333 -0.1803360 -0.2643250 -1.4938600 0.1063050 -0.4290110 0.0645899 0.8946940
24.766667 -0.1852830 -0.2663060 -1.4868500 0.1093720 -0.4272380 0.0641783 0.8952020
24.800000 -0.1904640 -0.2690070 -1.4804100 0.1125030 -0.4257030 0.0632335 0.8956120
24.833333 -0.1952550 -0.2708780 -1.4741000 0.1159700 -0.4243160 0.0626561 0.8958690
24.866667 -0.2004900 -0.2739790 -1.4683400 0.1205460 -0.4230300 0.0628257 0.8958610
24.900000 -0.2055030 -0.2775200 -1.4624200 0.1262700 -0.4217520 0.0636252 0.8956190
24.933333 -0.2097520 -0.2804310 -1.4567200 0.1316880 -0.4203030 0.0642971 0.8954720
24.966667 -0.2138250 -0.2832310 -1.4514800 0.1371730 -0.4187530 0.0650460 0.8953200
25.000000 -0.2176050 -0.2853820 -1.4467900 0.1425390 -0.4173760 0.0658018 0.8950700
25.033333 -0.2211630 -0.2880630 -1.4424500 0.1471270 -0.4161100 0.0665886 0.8948590
25.066667 -0.2248760 -0.2900030 -1.4387600 0.1518660 -0.4149640 0.0677117 0.8945150
25.100000 -0.2284690 -0.2920940 -1.4351900 0.1562570 -0.4139280 0.0695169 0.8941000
25.133333 -0.2325170 -0.2935240 -1.4318800 0.1606710 -0.4131940 0.0717579 0.8934800
25.166667 -0.2367730 -0.2962740 -1.4282600 0.1647280 -0.4129300 0.0739769 0.8926820
25.200000 -0.2415970 -0.2993540 -1.4252400 0.1684670 -0.4126090 0.0753922 0.8920140
25.233333 -0.2464700 -0.3011090 -1.4217000 0.1723990 -0.4123520 0.0769612 0.8912470
25.266667 -0.2519840 -0.3041300 -1.4181600 0.1772250 -0.4121380 0.0795644 0.8901710
25.300000 -0.2583490 -0.3089690 -1.4151100 0.1830260 -0.4120890 0.0818882 0.8888070
25.333333 -0.2647080 -0.3124310 -1.4123500 0.1885680 -0.4120620 0.0839553 0.8874670
25.366667 -0.2714860 -0.3160700 -1.4101000 0.1933910 -0.4121520 0.0853022 0.8862580
25.400000 -0.2787840 -0.3200700 -1.4078800 0.1977400 -0.4121670 0.0863955 0.8851850
25.433333 -0.2865210 -0.3238900 -1.4057000 0.2017660 -0.4119220 0.0875775 0.8842740
25.466667 -0.2942380 -0.3278970 -1.4034900 0.2055980 -0.4115630 0.0884567 0.8834710
25.500000 -0.3019980 -0.3314380 -1.4011800 0.2090940 -0.4109020 0.0895664 0.8828460
25.533333 -0.3104690 -0.3354610 -1.3993100 0.2124840 -0.4098920 0.0906022 0.8824000
25.566667 -0.3187740 -0.3390880 -1.3972500 0.2156770 -0.4086340 0.0919683 0.8820680
25.600000 -0.3271300 -0.3433330 -1.3951100 0.2189320 -0.4073580 0.0932491 0.8817220
25.633333 -0.3355360 -0.3476130 -1.3929700 0.2224600 -0.4059840 0.0940388 0.8813880
25.666667 -0.3439940 -0.3514000 -1.3912700 0.2255890 -0.4042930 0.0946174 0.8813080
25.700000 -0.3523110 -0.3539290 -1.3895400 0.2281650 -0.4024530 0.0954888 0.8813930
25.733333 -0.3607900 -0.3569990 -1.3877400 0.2307680 -0.4005720 0.0964905 0.8814630
25.766667 -0.3688350 -0.3594140 -1.3856800 0.2331100 -0.3987900 0.0980595 0.8814820
25.800000 -0.3771980 -0.3609350 -1.3841900 0.2350090 -0.3973160 0.0998186 0.8814460
25.833333 -0.3857710 -0.3628750 -1.3826800 0.2375930 -0.3963010 0.1017490 0.8809890
25.866667 -0.3942200 -0.3660770 -1.3813600 0.2409210 -0.3953150 0.1038750 0.8802800
25.900000 -0.4025160 -0.3694100 -1.3802100 0.2442720 -0.3941760 0.1051700 0.8797130
25.933333 -0.4104100 -0.3716400 -1.3786600 0.2470210 -0.3927970 0.1061580 0.8794440
25.966667 -0.4180720 -0.3742430 -1.3772100 0.2494690 -0.3909950 0.1071940 0.8794300
26.000000 -0.4258330 -0.3766280 -1.3763000 0.2515920 -0.3887670 0.1080840 0.8797040
26.033333 -0.4330490 -0.3779580 -1.3751100 0.2530490 -0.3864050 0.1085320 0.8802720
26.066667 -0.4402390 -0.3796370 -1.3737400 0.2543450 -0.3838210 0.1088180 0.8809930
26.100000 -0.4468980 -0.3808720 -1.3724200 0.2565350 -0.3809970 0.1090210 0.8815590
26.133333 -0.4532620 -0.3814850 -1.3712700 0.2583180 -0.3778940 0.1087460 0.8824070
26.166667 -0.4596100 -0.3824000 -1.3700200 0.2599010 -0.3745580 0.1080010 0.8834550
26.200000 -0.4654040 -0.3843520 -1.3688900 0.2614570 -0.3710940 0.1072930 0.8845440
26.233333 -0.4705490 -0.3852470 -1.3672500 0.2629840 -0.3673710 0.1063080 0.8857630
26.266667 -0.4758520 -0.3852920 -1.3661600 0.2635880 -0.3631930 0.1052880 0.8874270
26.300000 -0.4809430 -0.3854750 -1.3647200 0.2642790 -0.3589100 0.1046960 0.8890330
26.333333 -0.4857380 -0.3857310 -1.3635400 0.2652330 -0.3546730 0.1047810 0.8904380
26.366667 -0.4899280 -0.3853640 -1.3621400 0.2665020 -0.3507750 0.1047710 0.8916030
26.400000 -0.4937530 -0.3845820 -1.3609200 0.2672950 -0.3469510 0.1040360 0.8929470
26.433333 -0.4970510 -0.3834790 -1.3595700 0.2672860 -0.3433600 0.1025560 0.8945080
26.466667 -0.5002680 -0.3824630 -1.3582900 0.2666680 -0.3400260 0.1005270 0.8961950
26.500000 -0.5033610 -0.3813760 -1.3566500 0.2661020 -0.3370650 0.0979664 0.8977640
26.533333 -0.5057150 -0.3802590 -1.3550500 0.2642590 -0.3342190 0.0953069 0.8996560
26.566667 -0.5085400 -0.3787670 -1.3538400 0.2617940 -0.3310380 0.0927263 0.9018200
26.600000 -0.5111370 -0.3769690 -1.3525000 0.2589660 -0.3279510 0.0906458 0.9039730
26.633333 -0.5134370 -0.3749940 -1.3510200 0.2561500 -0.3253470 0.0887379 0.9059040
26.666667 -0.5153980 -0.3733020 -1.3490400 0.2536250 -0.3233790 0.0864688 0.9075370
26.700000 -0.5174350 -0.3712280 -1.3472300 0.2521680 -0.3214980 0.0847094 0.9087770
26.733333 -0.5182570 -0.3709080 -1.3446700 0.2517280 -0.3199070 0.0825437 0.9096590
26.766667 -0.5193180 -0.3701480 -1.3426400 0.2515160 -0.3177150 0.0800492 0.9107080
26.800000 -0.5203030 -0.3684620 -1.3404600 0.2508890 -0.3150950 0.0775783 0.9120040
26.833333 -0.5215280 -0.3668990 -1.3387500 0.2494350 -0.3121800 0.0750726 0.9136140
26.866667 -0.5220980 -0.3638330 -1.3367700 0.2477100 -0.3094570 0.0725201 0.9152140
26.900000 -0.5232130 -0.3614300 -1.3345100 0.2458570 -0.3067570 0.0704830 0.9167810
26.933333 -0.5234310 -0.3577360 -1.3321100 0.2438630 -0.3045870 0.0687078 0.9181700
26.966667 -0.5241540 -0.3553790 -1.3299900 0.2412590 -0.3025130 0.0668571 0.9196790
27.000000 -0.5251860 -0.3515800 -1.3279400 0.2388040 -0.3008250 0.0658580 0.9209450
27.033333 -0.5259100 -0.3480680 -1.3257200 0.2367080 -0.2999450 0.0648013 0.9218480
27.066667 -0.5260810 -0.3455320 -1.3227000 0.2347650 -0.2995090 0.0635961 0.9225700
27.100000 -0.5266390 -0.3426960 -1.3198700 0.2327320 -0.2987920 0.0623628 0.9234010
27.133333 -0.5273940 -0.3397190 -1.3171400 0.2301060 -0.2977290 0.0615159 0.9244590
27.166667 -0.5275800 -0.3354480 -1.3138200 0.2270140 -0.2968660 0.0606087 0.9255600
27.200000 -0.5283080 -0.3320470 -1.3109500 0.2234630 -0.2959800 0.0600764 0.9267420
27.233333 -0.5288720 -0.3284310 -1.3072800 0.2204620 -0.2956330 0.0598417 0.9275860
27.266667 -0.5290390 -0.3265020 -1.3030200 0.2178840 -0.2956760 0.0592189 0.9282220
27.300000 -0.5296060 -0.3241020 -1.2987500 0.2155940 -0.2954880 0.0584753 0.9288630
27.333333 -0.5290180 -0.3221400 -1.2932000 0.2136520 -0.2955580 0.0568780 0.9293880
27.366667 -0.5292380 -0.3195730 -1.2882900 0.2120130 -0.2947750 0.0540268 0.9301820
27.400000 -0.5297800 -0.3175810 -1.2832800 0.2089780 -0.2929660 0.0519590 0.9315570
27.433333 -0.5301290 -0.3167040 -1.2774500 0.2061020 -0.2911450 0.0503406 0.9328570
27.466667 -0.5304500 -0.3143350 -1.2714900 0.2046570 -0.2893500 0.0480809 0.9338520
27.500000 -0.5309240 -0.3130620 -1.2654000 0.2033490 -0.2874250 0.0461387 0.9348300
27.533333 -0.5315020 -0.3099100 -1.2595700 0.2022430 -0.2856890 0.0436216 0.9357230
27.566667 -0.5317650 -0.3061540 -1.2540000 0.1992730 -0.2837440 0.0405476 0.9370890
27.600000 -0.5324700 -0.3029800 -1.2478500 0.1950520 -0.2813010 0.0377665 0.9388280
27.633333 -0.5330480 -0.2996080 -1.2420100 0.1902320 -0.2787810 0.0352806 0.9406640
27.666667 -0.5328850 -0.2946790 -1.2352700 0.1853330 -0.2766130 0.0326727 0.9423740
27.700000 -0.5335450 -0.2906420 -1.2288800 0.1803010 -0.2746180 0.0305527 0.9440040
27.733333 -0.5344720 -0.2873130 -1.2221100 0.1763100 -0.2732580 0.0290099 0.9452000
27.766667 -0.5352240 -0.2822450 -1.2156200 0.1732720 -0.2725050 0.0273876 0.9460270
27.800000 -0.5365390 -0.2796270 -1.2094900 0.1692090 -0.2715810 0.0255133 0.9470800
27.833333 -0.5373030 -0.2760790 -1.2028800 0.1650260 -0.2703020 0.0234565 0.9482370
27.866667 -0.5384520 -0.2735410 -1.1965500 0.1610900 -0.2688190 0.0209936 0.9493920
27.900000 -0.5388130 -0.2687330 -1.1905700 0.1569420 -0.2668670 0.0178156 0.9507020
27.933333 -0.5392830 -0.2663050 -1.1841800 0.1522590 -0.2638620 0.0145369 0.9523560
27.966667 -0.5414950 -0.2638460 -1.1796400 0.1484400 -0.2601790 0.0117355 0.9540100
28.000000 -0.5429140 -0.2618470 -1.1743000 0.1452680 -0.2571390 0.0102280 0.9553390
28.033333 -0.5443460 -0.2597290 -1.1692800 0.1428590 -0.2548520 0.0092175 0.9563250
28.066667 -0.5453720 -0.2563700 -1.1640800 0.1400050 -0.2532270 0.0080002 0.9571890
28.100000 -0.5461190 -0.2514920 -1.1592700 0.1368530 -0.2515170 0.0062419 0.9581080
28.133333 -0.5462330 -0.2483430 -1.1541400 0.1329770 -0.2493410 0.0040512 0.9592340
28.166667 -0.5474340 -0.2461140 -1.1496700 0.1291440 -0.2465050 0.0021209 0.9604960
28.200000 -0.5483460 -0.2413950 -1.1461400 0.1262620 -0.2438100 0.0010413 0.9615680
28.233333 -0.5492370 -0.2380070 -1.1421300 0.1230930 -0.2414010 0.0006940 0.9625870
28.266667 -0.5500770 -0.2326480 -1.1386400 0.1205740 -0.2392060 0.0005374 0.9634530
28.300000 -0.5509090 -0.2290090 -1.1350600 0.1178080 -0.2374210 0.0008173 0.9642360
28.333333 -0.5519080 -0.2261600 -1.1312000 0.1155800 -0.2362210 0.0008876 0.9648000
28.366667 -0.5516250 -0.2210010 -1.1273500 0.1134120 -0.2353010 0.0007950 0.9652830
28.400000 -0.5525740 -0.2172120 -1.1244300 0.1102750 -0.2335300 -0.0000495 0.9660760
28.433333 -0.5529530 -0.2146930 -1.1209900 0.1072740 -0.2315150 -0.0010588 0.9668980
28.466667 -0.5527230 -0.2114340 -1.1175600 0.1053640 -0.2290700 -0.0023659 0.9676880
28.500000 -0.5532390 -0.2086450 -1.1147800 0.1036510 -0.2261030 -0.0035573 0.9685670
28.533333 -0.5543360 -0.2076660 -1.1119800 0.1028300 -0.2239680 -0.0040089 0.9691480
28.566667 -0.5554940 -0.2054860 -1.1096400 0.1028790 -0.2228980 -0.0042362 0.9693890
28.600000 -0.5552020 -0.1994970 -1.1077000 0.1023570 -0.2222810 -0.0045373 0.9695840
28.633333 -0.5558700 -0.1947070 -1.1062600 0.1004350 -0.2210470 -0.0048411 0.9700660
28.666667 -0.5561890 -0.1914480 -1.1038200 0.0982492 -0.2203740 -0.0052143 0.9704410
28.700000 -0.5563370 -0.1875190 -1.1019100 0.0962963 -0.2198510 -0.0052012 0.9707550
28.733333 -0.5564290 -0.1813790 -1.1007600 0.0941656 -0.2190160 -0.0055361 0.9711510
28.766667 -0.5562940 -0.1781400 -1.0990300 0.0912854 -0.2179370 -0.0059071 0.9716660
28.800000 -0.5572580 -0.1771300 -1.0973600 0.0888922 -0.2163260 -0.0059307 0.9722480
28.833333 -0.5585000 -0.1757200 -1.0962800 0.0873158 -0.2150890 -0.0051534 0.9726700
28.866667 -0.5583220 -0.1730700 -1.0946600 0.0862065 -0.2151270 -0.0045582 0.9727630
28.900000 -0.5589360 -0.1693110 -1.0939300 0.0848951 -0.2150120 -0.0049811 0.9729020
28.933333 -0.5583470 -0.1660510 -1.0928800 0.0830355 -0.2145460 -0.0053549 0.9731630
28.966667 -0.5593350 -0.1635010 -1.0924200 0.0809124 -0.2132580 -0.0056664 0.9736230
29.000000 -0.5603100 -0.1616910 -1.0917100 0.0790913 -0.2123040 -0.0057001 0.9739810
29.033333 -0.5614420 -0.1585710 -1.0911100 0.0774793 -0.2117830 -0.0060554 0.9742220
29.066667 -0.5618700 -0.1566210 -1.0897300 0.0755580 -0.2114820 -0.0062997 0.9744370
29.100000 -0.5625730 -0.1553410 -1.0885700 0.0736530 -0.2112400 -0.0067581 0.9746320
29.133333 -0.5640640 -0.1555620 -1.0870900 0.0721332 -0.2110780 -0.0073344 0.9747760
29.166667 -0.5648210 -0.1546720 -1.0857600 0.0714144 -0.2113650 -0.0078143 0.9747630
29.200000 -0.5656800 -0.1544420 -1.0843600 0.0707681 -0.2115300 -0.0078946 0.9747740
29.233333 -0.5667330 -0.1546120 -1.0832200 0.0706609 -0.2115180 -0.0076817 0.9747860
29.266667 -0.5675660 -0.1535930 -1.0821200 0.0706998 -0.2113480 -0.0075970 0.9748210
29.300000 -0.5682140 -0.1545330 -1.0807800 0.0705061 -0.2112560 -0.0072766 0.9748570
29.333333 -0.5692300 -0.1543530 -1.0794800 0.0712444 -0.2112810 -0.0068285 0.9748020
