#TimeStamp Tx Ty Tz Qx Qy Qz Qw
0.033333 0.0000000 0.0000000 -2.5000000 0.0000000 0.0000000 0.0000000 1.0000000
0.066667 -0.0001469 0.0088124 -2.5022900 0.0012364 -0.0001719 -0.0002781 0.9999990
0.100000 0.0003610 0.0064928 -2.5021500 -0.0009576 -0.0004089 -0.0001751 0.9999990
0.133333 -0.0002704 0.0051544 -2.5017600 -0.0013861 0.0002293 -0.0003958 0.9999990
0.166667 0.0001855 0.0087118 -2.5026100 -0.0012449 0.0006969 -0.0007740 0.9999990
0.200000 -0.0001714 0.0093513 -2.5028400 -0.0024014 0.0009617 -0.0010682 0.9999960
0.233333 -0.0006876 0.0049949 -2.5017500 -0.0036471 0.0010935 -0.0007646 0.9999920
0.266667 -0.0000174 0.0049760 -2.5015200 -0.0028130 0.0008660 -0.0006901 0.9999950
0.300000 0.0001395 0.0074046 -2.5019100 -0.0023388 0.0008646 -0.0008406 0.9999970
0.333333 -0.0002642 0.0054161 -2.5014400 -0.0030923 0.0009150 -0.0007646 0.9999950
0.366667 -0.0002828 0.0026181 -2.5007400 -0.0028098 0.0009561 -0.0006271 0.9999950
0.400000 -0.0003693 0.0011115 -2.4997900 -0.0017159 0.0010827 -0.0004187 0.9999980
0.433333 0.0002041 0.0009718 -2.4994900 -0.0006669 0.0008775 0.0000138 0.9999990
0.466667 0.0001543 0.0007327 -2.4992700 0.0000260 0.0005290 0.0004681 1.0000000
0.500000 0.0011811 0.0009215 -2.4993900 0.0007270 0.0001406 0.0006672 0.9999990
0.533333 0.0007946 0.0013523 -2.4992700 0.0009591 0.0000466 0.0008197 0.9999990
0.566667 0.0007491 0.0035808 -2.4998900 0.0012937 -0.0002441 0.0006208 0.9999990
0.600000 0.0005028 0.0032699 -2.5000400 0.0007319 -0.0003083 -0.0000008 1.0000000
0.633333 -0.0000250 0.0041096 -2.5003700 0.0004198 -0.0001846 -0.0007638 1.0000000
0.666667 -0.0003486 0.0043380 -2.5008200 -0.0003147 0.0001003 -0.0015633 0.9999990
0.700000 -0.0000124 0.0037687 -2.5005500 -0.0008875 0.0002574 -0.0020332 0.9999970
0.733333 -0.0010145 0.0042589 -2.5007500 -0.0011152 0.0003259 -0.0024555 0.9999960
0.766667 -0.0009549 0.0037684 -2.5007200 -0.0016368 0.0001632 -0.0026411 0.9999950
0.800000 -0.0019009 0.0036385 -2.5007500 -0.0017504 0.0000836 -0.0027373 0.9999950
0.833333 -0.0013871 0.0028093 -2.5006000 -0.0017828 -0.0003934 -0.0028639 0.9999940
0.866667 -0.0021701 0.0030096 -2.5006600 -0.0014701 -0.0003657 -0.0030265 0.9999940
0.900000 -0.0025287 0.0033102 -2.5005400 -0.0012849 -0.0003181 -0.0033466 0.9999940
0.933333 -0.0037339 0.0023220 -2.5002800 -0.0015741 -0.0000812 -0.0035495 0.9999920
0.966667 -0.0029998 0.0010612 -2.5004600 -0.0015576 -0.0001433 -0.0038296 0.9999910
1.000000 -0.0036163 0.0018713 -2.5004700 -0.0010940 0.0000048 -0.0041373 0.9999910
1.033333 -0.0044095 0.0031319 -2.5005200 -0.0009849 0.0001400 -0.0042929 0.9999900
1.066667 -0.0052292 0.0025432 -2.5000500 -0.0019139 0.0001250 -0.0047446 0.9999870
1.100000 -0.0066621 0.0035756 -2.4997700 -0.0016406 0.0002015 -0.0051089 0.9999860
1.133333 -0.0077074 0.0063438 -2.5003500 -0.0016653 0.0004720 -0.0053844 0.9999840
1.166667 -0.0089052 0.0068242 -2.5004300 -0.0023863 0.0010406 -0.0055665 0.9999810
1.200000 -0.0093284 0.0052366 -2.4998600 -0.0028940 0.0019892 -0.0055830 0.9999780
1.233333 -0.0098732 0.0070775 -2.4997300 -0.0026065 0.0029902 -0.0054872 0.9999770
1.266667 -0.0117764 0.0121152 -2.5006000 -0.0028232 0.0042300 -0.0051389 0.9999740
1.300000 -0.0126677 0.0106995 -2.4994300 -0.0049470 0.0049857 -0.0042541 0.9999660
1.333333 -0.0138533 0.0067067 -2.4974100 -0.0060340 0.0052361 -0.0031687 0.9999630
1.366667 -0.0157011 0.0076516 -2.4962600 -0.0052228 0.0055552 -0.0022913 0.9999680
1.400000 -0.0163784 0.0080278 -2.4945100 -0.0051088 0.0058143 -0.0017229 0.9999690
1.433333 -0.0178454 0.0066652 -2.4925400 -0.0050064 0.0062423 -0.0013929 0.9999670
1.466667 -0.0187910 0.0081012 -2.4907300 -0.0040550 0.0070976 -0.0017661 0.9999650
1.500000 -0.0196841 0.0115175 -2.4888100 -0.0036474 0.0079979 -0.0027900 0.9999570
1.533333 -0.0198596 0.0124366 -2.4859400 -0.0045759 0.0091123 -0.0039949 0.9999400
1.566667 -0.0209754 0.0121520 -2.4813800 -0.0054653 0.0102273 -0.0053900 0.9999180
1.600000 -0.0207736 0.0163734 -2.4777600 -0.0056980 0.0106573 -0.0072052 0.9999010
1.633333 -0.0206480 0.0175991 -2.4727800 -0.0075086 0.0110778 -0.0091383 0.9998690
1.666667 -0.0204782 0.0163879 -2.4667300 -0.0091954 0.0115091 -0.0107990 0.9998330
1.700000 -0.0186465 0.0161870 -2.4604900 -0.0097810 0.0113885 -0.0123917 0.9998110
1.733333 -0.0173724 0.0197139 -2.4548800 -0.0100397 0.0110946 -0.0136253 0.9997950
1.766667 -0.0142260 0.0214810 -2.4489300 -0.0114258 0.0108557 -0.0149220 0.9997640
1.800000 -0.0130785 0.0200162 -2.4408700 -0.0130153 0.0106499 -0.0157263 0.9997350
1.833333 -0.0114107 0.0186110 -2.4326900 -0.0136112 0.0094382 -0.0163566 0.9997290
1.866667 -0.0077856 0.0182443 -2.4247300 -0.0135466 0.0075147 -0.0174028 0.9997290
1.900000 -0.0056250 0.0141721 -2.4156100 -0.0135538 0.0061672 -0.0187306 0.9997140
1.933333 -0.0014446 0.0143080 -2.4068600 -0.0116981 0.0045458 -0.0203586 0.9997140
1.966667 0.0015399 0.0177417 -2.3986800 -0.0101528 0.0032147 -0.0228989 0.9996810
2.000000 0.0056629 0.0168700 -2.3891000 -0.0101311 0.0018851 -0.0254176 0.9996240
2.033333 0.0098290 0.0162079 -2.3795400 -0.0097096 0.0003585 -0.0280065 0.9995600
2.066667 0.0143826 0.0174234 -2.3705100 -0.0091826 -0.0016906 -0.0303992 0.9994940
2.100000 0.0195191 0.0154634 -2.3601700 -0.0092360 -0.0040774 -0.0326093 0.9994170
2.133333 0.0233967 0.0157111 -2.3506600 -0.0089061 -0.0065699 -0.0354723 0.9993090
2.166667 0.0291412 0.0179751 -2.3420000 -0.0092029 -0.0090353 -0.0388704 0.9991610
2.200000 0.0359447 0.0122046 -2.3313800 -0.0105590 -0.0115986 -0.0421265 0.9989890
2.233333 0.0369837 0.0104437 -2.3220500 -0.0087040 -0.0134552 -0.0459828 0.9988140
2.266667 0.0428586 0.0123088 -2.3129800 -0.0068624 -0.0163047 -0.0490999 0.9986370
2.300000 0.0476804 0.0138526 -2.3045600 -0.0065020 -0.0190397 -0.0517352 0.9984580
2.333333 0.0517087 0.0106819 -2.2946200 -0.0070120 -0.0220681 -0.0535536 0.9982960
2.366667 0.0564945 0.0108378 -2.2856400 -0.0063936 -0.0252905 -0.0549377 0.9981490
2.400000 0.0607629 0.0118320 -2.2772900 -0.0066728 -0.0281495 -0.0562795 0.9979960
2.433333 0.0655100 0.0082290 -2.2678200 -0.0074960 -0.0315273 -0.0580206 0.9977890
2.466667 0.0698495 0.0062954 -2.2588400 -0.0065043 -0.0350333 -0.0603125 0.9975430
2.500000 0.0746074 0.0094774 -2.2511500 -0.0050029 -0.0387674 -0.0634642 0.9972180
2.533333 0.0780957 0.0123587 -2.2437800 -0.0054675 -0.0421912 -0.0665852 0.9968730
2.566667 0.0829160 0.0091355 -2.2344300 -0.0070231 -0.0457653 -0.0702237 0.9964560
2.600000 0.0855157 0.0075228 -2.2254100 -0.0068890 -0.0484961 -0.0736932 0.9960770
2.633333 0.0889304 0.0101657 -2.2176600 -0.0061655 -0.0519260 -0.0768314 0.9956720
2.666667 0.0931227 0.0100515 -2.2090100 -0.0069905 -0.0563470 -0.0801774 0.9951620
2.700000 0.0947399 0.0099180 -2.2004600 -0.0076279 -0.0602718 -0.0837161 0.9946360
2.733333 0.0981791 0.0119729 -2.1920800 -0.0081684 -0.0646733 -0.0874238 0.9940360
2.766667 0.1005240 0.0117791 -2.1834100 -0.0101410 -0.0686309 -0.0905113 0.9934760
2.800000 0.1023370 0.0096478 -2.1741200 -0.0119420 -0.0727482 -0.0932781 0.9929070
2.833333 0.1048400 0.0092845 -2.1653400 -0.0124901 -0.0772331 -0.0959994 0.9923020
2.866667 0.1075290 0.0082436 -2.1557000 -0.0127472 -0.0817082 -0.0988370 0.9916610
2.900000 0.1099440 0.0084124 -2.1463100 -0.0125397 -0.0858315 -0.1018320 0.9910130
2.933333 0.1124720 0.0074017 -2.1365800 -0.0126868 -0.0893958 -0.1047860 0.9903870
2.966667 0.1138590 0.0063424 -2.1267000 -0.0122788 -0.0926678 -0.1080720 0.9897380
3.000000 0.1177010 0.0071528 -2.1165200 -0.0112776 -0.0963563 -0.1116190 0.9890040
3.033333 0.1193380 0.0069153 -2.1059200 -0.0113543 -0.0993976 -0.1146960 0.9883500
3.066667 0.1207100 0.0077259 -2.0959900 -0.0115346 -0.1028210 -0.1166980 0.9877630
3.100000 0.1231990 0.0062184 -2.0853700 -0.0125751 -0.1067740 -0.1182110 0.9871510
3.133333 0.1258100 0.0060692 -2.0749900 -0.0130546 -0.1110880 -0.1199560 0.9864580
3.166667 0.1286450 0.0046425 -2.0640600 -0.0142193 -0.1160070 -0.1223020 0.9855870
3.200000 0.1302510 -0.0011408 -2.0521800 -0.0150972 -0.1208710 -0.1258270 0.9845450
3.233333 0.1321080 -0.0017784 -2.0415900 -0.0136104 -0.1250250 -0.1294010 0.9835850
3.266667 0.1353200 -0.0029059 -2.0307800 -0.0130666 -0.1292170 -0.1330830 0.9825580
3.300000 0.1357680 -0.0092790 -2.0190800 -0.0129242 -0.1333240 -0.1366400 0.9815230
3.333333 0.1373850 -0.0121241 -2.0079200 -0.0104810 -0.1375940 -0.1394640 0.9805650
3.366667 0.1394460 -0.0120332 -1.9979600 -0.0080774 -0.1417640 -0.1417460 0.9796660
3.400000 0.1403080 -0.0169282 -1.9868500 -0.0065654 -0.1463200 -0.1440450 0.9786720
3.433333 0.1428890 -0.0179863 -1.9763100 -0.0034756 -0.1513400 -0.1462130 0.9776020
3.466667 0.1441730 -0.0192475 -1.9671700 -0.0012044 -0.1554360 -0.1483660 0.9766400
3.500000 0.1444030 -0.0224483 -1.9578700 0.0010029 -0.1592520 -0.1501650 0.9757500
3.533333 0.1462240 -0.0210531 -1.9494800 0.0035866 -0.1632640 -0.1515700 0.9748630
3.566667 0.1464450 -0.0248237 -1.9404000 0.0044963 -0.1672680 -0.1533270 0.9739060
3.600000 0.1469130 -0.0284357 -1.9315500 0.0062714 -0.1716380 -0.1549350 0.9728800
3.633333 0.1479640 -0.0301895 -1.9229500 0.0090176 -0.1768410 -0.1554390 0.9718460
3.666667 0.1493930 -0.0314927 -1.9142900 0.0114585 -0.1830040 -0.1555520 0.9706600
3.700000 0.1506920 -0.0327969 -1.9060400 0.0135998 -0.1892430 -0.1556690 0.9694170
3.733333 0.1493730 -0.0357497 -1.8978400 0.0153876 -0.1951710 -0.1562110 0.9681270
3.766667 0.1503060 -0.0358238 -1.8894300 0.0178273 -0.2013410 -0.1567050 0.9667410
3.800000 0.1513000 -0.0362484 -1.8813100 0.0195776 -0.2072980 -0.1575780 0.9653050
3.833333 0.1505610 -0.0391700 -1.8726400 0.0209043 -0.2127340 -0.1589360 0.9638710
3.866667 0.1510220 -0.0389137 -1.8642400 0.0226394 -0.2182410 -0.1596540 0.9624810
3.900000 0.1508940 -0.0401938 -1.8550400 0.0237113 -0.2247760 -0.1604340 0.9608200
3.933333 0.1521980 -0.0413320 -1.8448700 0.0254577 -0.2319990 -0.1608590 0.9589850
3.966667 0.1522790 -0.0412216 -1.8353800 0.0272668 -0.2381950 -0.1618350 0.9572510
4.000000 0.1526670 -0.0425587 -1.8250500 0.0282734 -0.2446520 -0.1633250 0.9553380
4.033333 0.1524040 -0.0436254 -1.8145700 0.0299747 -0.2513810 -0.1653700 0.9531850
4.066667 0.1523310 -0.0449710 -1.8039000 0.0311933 -0.2578860 -0.1667760 0.9511610
4.100000 0.1521370 -0.0467677 -1.7935500 0.0323620 -0.2641320 -0.1677720 0.9492310
4.133333 0.1527140 -0.0486522 -1.7823900 0.0337428 -0.2708480 -0.1687460 0.9471150
4.166667 0.1531940 -0.0493386 -1.7717000 0.0354295 -0.2773330 -0.1701710 0.9449190
4.200000 0.1544050 -0.0505543 -1.7606900 0.0363506 -0.2833580 -0.1720860 0.9427480
4.233333 0.1555210 -0.0531304 -1.7500200 0.0373211 -0.2893090 -0.1743760 0.9404790
4.266667 0.1568830 -0.0540586 -1.7395400 0.0389421 -0.2952220 -0.1756940 0.9383280
4.300000 0.1585050 -0.0524502 -1.7303900 0.0394160 -0.3006890 -0.1771870 0.9362890
4.333333 0.1600640 -0.0539112 -1.7209400 0.0384138 -0.3064290 -0.1787350 0.9341730
4.366667 0.1607150 -0.0563197 -1.7110300 0.0378651 -0.3126430 -0.1796280 0.9319620
4.400000 0.1624920 -0.0551922 -1.7021900 0.0381728 -0.3188140 -0.1812390 0.9295450
4.433333 0.1639610 -0.0582306 -1.6919900 0.0377063 -0.3250880 -0.1837140 0.9269010
4.466667 0.1651490 -0.0578463 -1.6840900 0.0388668 -0.3312860 -0.1855650 0.9242860
4.500000 0.1669750 -0.0561616 -1.6760900 0.0393133 -0.3380740 -0.1875160 0.9214110
4.533333 0.1689360 -0.0560553 -1.6674100 0.0385884 -0.3451190 -0.1891720 0.9184860
4.566667 0.1699720 -0.0569606 -1.6594200 0.0376949 -0.3516140 -0.1899000 0.9159060
4.600000 0.1707040 -0.0568652 -1.6514700 0.0376373 -0.3588940 -0.1896890 0.9131250
4.633333 0.1710410 -0.0559196 -1.6434300 0.0378783 -0.3669630 -0.1896120 0.9099180
4.666667 0.1700380 -0.0552223 -1.6288500 0.0355512 -0.3821540 -0.1899400 0.9036690
4.700000 0.1691220 -0.0539985 -1.6215800 0.0350750 -0.3901780 -0.1891620 0.9004160
4.733333 0.1680090 -0.0528560 -1.6147600 0.0338600 -0.3980510 -0.1884590 0.8971580
4.766667 0.1659340 -0.0533924 -1.6078100 0.0325368 -0.4054400 -0.1878670 0.8940170
4.800000 0.1633950 -0.0537410 -1.6015400 0.0320677 -0.4123440 -0.1874870 0.8909510
4.833333 0.1608190 -0.0547283 -1.5948700 0.0326389 -0.4197270 -0.1867190 0.8876370
4.866667 0.1579690 -0.0520391 -1.5892900 0.0341051 -0.4270090 -0.1863920 0.8841710
4.900000 0.1545940 -0.0500715 -1.5841500 0.0339835 -0.4336220 -0.1869770 0.8808270
4.933333 0.1509420 -0.0501587 -1.5779200 0.0332881 -0.4405000 -0.1875480 0.8773130
4.966667 0.1473390 -0.0497050 -1.5709500 0.0329398 -0.4473520 -0.1880390 0.8737460
5.000000 0.1431110 -0.0495129 -1.5648200 0.0326971 -0.4536640 -0.1884680 0.8704020
5.033333 0.1389910 -0.0491693 -1.5582300 0.0327054 -0.4601060 -0.1883540 0.8670380
5.066667 0.1348120 -0.0487323 -1.5504400 0.0332985 -0.4670720 -0.1882980 0.8632950
5.100000 0.1301850 -0.0477579 -1.5435700 0.0340155 -0.4735550 -0.1883520 0.8597170
5.133333 0.1250300 -0.0475428 -1.5367000 0.0343701 -0.4794080 -0.1885780 0.8564030
5.166667 0.1148220 -0.0453610 -1.5223800 0.0341564 -0.4894750 -0.1883110 0.8507570
5.200000 0.1097660 -0.0454130 -1.5145700 0.0332364 -0.4953030 -0.1882550 0.8474260
5.233333 0.1044520 -0.0443375 -1.5076400 0.0330921 -0.5012130 -0.1882900 0.8439420
5.266667 0.0985003 -0.0440226 -1.5008200 0.0324376 -0.5070810 -0.1893790 0.8402100
5.300000 0.0928588 -0.0446866 -1.4936000 0.0320086 -0.5128500 -0.1902520 0.8365200
5.333333 0.0868249 -0.0449221 -1.4870600 0.0324871 -0.5185600 -0.1915780 0.8326690
5.366667 0.0804696 -0.0445988 -1.4809000 0.0324098 -0.5236780 -0.1935900 0.8289950
5.400000 0.0748715 -0.0449169 -1.4750400 0.0314701 -0.5287540 -0.1950170 0.8254680
5.433333 0.0692606 -0.0452526 -1.4685300 0.0310808 -0.5347030 -0.1957850 0.8214590
5.466667 0.0634322 -0.0449679 -1.4618600 0.0306153 -0.5407750 -0.1970110 0.8171980
5.500000 0.0581141 -0.0449550 -1.4557600 0.0294681 -0.5464650 -0.1977560 0.8132650
5.533333 0.0525775 -0.0463686 -1.4484700 0.0287236 -0.5523840 -0.1974270 0.8093630
5.566667 0.0472474 -0.0447292 -1.4433600 0.0290703 -0.5578080 -0.1974920 0.8056060
5.600000 0.0419340 -0.0443299 -1.4383400 0.0280214 -0.5628330 -0.1984300 0.8019100
5.633333 0.0376973 -0.0440588 -1.4324900 0.0276804 -0.5681480 -0.1982930 0.7981990
5.666667 0.0337367 -0.0418303 -1.4274000 0.0278084 -0.5736840 -0.1981240 0.7942670
5.700000 0.0293369 -0.0401156 -1.4235900 0.0263949 -0.5789230 -0.1984660 0.7904190
5.733333 0.0256476 -0.0384927 -1.4201500 0.0242180 -0.5839640 -0.1982620 0.7868240
5.766667 0.0223522 -0.0368187 -1.4164200 0.0223881 -0.5895520 -0.1969800 0.7830240
5.800000 0.0188951 -0.0348840 -1.4124500 0.0206448 -0.5956450 -0.1955500 0.7788080
5.833333 0.0155463 -0.0331748 -1.4101400 0.0186027 -0.6012670 -0.1942940 0.7748430
5.866667 0.0129051 -0.0310729 -1.4069900 0.0167822 -0.6074780 -0.1926200 0.7704460
5.900000 0.0102859 -0.0290830 -1.4043800 0.0149155 -0.6138150 -0.1916000 0.7657010
5.933333 0.0079794 -0.0277629 -1.4016200 0.0132887 -0.6201170 -0.1905280 0.7609050
5.966667 0.0058451 -0.0260315 -1.3986100 0.0119959 -0.6266050 -0.1888540 0.7560140
6.000000 0.0033860 -0.0246849 -1.3969200 0.0102581 -0.6328360 -0.1873540 0.7512070
6.033333 0.0010920 -0.0237579 -1.3952000 0.0085538 -0.6390860 -0.1858610 0.7462920
6.066667 -0.0009689 -0.0225136 -1.3944700 0.0075587 -0.6455850 -0.1842310 0.7410950
6.100000 -0.0050478 -0.0203645 -1.3923700 0.0055581 -0.6593620 -0.1816170 0.7295380
6.133333 -0.0069222 -0.0194213 -1.3915600 0.0059609 -0.6666170 -0.1801810 0.7232720
6.166667 -0.0095239 -0.0184102 -1.3883200 0.0058771 -0.6735010 -0.1795060 0.7170350
6.200000 -0.0115309 -0.0181060 -1.3841200 0.0051759 -0.6799970 -0.1800140 0.7107550
6.233333 -0.0131383 -0.0175109 -1.3797600 0.0044524 -0.6863280 -0.1803850 0.7045540
6.266667 -0.0146093 -0.0168357 -1.3753100 0.0030451 -0.6923460 -0.1818310 0.6982730
6.300000 -0.0155277 -0.0175998 -1.3704500 0.0018552 -0.6982390 -0.1839640 0.6918210
6.333333 -0.0155263 -0.0175354 -1.3660300 0.0031455 -0.7044560 -0.1849760 0.6852120
6.366667 -0.0161533 -0.0171168 -1.3603600 0.0046529 -0.7107110 -0.1853690 0.6786060
6.400000 -0.0169535 -0.0171406 -1.3554200 0.0045340 -0.7162890 -0.1864080 0.6724290
6.433333 -0.0172801 -0.0172064 -1.3510400 0.0040565 -0.7215490 -0.1873140 0.6665320
6.466667 -0.0173578 -0.0169146 -1.3473100 0.0038816 -0.7268700 -0.1874690 0.6606820
6.500000 -0.0175838 -0.0163035 -1.3441000 0.0034789 -0.7318900 -0.1873990 0.6551390
6.533333 -0.0176177 -0.0153039 -1.3410800 0.0026953 -0.7367340 -0.1871650 0.6497580
6.566667 -0.0176363 -0.0149939 -1.3378700 0.0017966 -0.7417250 -0.1872980 0.6440190
6.600000 -0.0174389 -0.0142798 -1.3364900 0.0014406 -0.7463990 -0.1868610 0.6387250
6.633333 -0.0173893 -0.0132613 -1.3338300 0.0008884 -0.7509720 -0.1860070 0.6335940
6.666667 -0.0176415 -0.0127332 -1.3312300 -0.0004871 -0.7553900 -0.1855620 0.6284530
6.700000 -0.0174084 -0.0122197 -1.3300200 -0.0014442 -0.7598130 -0.1849380 0.6232820
6.733333 -0.0177059 -0.0122459 -1.3289200 -0.0019599 -0.7641070 -0.1841240 0.6182510
6.766667 -0.0179543 -0.0122600 -1.3271900 -0.0023713 -0.7684520 -0.1830130 0.6131740
6.800000 -0.0183291 -0.0124443 -1.3254500 -0.0026206 -0.7725950 -0.1817640 0.6083190
6.833333 -0.0189199 -0.0131533 -1.3250900 -0.0031848 -0.7766200 -0.1804910 0.6035510
6.866667 -0.0192046 -0.0133705 -1.3241300 -0.0032511 -0.7809570 -0.1783500 0.5985700
6.900000 -0.0197921 -0.0132990 -1.3238400 -0.0030423 -0.7850380 -0.1760240 0.5939040
6.933333 -0.0204129 -0.0127091 -1.3240000 -0.0037547 -0.7888700 -0.1738220 0.5894530
6.966667 -0.0213284 -0.0127969 -1.3235700 -0.0050735 -0.7925380 -0.1725960 0.5848660
7.000000 -0.0218544 -0.0129485 -1.3241500 -0.0062645 -0.7959620 -0.1716720 0.5804600
7.033333 -0.0224023 -0.0134237 -1.3259500 -0.0074336 -0.7992630 -0.1704150 0.5762650
7.066667 -0.0228095 -0.0131164 -1.3270400 -0.0084058 -0.8027260 -0.1686660 0.5719380
7.100000 -0.0232019 -0.0130222 -1.3288400 -0.0093076 -0.8057900 -0.1674060 0.5679710
7.133333 -0.0239286 -0.0139463 -1.3303900 -0.0101456 -0.8086180 -0.1663940 0.5642230
7.166667 -0.0246038 -0.0146017 -1.3322600 -0.0104817 -0.8114950 -0.1647540 0.5605560
7.200000 -0.0255237 -0.0153868 -1.3339300 -0.0108073 -0.8145560 -0.1629750 0.5566160
7.233333 -0.0262966 -0.0162516 -1.3358300 -0.0111872 -0.8176700 -0.1610200 0.5525970
7.266667 -0.0270915 -0.0172861 -1.3373800 -0.0113072 -0.8206610 -0.1590900 0.5487060
7.300000 -0.0278559 -0.0182531 -1.3395200 -0.0109375 -0.8236890 -0.1572660 0.5446880
7.333333 -0.0285244 -0.0186675 -1.3410100 -0.0100776 -0.8265510 -0.1552550 0.5409320
7.366667 -0.0294700 -0.0198030 -1.3430600 -0.0087737 -0.8291740 -0.1535940 0.5374030
7.400000 -0.0307922 -0.0213704 -1.3455900 -0.0075664 -0.8315260 -0.1516350 0.5343350
7.433333 -0.0320268 -0.0218174 -1.3478400 -0.0071049 -0.8338940 -0.1491990 0.5313280
7.466667 -0.0334859 -0.0233054 -1.3507500 -0.0072897 -0.8363520 -0.1469670 0.5280750
7.500000 -0.0348043 -0.0241745 -1.3536300 -0.0069455 -0.8390980 -0.1444920 0.5243930
7.533333 -0.0364752 -0.0251427 -1.3564700 -0.0068046 -0.8417650 -0.1422940 0.5207090
7.566667 -0.0379887 -0.0262115 -1.3593100 -0.0062528 -0.8443170 -0.1397820 0.5172540
7.600000 -0.0395737 -0.0261915 -1.3625800 -0.0058098 -0.8464280 -0.1371650 0.5145020
7.633333 -0.0413089 -0.0270815 -1.3660600 -0.0060432 -0.8481920 -0.1351420 0.5121230
7.666667 -0.0433149 -0.0285215 -1.3697200 -0.0063346 -0.8501920 -0.1329350 0.5093730
7.700000 -0.0452685 -0.0299110 -1.3731600 -0.0059632 -0.8521360 -0.1305880 0.5067310
7.733333 -0.0474620 -0.0311377 -1.3757800 -0.0049382 -0.8540510 -0.1279750 0.5041770
7.766667 -0.0496106 -0.0322502 -1.3800900 -0.0036443 -0.8556190 -0.1253090 0.5021950
7.800000 -0.0518079 -0.0330195 -1.3833700 -0.0022773 -0.8569310 -0.1231300 0.5005030
7.833333 -0.0542531 -0.0346007 -1.3872000 0.0005978 0.8580540 0.1212590 -0.4990380
7.866667 -0.0568757 -0.0357001 -1.3907200 -0.0003788 0.8590800 0.1191420 -0.4977830
7.900000 -0.0629034 -0.0411131 -1.3988300 -0.0034626 0.8610340 0.1153360 -0.4952840
7.933333 -0.0661435 -0.0434442 -1.4028800 -0.0053108 0.8622330 0.1125850 -0.4938120
7.966667 -0.0697293 -0.0473974 -1.4074700 -0.0075054 0.8635560 0.1098580 -0.4920840
8.000000 -0.0732837 -0.0498266 -1.4109800 -0.0098685 0.8649420 0.1061110 -0.4904270
8.033333 -0.0768442 -0.0519464 -1.4147000 -0.0123797 0.8662510 0.1022400 -0.4888800
8.066667 -0.0802841 -0.0542810 -1.4198600 -0.0145744 0.8671950 0.0986527 -0.4878810
8.100000 -0.0840387 -0.0569925 -1.4241400 -0.0164202 0.8680850 0.0951157 -0.4869420
8.133333 -0.0873632 -0.0583653 -1.4287300 -0.0174434 0.8687570 0.0917797 -0.4863460
8.166667 -0.0910931 -0.0608399 -1.4338300 -0.0174511 0.8696120 0.0889500 -0.4853430
8.200000 -0.0947566 -0.0638931 -1.4386200 -0.0178360 0.8706160 0.0857727 -0.4840990
8.233333 -0.0984116 -0.0666292 -1.4444000 -0.0185119 0.8716340 0.0822670 -0.4828500
8.266667 -0.1016060 -0.0685644 -1.4498600 -0.0198194 0.8725600 0.0786628 -0.4817240
8.300000 -0.1050220 -0.0710480 -1.4548400 -0.0207413 0.8734800 0.0752837 -0.4805570
8.333333 -0.1087040 -0.0748734 -1.4602800 -0.0217323 0.8746080 0.0719017 -0.4789770
8.366667 -0.1121120 -0.0777490 -1.4659600 -0.0232850 0.8759770 0.0680951 -0.4769540
8.400000 -0.1151270 -0.0806961 -1.4719700 -0.0252434 0.8772900 0.0649024 -0.4748820
8.433333 -0.1185290 -0.0839920 -1.4775200 -0.0272582 0.8787460 0.0617078 -0.4724980
8.466667 -0.1220550 -0.0866263 -1.4827200 -0.0295773 0.8801710 0.0580835 -0.4701600
8.500000 -0.1251370 -0.0891016 -1.4879600 -0.0318270 0.8814790 0.0546205 -0.4679720
8.533333 -0.1285050 -0.0920463 -1.4931200 -0.0338665 0.8828800 0.0511704 -0.4655720
8.566667 -0.1313410 -0.0945926 -1.4987100 -0.0357787 0.8841620 0.0486737 -0.4632580
8.600000 -0.1344580 -0.0969985 -1.5041800 -0.0368494 0.8854380 0.0466478 -0.4609390
8.633333 -0.1378730 -0.1002830 -1.5093500 -0.0378104 0.8869530 0.0439356 -0.4582080
8.666667 -0.1408270 -0.1021790 -1.5147600 -0.0395860 0.8885700 0.0407489 -0.4552090
8.700000 -0.1437510 -0.1040450 -1.5203400 -0.0411763 0.8899600 0.0382612 -0.4525610
8.733333 -0.1469270 -0.1065300 -1.5257100 -0.0422805 0.8914650 0.0363375 -0.4496460
8.766667 -0.1502790 -0.1088860 -1.5313800 -0.0431655 0.8932160 0.0342373 -0.4462400
8.800000 -0.1534550 -0.1092890 -1.5359700 -0.0447592 0.8950750 0.0312912 -0.4425590
8.833333 -0.1561280 -0.1103250 -1.5414400 -0.0466230 0.8965820 0.0293906 -0.4394350
8.866667 -0.1592610 -0.1123810 -1.5472500 -0.0475019 0.8979610 0.0286229 -0.4365670
8.900000 -0.1623130 -0.1134280 -1.5532200 -0.0485142 0.8995190 0.0272393 -0.4333240
8.933333 -0.1654350 -0.1139610 -1.5579300 -0.0500774 0.9010460 0.0253729 -0.4300750
8.966667 -0.1683570 -0.1146870 -1.5635200 -0.0519253 0.9022210 0.0231506 -0.4275110
9.000000 -0.1706420 -0.1162490 -1.5707300 -0.0528771 0.9032130 0.0215021 -0.4253800
9.033333 -0.1738350 -0.1177550 -1.5764300 -0.0529184 0.9045480 0.0204883 -0.4225780
9.066667 -0.1768940 -0.1187830 -1.5828200 -0.0529402 0.9061050 0.0183279 -0.4193270
9.100000 -0.1799700 -0.1189800 -1.5882900 -0.0535153 0.9077270 0.0164489 -0.4158090
9.133333 -0.1818830 -0.1186290 -1.5947900 -0.0540474 0.9090550 0.0154127 -0.4128680
9.166667 -0.1846870 -0.1186170 -1.6005800 -0.0544870 0.9104710 0.0145665 -0.4097080
9.200000 -0.1877410 -0.1186610 -1.6057500 -0.0551085 0.9118350 0.0131842 -0.4066280
9.233333 -0.1904440 -0.1186370 -1.6112600 -0.0563201 0.9130140 0.0116424 -0.4038540
9.266667 -0.1927860 -0.1181430 -1.6167800 -0.0573099 0.9140750 0.0107618 -0.4013320
9.300000 -0.1954210 -0.1192090 -1.6225300 -0.0574698 0.9151010 0.0104108 -0.3989730
9.333333 -0.1980790 -0.1197050 -1.6279500 -0.0576786 0.9163010 0.0097459 -0.3961960
9.366667 -0.2011010 -0.1203710 -1.6336100 -0.0578282 0.9177290 0.0091525 -0.3928680
9.400000 -0.2043250 -0.1210660 -1.6389600 -0.0581263 0.9193690 0.0088160 -0.3889790
9.433333 -0.2072020 -0.1211510 -1.6441000 -0.0577677 0.9211270 0.0087738 -0.3848520
9.466667 -0.2107320 -0.1213280 -1.6500100 -0.0575273 0.9230010 0.0089908 -0.3803680
9.500000 -0.2140210 -0.1209570 -1.6564200 -0.0572488 0.9248350 0.0092465 -0.3759220
9.533333 -0.2177010 -0.1201820 -1.6620200 -0.0562570 0.9266730 0.0094422 -0.3715140
9.566667 -0.2214180 -0.1193210 -1.6687100 -0.0548678 0.9285720 0.0094599 -0.3669520
9.600000 -0.2274140 -0.1179020 -1.6731900 -0.0527897 0.9306390 0.0099580 -0.3619740
9.633333 -0.2322230 -0.1167000 -1.6797300 -0.0508406 0.9324560 0.0102768 -0.3575410
9.666667 -0.2373980 -0.1152250 -1.6855100 -0.0490592 0.9342850 0.0094872 -0.3530070
9.700000 -0.2430060 -0.1125980 -1.6906000 -0.0479565 0.9360720 0.0095462 -0.3483940
9.733333 -0.2486620 -0.1103920 -1.6959500 -0.0467079 0.9376550 0.0108620 -0.3442430
9.766667 -0.2552680 -0.1095680 -1.7023300 -0.0446931 0.9391830 0.0112703 -0.3403110
9.800000 -0.2623260 -0.1088210 -1.7076500 -0.0433367 0.9407220 0.0107865 -0.3362260
9.833333 -0.2694870 -0.1077330 -1.7128600 -0.0424037 0.9422430 0.0105979 -0.3320660
9.866667 -0.2767720 -0.1067850 -1.7178200 -0.0419901 0.9437040 0.0107421 -0.3279410
9.900000 -0.2839630 -0.1058270 -1.7230900 -0.0417843 0.9450600 0.0118441 -0.3239990
9.933333 -0.2920780 -0.1059470 -1.7279800 -0.0406943 0.9464820 0.0132671 -0.3199050
9.966667 -0.3001020 -0.1046990 -1.7331300 -0.0393501 0.9479450 0.0141524 -0.3156760
10.000000 -0.3082160 -0.1047210 -1.7383500 -0.0378510 0.9493180 0.0154624 -0.3116480
10.033333 -0.3167500 -0.1053020 -1.7434500 -0.0359075 0.9507140 0.0165856 -0.3075370
10.066667 -0.3247990 -0.1047860 -1.7490600 -0.0348216 0.9521200 0.0175139 -0.3032300
10.100000 -0.3331690 -0.1038460 -1.7538200 -0.0345455 0.9534650 0.0187539 -0.2989300
10.133333 -0.3417120 -0.1047490 -1.7594500 -0.0345442 0.9547940 0.0202474 -0.2945580
10.166667 -0.3505380 -0.1055500 -1.7643500 -0.0348654 0.9562530 0.0210850 -0.2896880
10.200000 -0.3589230 -0.1055020 -1.7697500 -0.0355685 0.9576520 0.0212561 -0.2849310
10.233333 -0.3669870 -0.1034800 -1.7740400 -0.0366249 0.9589140 0.0216459 -0.2804880
10.266667 -0.3752980 -0.1023100 -1.7786400 -0.0371497 0.9601350 0.0229533 -0.2761060
10.300000 -0.3838910 -0.1026710 -1.7836300 -0.0373492 0.9613630 0.0243444 -0.2716510
10.333333 -0.3933780 -0.1024760 -1.7870200 -0.0372629 0.9626960 0.0246046 -0.2668740
10.366667 -0.4014840 -0.1007840 -1.7910100 -0.0372578 0.9639880 0.0248454 -0.2621470
10.400000 -0.4095270 -0.0995724 -1.7950200 -0.0364504 0.9653300 0.0254850 -0.2572170
10.433333 -0.4187490 -0.0981767 -1.7981400 -0.0353150 0.9668430 0.0258034 -0.2515990
10.466667 -0.4267030 -0.0946014 -1.8011200 -0.0344800 0.9682960 0.0264837 -0.2459910
10.500000 -0.4351610 -0.0920446 -1.8037700 -0.0343785 0.9696510 0.0276003 -0.2404850
10.533333 -0.4422250 -0.0888207 -1.8070000 -0.0347110 0.9707050 0.0287805 -0.2360040
10.566667 -0.4492820 -0.0861750 -1.8095700 -0.0344694 0.9716070 0.0308829 -0.2320290
10.600000 -0.4559240 -0.0850043 -1.8137200 -0.0337087 0.9724060 0.0326251 -0.2285300
10.633333 -0.4627000 -0.0840232 -1.8176500 -0.0326444 0.9732110 0.0332776 -0.2251380
10.666667 -0.4680610 -0.0813134 -1.8219100 -0.0315758 0.9739350 0.0336266 -0.2220870
10.700000 -0.4734310 -0.0769103 -1.8252400 -0.0305985 0.9745610 0.0344990 -0.2193250
10.733333 -0.4792960 -0.0755906 -1.8295400 -0.0291690 0.9751520 0.0360534 -0.2166290
10.766667 -0.4849590 -0.0736940 -1.8346300 -0.0282491 0.9758400 0.0370736 -0.2134580
10.800000 -0.4903190 -0.0706153 -1.8392400 -0.0278835 0.9765480 0.0379151 -0.2100910
10.833333 -0.4947450 -0.0674188 -1.8442100 -0.0275322 0.9771530 0.0391122 -0.2070860
10.866667 -0.5004090 -0.0653520 -1.8496200 -0.0270544 0.9777320 0.0403934 -0.2041500
10.900000 -0.5054350 -0.0630238 -1.8542100 -0.0264742 0.9781440 0.0412964 -0.2020610
10.933333 -0.5103290 -0.0603693 -1.8598200 -0.0258976 0.9784060 0.0424278 -0.2006270
10.966667 -0.5150380 -0.0575442 -1.8653700 -0.0250469 0.9786110 0.0435150 -0.1994980
11.000000 -0.5196190 -0.0555518 -1.8717900 -0.0243306 0.9788190 0.0446528 -0.1983090
11.033333 -0.5241350 -0.0526586 -1.8778800 -0.0238520 0.9790170 0.0458734 -0.1971110
11.066667 -0.5282210 -0.0516818 -1.8858800 -0.0234388 0.9791300 0.0474458 -0.1962260
11.100000 -0.5329420 -0.0503030 -1.8933200 -0.0235867 0.9792670 0.0485213 -0.1952580
11.133333 -0.5369550 -0.0446594 -1.8992000 -0.0242818 0.9792990 0.0496888 -0.1947170
11.166667 -0.5408950 -0.0441837 -1.9075900 -0.0241907 0.9791180 0.0528119 -0.1948190
11.200000 -0.5451030 -0.0451760 -1.9186300 -0.0240975 0.9790540 0.0552403 -0.1944750
11.233333 -0.5493010 -0.0438285 -1.9263800 -0.0241452 0.9791350 0.0569509 -0.1935700
11.266667 -0.5537650 -0.0446646 -1.9353600 -0.0239106 0.9793030 0.0587752 -0.1921970
11.300000 -0.5582080 -0.0457213 -1.9445600 -0.0233615 0.9795280 0.0595654 -0.1908680
11.333333 -0.5626300 -0.0456655 -1.9528500 -0.0228462 0.9798170 0.0595470 -0.1894500
11.366667 -0.5668490 -0.0442803 -1.9614600 -0.0232157 0.9800800 0.0594833 -0.1880580
11.400000 -0.5703340 -0.0417347 -1.9697000 -0.0237091 0.9801530 0.0598262 -0.1875050
11.433333 -0.5737060 -0.0412865 -1.9803400 -0.0234912 0.9801460 0.0612466 -0.1871140
11.466667 -0.5770460 -0.0417471 -1.9905700 -0.0229869 0.9802290 0.0624609 -0.1863370
11.500000 -0.5803800 -0.0413444 -1.9996500 -0.0229961 0.9804000 0.0628133 -0.1853170
11.533333 -0.5836090 -0.0399826 -2.0090900 -0.0228976 0.9805390 0.0627239 -0.1846220
11.566667 -0.5867320 -0.0381160 -2.0171200 -0.0228233 0.9805830 0.0630591 -0.1842790
11.600000 -0.5897250 -0.0361931 -2.0262100 -0.0221025 0.9805500 0.0637461 -0.1843070
11.633333 -0.5919310 -0.0343750 -2.0365200 -0.0212260 0.9804780 0.0647297 -0.1844530
11.666667 -0.5943710 -0.0318513 -2.0453500 -0.0202205 0.9804400 0.0656365 -0.1844450
11.700000 -0.5969260 -0.0300117 -2.0552400 -0.0191820 0.9804130 0.0669784 -0.1842190
11.733333 -0.5992850 -0.0284286 -2.0642400 -0.0182270 0.9804150 0.0681762 -0.1838630
11.766667 -0.6025200 -0.0285673 -2.0736800 -0.0171344 0.9805280 0.0689963 -0.1830610
11.800000 -0.6049010 -0.0275111 -2.0815000 -0.0164289 0.9807060 0.0688122 -0.1822360
11.833333 -0.6072110 -0.0263772 -2.0901600 -0.0156106 0.9809230 0.0686677 -0.1811950
11.866667 -0.6098700 -0.0264742 -2.0990200 -0.0141971 0.9812670 0.0684937 -0.1795060
11.900000 -0.6132050 -0.0262048 -2.1061200 -0.0131087 0.9817560 0.0675307 -0.1772680
11.933333 -0.6147340 -0.0224397 -2.1142000 -0.0127594 0.9821870 0.0662682 -0.1753690
11.966667 -0.6149100 -0.0187726 -2.1215300 -0.0120603 0.9824910 0.0668227 -0.1734970
12.000000 -0.6167610 -0.0177655 -2.1290200 -0.0107588 0.9828850 0.0684695 -0.1706840
12.033333 -0.6184370 -0.0170345 -2.1384400 -0.0099783 0.9834500 0.0692980 -0.1671080
12.066667 -0.6202460 -0.0141158 -2.1452700 -0.0097261 0.9841010 0.0696969 -0.1630710
12.100000 -0.6209090 -0.0123210 -2.1533000 -0.0098250 0.9846530 0.0708499 -0.1591900
12.133333 -0.6234650 -0.0133569 -2.1617800 -0.0097016 0.9852120 0.0716908 -0.1553150
12.166667 -0.6254150 -0.0130928 -2.1701100 -0.0101407 0.9858330 0.0707732 -0.1517310
12.200000 -0.6255100 -0.0085564 -2.1776200 -0.0109782 0.9864180 0.0697462 -0.1483050
12.233333 -0.6264250 -0.0062213 -2.1856800 -0.0110768 0.9869710 0.0707592 -0.1440780
12.266667 -0.6281350 -0.0055649 -2.1933200 -0.0112175 0.9875720 0.0717497 -0.1393860
12.300000 -0.6299410 -0.0060582 -2.2009800 -0.0113328 0.9881940 0.0722650 -0.1346170
12.333333 -0.6324110 -0.0072575 -2.2105000 -0.0111056 0.9888870 0.0720475 -0.1295700
12.366667 -0.6335980 -0.0063984 -2.2203700 -0.0108348 0.9896200 0.0708209 -0.1245780
12.400000 -0.6350670 -0.0070083 -2.2298700 -0.0102765 0.9903400 0.0696367 -0.1194660
12.433333 -0.6378990 -0.0075622 -2.2379700 -0.0098421 0.9910950 0.0675764 -0.1143080
12.466667 -0.6397320 -0.0032015 -2.2442300 -0.0095649 0.9918190 0.0649893 -0.1094530
12.500000 -0.6414590 -0.0008349 -2.2521100 -0.0087218 0.9923270 0.0641411 -0.1053440
12.533333 -0.6448250 -0.0035398 -2.2605300 -0.0073083 0.9927450 0.0638282 -0.1016360
12.566667 -0.6456910 -0.0012581 -2.2695400 -0.0061061 0.9932450 0.0614316 -0.0982532
12.600000 -0.6474200 0.0027084 -2.2773400 -0.0057243 0.9937290 0.0599680 -0.0942022
12.633333 -0.6498400 0.0027590 -2.2871600 -0.0055493 0.9941370 0.0601012 -0.0897163
12.666667 -0.6527890 0.0033181 -2.2943100 -0.0054207 0.9945490 0.0595264 -0.0854383
12.700000 -0.6543430 0.0053275 -2.3041100 -0.0046070 0.9948570 0.0589977 -0.0822087
12.733333 -0.6570520 0.0055058 -2.3115300 -0.0031697 0.9951460 0.0588994 -0.0787781
12.766667 -0.6611380 0.0054100 -2.3204200 -0.0018133 0.9954790 0.0584778 -0.0748236
12.800000 -0.6653870 0.0049674 -2.3282900 -0.0006859 0.9957900 0.0577184 -0.0711999
12.833333 -0.6674910 0.0053082 -2.3378900 0.0001397 0.9960500 0.0570915 -0.0680083
12.866667 -0.6709270 0.0042911 -2.3469500 0.0007462 0.9963040 0.0567906 -0.0644336
12.900000 -0.6761040 0.0024912 -2.3542000 0.0012730 0.9965970 0.0557858 -0.0606699
12.933333 -0.6791140 0.0018532 -2.3636100 0.0011648 0.9968620 0.0542779 -0.0576121
12.966667 -0.6840270 0.0013418 -2.3712300 0.0009968 0.9970920 0.0530397 -0.0547125
13.000000 -0.6892630 -0.0014908 -2.3794000 0.0011761 0.9972730 0.0521953 -0.0521595
13.033333 -0.6936580 -0.0028553 -2.3878900 0.0010291 0.9974780 0.0503729 -0.0499998
13.066667 -0.6968180 -0.0032389 -2.3958500 0.0014450 0.9976260 0.0487504 -0.0486157
13.100000 -0.7010360 -0.0043411 -2.4036300 0.0020348 0.9977680 0.0473667 -0.0470249
13.133333 -0.7074180 -0.0064559 -2.4126200 0.0029422 0.9978980 0.0462058 -0.0453356
13.166667 -0.7102520 -0.0087352 -2.4221300 0.0034405 0.9979880 0.0447906 -0.0447471
13.200000 -0.7145800 -0.0103841 -2.4290600 0.0036834 0.9981340 0.0427030 -0.0434994
13.233333 -0.7187200 -0.0082276 -2.4372100 0.0036101 0.9983040 0.0402773 -0.0418773
13.266667 -0.7222080 -0.0074487 -2.4444600 0.0030657 0.9984190 0.0391991 -0.0401740
13.300000 -0.7264310 -0.0109441 -2.4532100 0.0028490 0.9985300 0.0386915 -0.0378447
13.333333 -0.7295200 -0.0109172 -2.4608900 0.0026911 0.9987020 0.0365778 -0.0353329
13.366667 -0.7334480 -0.0116589 -2.4683100 0.0022306 0.9988510 0.0350900 -0.0325779
13.400000 -0.7370980 -0.0135007 -2.4760600 0.0023439 0.9989890 0.0331739 -0.0302324
13.433333 -0.7380470 -0.0145881 -2.4848200 0.0025695 0.9991400 0.0304133 -0.0280775
13.466667 -0.7415550 -0.0132046 -2.4906400 0.0019847 0.9993070 0.0273796 -0.0251454
13.500000 -0.7437740 -0.0176504 -2.4991400 0.0006863 0.9993940 0.0259990 -0.0231329
13.533333 -0.7467060 -0.0177174 -2.5049700 0.0000438 0.9995000 0.0232005 -0.0214646
13.566667 -0.7480850 -0.0177886 -2.5119800 -0.0001638 0.9995810 0.0210393 -0.0198986
13.600000 -0.7500710 -0.0175693 -2.5188700 -0.0001823 0.9996400 0.0198866 -0.0179983
13.633333 -0.7512530 -0.0209527 -2.5262700 0.0003878 0.9996850 0.0191650 -0.0161881
13.666667 -0.7524250 -0.0220737 -2.5331400 0.0008111 0.9997550 0.0168959 -0.0142571
13.700000 -0.7540940 -0.0237060 -2.5404800 0.0006281 0.9998110 0.0146962 -0.0127520
13.733333 -0.7563390 -0.0236759 -2.5471600 0.0007069 0.9998510 0.0130224 -0.0113526
13.766667 -0.7571830 -0.0238183 -2.5543100 0.0012434 0.9998780 0.0120098 -0.0099421
13.800000 -0.7581470 -0.0261443 -2.5628000 0.0024111 0.9998930 0.0116531 -0.0084761
13.833333 -0.7593890 -0.0259666 -2.5699200 0.0039668 0.9999140 0.0105404 -0.0066693
13.866667 -0.7618270 -0.0273209 -2.5780700 0.0058345 0.9999310 0.0093213 -0.0041326
13.900000 -0.7650510 -0.0299454 -2.5864500 0.0068251 0.9999470 0.0075957 -0.0013038
13.933333 -0.7663720 -0.0334342 -2.5957800 0.0069391 0.9999630 0.0050017 0.0007288
13.966667 -0.7665260 -0.0325201 -2.6039300 0.0064521 0.9999750 0.0018195 0.0022078
14.000000 -0.7680190 -0.0341094 -2.6132700 0.0059964 0.9999770 0.0003020 0.0032912
14.033333 -0.7665640 -0.0359902 -2.6224800 0.0057248 0.9999780 -0.0010637 0.0033011
14.066667 -0.7692620 -0.0373857 -2.6309600 0.0054798 0.9999760 -0.0024229 0.0036033
14.100000 -0.7701370 -0.0402069 -2.6409100 0.0052460 0.9999750 -0.0037419 0.0030073
14.133333 -0.7691670 -0.0404787 -2.6507500 0.0044336 0.9999660 -0.0066441 0.0018503
14.166667 -0.7684890 -0.0402586 -2.6600100 0.0028341 0.9999600 -0.0084308 0.0004566
14.200000 -0.7686000 -0.0386770 -2.6688700 0.0011609 0.9999580 -0.0089862 -0.0009973
14.233333 -0.7634110 -0.0402741 -2.6796900 -0.0004130 0.9999530 -0.0090788 -0.0034677
14.266667 -0.7618220 -0.0401971 -2.6898200 -0.0017429 0.9999390 -0.0096934 -0.0049043
14.300000 -0.7631950 -0.0405171 -2.6993800 -0.0026197 0.9999310 -0.0100075 -0.0055221
14.333333 -0.7617720 -0.0425448 -2.7108400 -0.0025813 0.9999230 -0.0101402 -0.0066451
14.366667 -0.7613970 -0.0432754 -2.7203800 -0.0022127 0.9999080 -0.0113771 -0.0070412
14.400000 -0.7618720 -0.0435686 -2.7310800 -0.0021266 0.9998860 -0.0129693 -0.0074705
14.433333 -0.7607860 -0.0440605 -2.7409400 -0.0016321 0.9998610 -0.0140155 -0.0088274
14.466667 -0.7612480 -0.0477567 -2.7522900 -0.0006334 0.9998500 -0.0145932 -0.0093381
14.500000 -0.7586650 -0.0483317 -2.7625900 -0.0003716 0.9998050 -0.0169948 -0.0100268
14.533333 -0.7564740 -0.0485618 -2.7717000 -0.0011769 0.9997420 -0.0198752 -0.0109046
14.566667 -0.7527640 -0.0490072 -2.7820200 -0.0025471 0.9996890 -0.0214826 -0.0123843
14.600000 -0.7454780 -0.0499327 -2.7919100 -0.0043217 0.9996220 -0.0232286 -0.0140405
14.633333 -0.7434690 -0.0502422 -2.8005100 -0.0054995 0.9995510 -0.0254250 -0.0148858
14.666667 -0.7412260 -0.0515406 -2.8090300 -0.0066860 0.9994660 -0.0275981 -0.0161844
14.700000 -0.7405560 -0.0498793 -2.8175900 -0.0071278 0.9993690 -0.0301977 -0.0172888
14.733333 -0.7398610 -0.0475535 -2.8249500 -0.0074468 0.9992810 -0.0322267 -0.0185585
14.766667 -0.7392800 -0.0468302 -2.8332600 -0.0073342 0.9992190 -0.0332476 -0.0200638
14.800000 -0.7394480 -0.0487592 -2.8423200 -0.0069549 0.9992050 -0.0331756 -0.0209621
14.833333 -0.7394430 -0.0486772 -2.8511500 -0.0071055 0.9992150 -0.0327028 -0.0211987
14.866667 -0.7397170 -0.0498827 -2.8593000 -0.0071144 0.9992510 -0.0316167 -0.0211311
14.900000 -0.7384410 -0.0495193 -2.8674100 -0.0071655 0.9992200 -0.0322894 -0.0215940
14.933333 -0.7366680 -0.0457222 -2.8742400 -0.0077310 0.9991690 -0.0333245 -0.0221498
14.966667 -0.7378220 -0.0477347 -2.8909000 -0.0061019 0.9991820 -0.0329776 -0.0226110
15.000000 -0.7374730 -0.0461597 -2.8988800 -0.0052290 0.9990960 -0.0352561 -0.0231498
15.033333 -0.7385860 -0.0416098 -2.9054000 -0.0046486 0.9990030 -0.0375741 -0.0236600
15.066667 -0.7388810 -0.0390232 -2.9126600 -0.0038389 0.9988940 -0.0397131 -0.0248716
15.100000 -0.7404070 -0.0401516 -2.9218300 -0.0035433 0.9988220 -0.0409613 -0.0257766
15.133333 -0.7421640 -0.0433612 -2.9316600 -0.0028908 0.9988170 -0.0406937 -0.0264477
15.166667 -0.7437100 -0.0459292 -2.9407200 -0.0023820 0.9987910 -0.0411463 -0.0267868
15.200000 -0.7452290 -0.0444133 -2.9485200 -0.0026344 0.9986920 -0.0431851 -0.0272617
15.233333 -0.7477660 -0.0462413 -2.9577000 -0.0023310 0.9986190 -0.0446410 -0.0276013
15.266667 -0.7510160 -0.0460460 -2.9661700 -0.0022005 0.9984980 -0.0475269 -0.0271755
15.300000 -0.7517870 -0.0459955 -2.9756400 -0.0031191 0.9983940 -0.0497956 -0.0268508
15.333333 -0.7544530 -0.0463636 -2.9849000 -0.0036242 0.9983230 -0.0512986 -0.0265872
15.366667 -0.7554490 -0.0431480 -2.9926500 -0.0037618 0.9981440 -0.0545014 -0.0269141
15.400000 -0.7570950 -0.0430670 -3.0021400 -0.0043751 0.9980090 -0.0567664 -0.0271229
15.433333 -0.7599590 -0.0405502 -3.0102100 -0.0055351 0.9978810 -0.0586778 -0.0275661
15.466667 -0.7621730 -0.0414205 -3.0200700 -0.0066803 0.9977440 -0.0602626 -0.0288062
15.500000 -0.7668260 -0.0449228 -3.0309200 -0.0074143 0.9976880 -0.0608201 -0.0293908
15.533333 -0.7708790 -0.0481532 -3.0412400 -0.0078920 0.9976710 -0.0606912 -0.0301135
15.566667 -0.7745460 -0.0512741 -3.0515500 -0.0078142 0.9976110 -0.0611198 -0.0312490
15.600000 -0.7771960 -0.0518520 -3.0608000 -0.0075647 0.9974630 -0.0628850 -0.0324844
15.633333 -0.7825650 -0.0599267 -3.0724900 -0.0073898 0.9974400 -0.0632125 -0.0325991
15.666667 -0.7840360 -0.0583525 -3.0808600 -0.0083936 0.9971490 -0.0669422 -0.0338028
15.700000 -0.7868620 -0.0615325 -3.0907800 -0.0097664 0.9966780 -0.0726824 -0.0354286
15.733333 -0.7900400 -0.0598304 -3.1001900 -0.0116057 0.9962010 -0.0777767 -0.0374204
15.766667 -0.7959020 -0.0609157 -3.1090900 -0.0127243 0.9959860 -0.0796427 -0.0388099
15.800000 -0.8002210 -0.0646822 -3.1182700 -0.0133494 0.9958080 -0.0810362 -0.0402730
15.833333 -0.8039030 -0.0694506 -3.1278300 -0.0141184 0.9955060 -0.0839926 -0.0414011
15.866667 -0.8063300 -0.0752509 -3.1379600 -0.0152302 0.9952930 -0.0857327 -0.0425478
15.900000 -0.8097600 -0.0816276 -3.1467900 -0.0152070 0.9952050 -0.0863831 -0.0432917
15.933333 -0.8143770 -0.0841517 -3.1553000 -0.0149431 0.9950860 -0.0880278 -0.0427969
15.966667 -0.8172100 -0.0865881 -3.1640400 -0.0149287 0.9949410 -0.0900178 -0.0420227
16.000000 -0.8203550 -0.0884821 -3.1720900 -0.0151840 0.9948530 -0.0914988 -0.0408055
16.033333 -0.8239840 -0.0912874 -3.1807600 -0.0153069 0.9947710 -0.0930331 -0.0392532
16.066667 -0.8263170 -0.0885677 -3.1875600 -0.0152488 0.9945140 -0.0962249 -0.0380798
16.100000 -0.8280700 -0.0894778 -3.1942400 -0.0155682 0.9944020 -0.0977965 -0.0368434
16.133333 -0.8289800 -0.0899558 -3.2002300 -0.0159974 0.9943640 -0.0985084 -0.0357875
16.166667 -0.8298170 -0.0916061 -3.2069300 -0.0158769 0.9943550 -0.0990742 -0.0345134
16.200000 -0.8315420 -0.0944970 -3.2139200 -0.0153092 0.9943200 -0.1000590 -0.0328906
16.233333 -0.8325730 -0.0963297 -3.2212500 -0.0147155 0.9942570 -0.1013980 -0.0309056
16.266667 -0.8333980 -0.0946891 -3.2274400 -0.0144096 0.9941170 -0.1034950 -0.0285092
16.300000 -0.8339780 -0.0966206 -3.2343000 -0.0145942 0.9940640 -0.1046350 -0.0259814
16.333333 -0.8369910 -0.0970507 -3.2410600 -0.0137292 0.9941180 -0.1050500 -0.0224908
16.366667 -0.8356640 -0.0995238 -3.2479400 -0.0131378 0.9941770 -0.1052700 -0.0189378
16.400000 -0.8365090 -0.0995741 -3.2546500 -0.0130297 0.9941520 -0.1062240 -0.0144014
16.433333 -0.8348070 -0.1023060 -3.2614900 -0.0126972 0.9941520 -0.1067080 -0.0106324
16.466667 -0.8385290 -0.1003980 -3.2687800 -0.0121991 0.9940110 -0.1084480 -0.0057279
16.500000 -0.8430340 -0.1001730 -3.2770800 -0.0112126 0.9938680 -0.1099980 -0.0009188
16.533333 -0.8437480 -0.0978823 -3.2834900 -0.0105336 0.9937290 -0.1112770 0.0029491
16.566667 -0.8395640 -0.0917370 -3.2875200 -0.0104583 0.9935850 -0.1124790 0.0052852
16.600000 -0.8376700 -0.0918317 -3.2948000 -0.0102770 0.9935800 -0.1123920 0.0077787
16.633333 -0.8346730 -0.0930979 -3.3024700 -0.0102920 0.9935710 -0.1123220 0.0097020
16.666667 -0.8374290 -0.0859308 -3.3102200 -0.0096179 0.9932290 -0.1150590 0.0128099
16.700000 -0.8405580 -0.0827281 -3.3194800 -0.0087861 0.9928510 -0.1179440 0.0160929
16.733333 -0.8384040 -0.0857592 -3.3288900 -0.0093034 0.9927370 -0.1184940 0.0185748
16.766667 -0.8363570 -0.0871952 -3.3366100 -0.0093276 0.9926770 -0.1185660 0.0211307
16.800000 -0.8354330 -0.0903451 -3.3459000 -0.0086892 0.9926630 -0.1181730 0.0240613
16.833333 -0.8361770 -0.0929620 -3.3542900 -0.0072893 0.9925950 -0.1180810 0.0275681
16.866667 -0.8383360 -0.0886378 -3.3627600 -0.0059849 0.9923660 -0.1190430 0.0316661
16.900000 -0.8374480 -0.0877881 -3.3719800 -0.0048647 0.9921700 -0.1196970 0.0353123
16.933333 -0.8340480 -0.0855119 -3.3788800 -0.0040907 0.9918950 -0.1210320 0.0384486
16.966667 -0.8330590 -0.0882590 -3.3870900 -0.0023994 0.9915370 -0.1226910 0.0423703
17.000000 -0.8331400 -0.0893872 -3.3961500 -0.0010820 0.9913160 -0.1231000 0.0462361
17.033333 -0.8322460 -0.0907190 -3.4057400 -0.0000530 0.9911570 -0.1232510 0.0491709
17.066667 -0.8233590 -0.0944445 -3.4153000 0.0019241 0.9910280 -0.1238580 0.0501944
17.100000 -0.8213620 -0.0936491 -3.4256500 0.0033393 0.9907900 -0.1248510 0.0523100
17.133333 -0.8163930 -0.0909402 -3.4345000 0.0047990 0.9905960 -0.1257280 0.0537457
17.166667 -0.8082760 -0.0883923 -3.4429400 0.0067931 0.9903790 -0.1270330 0.0544555
17.200000 -0.8013700 -0.0887420 -3.4509500 0.0082572 0.9902260 -0.1276780 0.0555262
17.233333 -0.7954370 -0.0905726 -3.4593800 0.0097230 0.9900250 -0.1286930 0.0565156
17.266667 -0.7911900 -0.0918727 -3.4681900 0.0113640 0.9898030 -0.1297940 0.0575758
17.300000 -0.7885260 -0.0901887 -3.4760500 0.0117628 0.9895630 -0.1309880 0.0588981
17.333333 -0.7852920 -0.0932744 -3.4834900 0.0127674 0.9894140 -0.1313420 0.0603814
17.366667 -0.7835360 -0.0992818 -3.4918800 0.0143215 0.9892260 -0.1315830 0.0625499
17.400000 -0.7809670 -0.1002780 -3.4995400 0.0146228 0.9890510 -0.1317300 0.0648941
17.433333 -0.7800630 -0.0998247 -3.5077100 0.0150454 0.9889280 -0.1312460 0.0676031
17.466667 -0.7781410 -0.0999010 -3.5154200 0.0158131 0.9888680 -0.1302230 0.0702330
17.500000 -0.7763080 -0.1012160 -3.5229300 0.0167282 0.9887940 -0.1289490 0.0733454
17.533333 -0.7744700 -0.1013280 -3.5293500 0.0182970 0.9886600 -0.1277650 0.0767580
17.566667 -0.7711880 -0.1015600 -3.5355900 0.0202972 0.9885960 -0.1257440 0.0803446
17.600000 -0.7689680 -0.0980511 -3.5418300 0.0229026 0.9884710 -0.1239740 0.0838535
17.633333 -0.7696660 -0.0972414 -3.5482000 0.0247002 0.9883390 -0.1220200 0.0876701
17.666667 -0.7677440 -0.0976031 -3.5545600 0.0258497 0.9882890 -0.1196180 0.0911484
17.700000 -0.7650330 -0.0925303 -3.5597000 0.0270114 0.9883240 -0.1169600 0.0938451
17.733333 -0.7636520 -0.0909984 -3.5651100 0.0277575 0.9883060 -0.1144470 0.0968689
17.766667 -0.7617340 -0.0877142 -3.5697700 0.0293485 0.9880640 -0.1134400 0.0999933
17.800000 -0.7612740 -0.0841088 -3.5743100 0.0304782 0.9878870 -0.1119720 0.1030190
17.833333 -0.7605500 -0.0842273 -3.5798000 0.0320608 0.9876770 -0.1102310 0.1063710
17.866667 -0.7608320 -0.0807605 -3.5839900 0.0324017 0.9874620 -0.1087320 0.1097530
17.900000 -0.7587950 -0.0799644 -3.5879700 0.0330041 0.9874000 -0.1060070 0.1127560
17.933333 -0.7579570 -0.0764587 -3.5922200 0.0329114 0.9873440 -0.1029980 0.1160210
17.966667 -0.7574100 -0.0753224 -3.5964800 0.0329267 0.9872380 -0.1005620 0.1190100
18.000000 -0.7583940 -0.0741768 -3.6010500 0.0330048 0.9869590 -0.0984503 0.1230050
18.033333 -0.7586310 -0.0694282 -3.6050000 0.0335576 0.9865830 -0.0967110 0.1271790
18.066667 -0.7607640 -0.0661399 -3.6089500 0.0334902 0.9861630 -0.0948142 0.1318000
18.100000 -0.7624110 -0.0623524 -3.6132000 0.0338149 0.9855660 -0.0936230 0.1369350
18.133333 -0.7629360 -0.0576930 -3.6166500 0.0347465 0.9848650 -0.0927080 0.1422610
18.166667 -0.7640170 -0.0545738 -3.6201900 0.0346279 0.9842030 -0.0905658 0.1481310
18.200000 -0.7634090 -0.0496747 -3.6236600 0.0344808 0.9836080 -0.0872103 0.1540150
18.233333 -0.7647820 -0.0461671 -3.6278300 0.0339588 0.9828950 -0.0845246 0.1600610
18.266667 -0.7664520 -0.0344851 -3.6308600 0.0365104 0.9821490 -0.0817962 0.1654070
18.300000 -0.7689590 -0.0316861 -3.6347300 0.0365045 0.9813880 -0.0793696 0.1710130
18.333333 -0.7708160 -0.0320585 -3.6389900 0.0372125 0.9805140 -0.0780543 0.1763930
18.366667 -0.7730870 -0.0289168 -3.6422400 0.0373671 0.9796810 -0.0768538 0.1814420
18.400000 -0.7758720 -0.0221944 -3.6452100 0.0390635 0.9789090 -0.0750554 0.1859500
18.433333 -0.7774570 -0.0213842 -3.6483900 0.0389244 0.9781860 -0.0726435 0.1906800
18.466667 -0.7785740 -0.0256176 -3.6527400 0.0380417 0.9774240 -0.0707062 0.1954370
18.500000 -0.7789290 -0.0243976 -3.6561100 0.0392008 0.9765450 -0.0699768 0.1998140
18.533333 -0.7794710 -0.0189056 -3.6585900 0.0400314 0.9756750 -0.0695886 0.2039930
18.566667 -0.7786810 -0.0174432 -3.6608200 0.0391846 0.9750410 -0.0681095 0.2076540
18.600000 -0.7798720 -0.0161624 -3.6640500 0.0384352 0.9744870 -0.0661021 0.2110190
18.633333 -0.7809850 -0.0165806 -3.6668400 0.0374747 0.9739420 -0.0647274 0.2141100
18.666667 -0.7802760 -0.0143998 -3.6693500 0.0370541 0.9733180 -0.0633254 0.2174120
18.700000 -0.7822300 -0.0122259 -3.6718600 0.0365474 0.9727210 -0.0620480 0.2205180
18.733333 -0.7823990 -0.0106227 -3.6742100 0.0362526 0.9721560 -0.0606533 0.2234280
18.766667 -0.7827880 -0.0102890 -3.6762800 0.0349292 0.9715790 -0.0589956 0.2265690
18.800000 -0.7851090 -0.0073361 -3.6788800 0.0346792 0.9709540 -0.0570175 0.2297720
18.833333 -0.7845340 -0.0064523 -3.6807400 0.0338056 0.9703280 -0.0553835 0.2329250
18.866667 -0.7853540 -0.0050616 -3.6838400 0.0335536 0.9696010 -0.0538720 0.2363180
18.900000 -0.7867090 -0.0028853 -3.6851500 0.0332112 0.9689400 -0.0522470 0.2394220
18.933333 -0.7873750 -0.0017219 -3.6873800 0.0336879 0.9682540 -0.0498801 0.2426150
18.966667 -0.7887580 -0.0003579 -3.6895200 0.0337940 0.9675320 -0.0478604 0.2458660
19.000000 -0.7892700 0.0033152 -3.6920000 0.0356953 0.9666980 -0.0455190 0.2492980
19.033333 -0.7892950 0.0025473 -3.6947200 0.0356469 0.9657960 -0.0428960 0.2532320
19.066667 -0.7901960 0.0044179 -3.6978000 0.0369077 0.9646650 -0.0412091 0.2576070
19.100000 -0.7890610 0.0075662 -3.7012100 0.0381849 0.9635170 -0.0392533 0.2619860
19.133333 -0.7888050 0.0099668 -3.7041800 0.0387202 0.9624020 -0.0370850 0.2662870
19.166667 -0.7896640 0.0131357 -3.7078100 0.0397862 0.9611860 -0.0346413 0.2708100
19.200000 -0.7881850 0.0168359 -3.7105700 0.0405601 0.9599700 -0.0321908 0.2752750
19.233333 -0.7879650 0.0205770 -3.7133400 0.0410006 0.9588500 -0.0296767 0.2793660
19.266667 -0.7877700 0.0236874 -3.7162900 0.0408806 0.9577020 -0.0274064 0.2835220
19.300000 -0.7883080 0.0259385 -3.7190400 0.0400849 0.9565730 -0.0251216 0.2876280
19.333333 -0.7885090 0.0291126 -3.7209000 0.0388257 0.9554470 -0.0231841 0.2916790
19.366667 -0.7860960 0.0305648 -3.7229700 0.0372045 0.9542470 -0.0213892 0.2959240
19.400000 -0.7834590 0.0303645 -3.7255200 0.0365154 0.9529810 -0.0190543 0.3002170
19.433333 -0.7850940 0.0350485 -3.7277100 0.0360440 0.9517400 -0.0173111 0.3042890
19.466667 -0.7826690 0.0365055 -3.7282600 0.0348662 0.9507380 -0.0146868 0.3076790
19.500000 -0.7819600 0.0358880 -3.7304300 0.0341027 0.9494840 -0.0116863 0.3117390
19.533333 -0.7816340 0.0376124 -3.7321300 0.0338399 0.9481810 -0.0095280 0.3157800
19.566667 -0.7795810 0.0395222 -3.7319900 0.0333995 0.9469550 -0.0072793 0.3195430
19.600000 -0.7793980 0.0401664 -3.7336800 0.0328269 0.9456650 -0.0049289 0.3234440
19.633333 -0.7790860 0.0411124 -3.7350200 0.0325385 0.9444010 -0.0027703 0.3271710
19.666667 -0.7792690 0.0459528 -3.7350200 0.0326438 0.9431770 -0.0011017 0.3306820
19.700000 -0.7795130 0.0480893 -3.7361900 0.0322790 0.9418740 0.0015582 0.3344080
19.733333 -0.7794890 0.0493269 -3.7367600 0.0319420 0.9407890 0.0037890 0.3374640
19.766667 -0.7795030 0.0507615 -3.7386400 0.0316818 0.9395780 0.0053354 0.3408240
19.800000 -0.7793020 0.0537002 -3.7390300 0.0316979 0.9384750 0.0072096 0.3438140
19.833333 -0.7811960 0.0553179 -3.7399300 0.0315512 0.9373180 0.0093655 0.3469170
19.866667 -0.7805840 0.0558984 -3.7396400 0.0317692 0.9363060 0.0110958 0.3495680
19.900000 -0.7809650 0.0577962 -3.7403300 0.0320563 0.9351470 0.0124701 0.3525870
19.933333 -0.7806100 0.0617769 -3.7400200 0.0320505 0.9339580 0.0133187 0.3556930
19.966667 -0.7800030 0.0649745 -3.7405200 0.0320461 0.9326960 0.0142947 0.3589530
20.000000 -0.7800540 0.0674949 -3.7405500 0.0323330 0.9314550 0.0156487 0.3620790
20.033333 -0.7794140 0.0710142 -3.7402600 0.0325385 0.9301750 0.0173795 0.3652580
20.066667 -0.7787490 0.0734270 -3.7395200 0.0328065 0.9288940 0.0198539 0.3683540
20.100000 -0.7782440 0.0750680 -3.7389000 0.0326688 0.9275330 0.0219219 0.3716650
20.133333 -0.7789640 0.0754869 -3.7393700 0.0325930 0.9259620 0.0233058 0.3754860
20.166667 -0.7781150 0.0775461 -3.7393500 0.0325225 0.9245290 0.0239881 0.3789620
20.200000 -0.7768530 0.0788252 -3.7393600 0.0323740 0.9231920 0.0245867 0.3821840
20.233333 -0.7753110 0.0802150 -3.7392200 0.0319012 0.9219720 0.0251082 0.3851230
20.266667 -0.7773720 0.0845160 -3.7392500 0.0315868 0.9207600 0.0256383 0.3880030
20.300000 -0.7765760 0.0848918 -3.7403300 0.0312454 0.9193840 0.0272981 0.3911680
20.333333 -0.7755940 0.0880928 -3.7397600 0.0313699 0.9179860 0.0282163 0.3943610
20.366667 -0.7750090 0.0888379 -3.7411600 0.0313682 0.9163160 0.0295486 0.3981300
20.400000 -0.7718270 0.0856361 -3.7410000 0.0313442 0.9149360 0.0305327 0.4012210
20.433333 -0.7712740 0.0862453 -3.7412700 0.0330919 0.9132430 0.0303069 0.4049380
20.466667 -0.7728020 0.0914528 -3.7421700 0.0353331 0.9109130 0.0306123 0.4099410
20.500000 -0.7733740 0.0973792 -3.7434400 0.0363846 0.9085290 0.0320157 0.4150010
20.533333 -0.7715630 0.0985091 -3.7432300 0.0360682 0.9066950 0.0338744 0.4188740
20.566667 -0.7694590 0.1008360 -3.7437400 0.0360544 0.9049750 0.0355909 0.4224370
20.600000 -0.7675140 0.1012300 -3.7450400 0.0350113 0.9029910 0.0383643 0.4265080
20.633333 -0.7665310 0.0993783 -3.7486200 0.0339823 0.9007050 0.0405113 0.4312000
20.666667 -0.7638080 0.0997241 -3.7495000 0.0334821 0.8986690 0.0409072 0.4354300
20.700000 -0.7599140 0.1016710 -3.7497400 0.0330716 0.8968950 0.0407304 0.4391200
20.733333 -0.7569100 0.1028900 -3.7497500 0.0324293 0.8954260 0.0409126 0.4421390
20.766667 -0.7550480 0.1056740 -3.7510900 0.0316738 0.8936670 0.0411605 0.4457150
20.800000 -0.7502760 0.1049230 -3.7505600 0.0305343 0.8922950 0.0419587 0.4484610
20.833333 -0.7459780 0.1037500 -3.7507300 0.0301306 0.8906150 0.0421066 0.4518000
20.866667 -0.7421200 0.1065860 -3.7511600 0.0307809 0.8886190 0.0420660 0.4556750
20.900000 -0.7370720 0.1053920 -3.7513500 0.0306708 0.8869040 0.0431055 0.4589150
20.933333 -0.7312000 0.1008720 -3.7532800 0.0303959 0.8851350 0.0436649 0.4622820
20.966667 -0.7275000 0.1020410 -3.7530300 0.0307405 0.8836290 0.0421888 0.4652690
21.000000 -0.7214910 0.1039910 -3.7517800 0.0303564 0.8822550 0.0413286 0.4679700
21.033333 -0.7160090 0.1039070 -3.7518400 0.0295719 0.8806150 0.0411973 0.4711110
21.066667 -0.7107390 0.1002520 -3.7523900 0.0289891 0.8787630 0.0411017 0.4746010
21.100000 -0.7041880 0.1006040 -3.7505300 0.0294567 0.8769720 0.0400852 0.4779600
21.133333 -0.6972080 0.1015580 -3.7481700 0.0299992 0.8751980 0.0390085 0.4812550
21.166667 -0.6912340 0.1010810 -3.7493000 0.0301632 0.8731270 0.0382102 0.4850560
21.200000 -0.6836270 0.1001890 -3.7480400 0.0301609 0.8713200 0.0372415 0.4883690
21.233333 -0.6778280 0.1034420 -3.7462400 0.0305028 0.8696270 0.0358799 0.4914590
21.266667 -0.6700710 0.1031080 -3.7460700 0.0302135 0.8679480 0.0356516 0.4944510
21.300000 -0.6619990 0.1016590 -3.7443400 0.0300207 0.8663690 0.0351337 0.4972610
21.333333 -0.6526520 0.0999599 -3.7424700 0.0299520 0.8649480 0.0345393 0.4997740
21.366667 -0.6457540 0.1016370 -3.7421700 0.0301299 0.8633430 0.0334972 0.5026030
21.400000 -0.6372770 0.0993736 -3.7416500 0.0296853 0.8620140 0.0333809 0.5049120
21.433333 -0.6289840 0.0999572 -3.7391300 0.0301482 0.8608760 0.0327119 0.5068660
21.466667 -0.6205170 0.1019500 -3.7368200 0.0304924 0.8597960 0.0324261 0.5086940
21.500000 -0.6123010 0.1003580 -3.7357800 0.0300419 0.8585900 0.0332409 0.5107010
21.533333 -0.6034110 0.0986814 -3.7332600 0.0299787 0.8576260 0.0331965 0.5123260
21.566667 -0.5962930 0.1004960 -3.7306800 0.0304193 0.8566250 0.0324739 0.5140170
21.600000 -0.5877780 0.1016850 -3.7293900 0.0300374 0.8555060 0.0323866 0.5159050
21.633333 -0.5790860 0.0998967 -3.7274000 0.0291944 0.8547470 0.0327844 0.5171850
21.666667 -0.5709450 0.0980060 -3.7259300 0.0283732 0.8540660 0.0327783 0.5183560
21.700000 -0.5631650 0.0975499 -3.7264800 0.0275831 0.8531820 0.0324069 0.5198750
21.733333 -0.5557860 0.0981479 -3.7258600 0.0272076 0.8525700 0.0321244 0.5209150
21.766667 -0.5375910 0.0950670 -3.7196700 0.0264341 0.8528470 0.0325915 0.5204720
21.800000 -0.5303590 0.0970566 -3.7182800 0.0266459 0.8527150 0.0323783 0.5206910
21.833333 -0.5210290 0.0953116 -3.7150100 0.0262083 0.8528320 0.0327737 0.5204960
21.866667 -0.5123760 0.0953584 -3.7113100 0.0263823 0.8530050 0.0329196 0.5201950
21.900000 -0.5040700 0.0958998 -3.7093200 0.0265609 0.8525950 0.0331185 0.5208460
21.933333 -0.4956750 0.0943761 -3.7089500 0.0267105 0.8520070 0.0337434 0.5217580
21.966667 -0.4873680 0.0957303 -3.7061900 0.0270670 0.8517010 0.0337016 0.5222430
22.000000 -0.4778600 0.0964088 -3.7017200 0.0272877 0.8518020 0.0341574 0.5220360
22.033333 -0.4691520 0.0957699 -3.6997000 0.0268597 0.8517140 0.0349401 0.5221510
22.066667 -0.4611200 0.0975616 -3.6978200 0.0262447 0.8518150 0.0348348 0.5220240
22.100000 -0.4534710 0.1010480 -3.6946700 0.0254286 0.8524760 0.0352215 0.5209590
22.133333 -0.4467380 0.1062560 -3.6935500 0.0244964 0.8528240 0.0362166 0.5203650
22.166667 -0.4385870 0.1079770 -3.6918100 0.0229944 0.8530260 0.0379384 0.5199800
22.200000 -0.4309500 0.1101950 -3.6913100 0.0216664 0.8528580 0.0394191 0.5202020
22.233333 -0.4231530 0.1121350 -3.6895800 0.0199195 0.8527300 0.0404785 0.5204000
22.266667 -0.4158920 0.1156610 -3.6894700 0.0179071 0.8525540 0.0413517 0.5206920
22.300000 -0.4082610 0.1167650 -3.6899000 0.0148755 0.8524840 0.0429411 0.5207740
22.333333 -0.3999550 0.1156750 -3.6911900 0.0122016 0.8526000 0.0441298 0.5205550
22.366667 -0.3927220 0.1200000 -3.6915900 0.0106583 0.8526340 0.0444606 0.5205050
22.400000 -0.3846340 0.1224840 -3.6919500 0.0087781 0.8525570 0.0463791 0.5204980
22.433333 -0.3757620 0.1201950 -3.6932100 0.0073938 0.8522850 0.0488243 0.5207420
22.466667 -0.3675380 0.1205790 -3.6967500 0.0073150 0.8517220 0.0498048 0.5215710
22.500000 -0.3594240 0.1249850 -3.6964500 0.0073878 0.8514960 0.0502470 0.5218960
22.533333 -0.3506740 0.1254280 -3.7001300 0.0063544 0.8509880 0.0514548 0.5226200
22.566667 -0.3419340 0.1265960 -3.7022000 0.0060499 0.8504110 0.0523802 0.5234710
22.600000 -0.3342010 0.1285400 -3.7058700 0.0061215 0.8492170 0.0535877 0.5252820
22.633333 -0.3249220 0.1276110 -3.7101600 0.0068430 0.8478810 0.0550535 0.5272750
22.666667 -0.3161690 0.1284740 -3.7140900 0.0084598 0.8462560 0.0553845 0.5298220
22.700000 -0.3075740 0.1300330 -3.7193000 0.0099824 0.8442770 0.0557863 0.5329030
22.733333 -0.2980110 0.1304140 -3.7232900 0.0112646 0.8427110 0.0565301 0.5352710
22.766667 -0.2888080 0.1314100 -3.7289300 0.0128087 0.8414680 0.0567229 0.5371680
22.800000 -0.2801450 0.1378060 -3.7318500 0.0139336 0.8411030 0.0565163 0.5377340
22.833333 -0.2715950 0.1409740 -3.7370300 0.0131810 0.8409710 0.0580913 0.5377910
22.866667 -0.2617760 0.1409780 -3.7433000 0.0118255 0.8410200 0.0600095 0.5375360
22.900000 -0.2519020 0.1415520 -3.7494800 0.0109808 0.8413750 0.0618005 0.5367950
22.933333 -0.2430550 0.1432660 -3.7562400 0.0100212 0.8417310 0.0636030 0.5360430
22.966667 -0.2324140 0.1411650 -3.7637200 0.0087799 0.8420060 0.0657861 0.5353700
23.000000 -0.2217790 0.1385540 -3.7715100 0.0079598 0.8421560 0.0660269 0.5351170
23.033333 -0.2118300 0.1386530 -3.7795300 0.0076496 0.8425280 0.0648350 0.5346820
23.066667 -0.2023630 0.1414870 -3.7854800 0.0069819 0.8431280 0.0637230 0.5338780
23.100000 -0.1927280 0.1428390 -3.7925800 0.0057519 0.8437140 0.0637562 0.5329610
23.133333 -0.1830790 0.1448640 -3.7986000 0.0047047 0.8440680 0.0640901 0.5323710
23.166667 -0.1738480 0.1464220 -3.8037000 0.0036036 0.8442360 0.0650356 0.5320000
23.200000 -0.1552030 0.1444310 -3.8194000 0.0024354 0.8443160 0.0663199 0.5317200
23.233333 -0.1473080 0.1483900 -3.8243900 0.0031162 0.8450090 0.0663271 0.5306140
23.266667 -0.1326620 0.1501710 -3.8372500 0.0019624 0.8458790 0.0696072 0.5288100
23.300000 -0.1259340 0.1527670 -3.8436400 0.0015589 0.8462050 0.0703127 0.5281960
23.333333 -0.1190400 0.1563510 -3.8474900 0.0011407 0.8465580 0.0715162 0.5274700
23.366667 -0.1127570 0.1597120 -3.8521600 0.0004227 0.8465450 0.0737550 0.5271820
23.400000 -0.1057470 0.1594170 -3.8585800 -0.0003422 0.8465110 0.0770449 0.5267660
23.433333 -0.0980223 0.1595580 -3.8632600 -0.0003755 0.8469000 0.0794177 0.5257870
23.466667 -0.0918852 0.1627710 -3.8673700 -0.0002869 0.8475050 0.0811482 0.5245470
23.500000 -0.0852431 0.1645440 -3.8716100 -0.0012713 0.8480170 0.0834934 0.5233490
23.533333 -0.0774641 0.1622720 -3.8769600 -0.0026106 0.8481880 0.0857111 0.5227080
23.566667 -0.0694235 0.1618700 -3.8820300 -0.0030309 0.8485390 0.0859944 0.5220890
23.600000 -0.0624687 0.1654090 -3.8842700 -0.0027692 0.8490920 0.0858156 0.5212210
23.633333 -0.0548276 0.1668680 -3.8862000 -0.0031642 0.8498320 0.0872073 0.5197800
23.666667 -0.0466027 0.1651290 -3.8904500 -0.0035489 0.8504970 0.0886467 0.5184440
23.700000 -0.0390828 0.1679530 -3.8911800 -0.0032671 0.8517420 0.0887203 0.5163850
23.733333 -0.0317745 0.1706260 -3.8919600 -0.0044642 0.8530340 0.0894558 0.5141120
23.766667 -0.0235049 0.1692330 -3.8944600 -0.0065081 0.8541330 0.0909501 0.5119990
23.800000 -0.0139738 0.1660110 -3.8964600 -0.0078809 0.8554860 0.0916813 0.5095830
23.833333 -0.0049545 0.1645940 -3.8970800 -0.0079963 0.8572730 0.0910377 0.5066870
23.866667 0.0038588 0.1655090 -3.8972200 -0.0079726 0.8593610 0.0900328 0.5033190
23.900000 0.0123928 0.1659050 -3.8967800 -0.0077947 0.8613940 0.0898213 0.4998720
23.933333 0.0213848 0.1670040 -3.8951900 -0.0077890 0.8633600 0.0899909 0.4964390
23.966667 0.0313727 0.1676760 -3.8926600 -0.0083856 0.8652770 0.0912270 0.4928520
24.000000 0.0417793 0.1636000 -3.8926300 -0.0090169 0.8670850 0.0932020 0.4892800
24.033333 0.0529518 0.1623210 -3.8902400 -0.0081418 0.8692010 0.0935106 0.4854680
24.066667 0.0635410 0.1616830 -3.8877900 -0.0073484 0.8711550 0.0940262 0.4818660
24.100000 0.0742971 0.1609270 -3.8846300 -0.0071235 0.8730480 0.0943338 0.4783700
24.133333 0.0858276 0.1606620 -3.8806200 -0.0072544 0.8749760 0.0946644 0.4747670
24.166667 0.0959848 0.1607440 -3.8778500 -0.0078862 0.8766390 0.0955266 0.4715050
24.200000 0.1084860 0.1572990 -3.8739600 -0.0085836 0.8785150 0.0973664 0.4676080
24.233333 0.1205910 0.1547530 -3.8703400 -0.0078526 0.8803880 0.0979844 0.4639560
24.266667 0.1315100 0.1566040 -3.8651100 -0.0059315 0.8825240 0.0981750 0.4598660
24.300000 0.1418980 0.1568010 -3.8609500 -0.0047821 0.8843820 0.1003360 0.4558280
24.333333 0.1542270 0.1547900 -3.8556600 -0.0040771 0.8865420 0.1026350 0.4511020
24.366667 0.1651540 0.1537870 -3.8512700 -0.0033053 0.8887850 0.1041110 0.4463320
24.400000 0.1758840 0.1524710 -3.8483100 -0.0026661 0.8909540 0.1054540 0.4416710
24.433333 0.1869790 0.1515280 -3.8438800 -0.0020543 0.8932960 0.1063900 0.4366910
24.466667 0.1966870 0.1517150 -3.8399900 -0.0017552 0.8955150 0.1067130 0.4320450
24.500000 0.2061650 0.1526940 -3.8352600 -0.0017795 0.8976490 0.1069860 0.4275240
24.533333 0.2151860 0.1525400 -3.8315400 -0.0023194 0.8996990 0.1079970 0.4229340
24.566667 0.2245550 0.1511960 -3.8279500 -0.0026825 0.9018260 0.1089870 0.4181200
24.600000 0.2327250 0.1527450 -3.8235900 -0.0023238 0.9039620 0.1092590 0.4134120
24.633333 0.2402830 0.1552060 -3.8190400 -0.0025470 0.9057230 0.1106310 0.4091690
24.666667 0.2472050 0.1553630 -3.8155100 -0.0040618 0.9072770 0.1131700 0.4049990
24.700000 0.2557750 0.1540290 -3.8120300 -0.0058604 0.9089140 0.1151910 0.4007150
24.733333 0.2629850 0.1532040 -3.8092100 -0.0076883 0.9103970 0.1164350 0.3969400
24.766667 0.2699380 0.1535400 -3.8059100 -0.0092501 0.9118280 0.1171770 0.3933880
24.800000 0.2772140 0.1507730 -3.8037900 -0.0109242 0.9128680 0.1182450 0.3906030
24.833333 0.2836350 0.1486120 -3.8027900 -0.0115140 0.9136290 0.1173570 0.3890730
24.866667 0.2886900 0.1518100 -3.7994400 -0.0109633 0.9143650 0.1157390 0.3878420
24.900000 0.3010660 0.1504320 -3.7933000 -0.0140429 0.9155870 0.1182700 0.3840770
24.933333 0.3078200 0.1488060 -3.7909000 -0.0149064 0.9164310 0.1184010 0.3819850
24.966667 0.3131170 0.1485800 -3.7886800 -0.0152599 0.9171580 0.1180450 0.3803330
25.000000 0.3192780 0.1465720 -3.7870200 -0.0154995 0.9178240 0.1180220 0.3787210
25.033333 0.3255320 0.1448330 -3.7853700 -0.0149711 0.9187670 0.1170560 0.3767520
25.066667 0.3311350 0.1460480 -3.7829300 -0.0132909 0.9200900 0.1159960 0.3739010
25.100000 0.3375480 0.1450600 -3.7811500 -0.0122922 0.9214340 0.1161460 0.3705640
25.133333 0.3429590 0.1451320 -3.7792200 -0.0111371 0.9229870 0.1157440 0.3668430
25.166667 0.3477820 0.1480500 -3.7759800 -0.0099724 0.9246540 0.1157360 0.3626590
25.200000 0.3532700 0.1504770 -3.7727400 -0.0103758 0.9262420 0.1175200 0.3579890
25.233333 0.3592410 0.1497460 -3.7715700 -0.0116466 0.9278100 0.1208510 0.3527430
25.266667 0.3667080 0.1484480 -3.7698600 -0.0126346 0.9296050 0.1238230 0.3469030
25.300000 0.3731990 0.1492520 -3.7673400 -0.0123643 0.9312680 0.1259890 0.3416340
25.333333 0.3794170 0.1503730 -3.7659700 -0.0116644 0.9326920 0.1286540 0.3367450
25.366667 0.3870970 0.1500670 -3.7632100 -0.0106475 0.9342550 0.1318510 0.3311630
25.400000 0.3951520 0.1494060 -3.7619700 -0.0092590 0.9359220 0.1346470 0.3253220
25.433333 0.4028130 0.1505880 -3.7599100 -0.0073786 0.9375630 0.1372360 0.3195130
25.466667 0.4097510 0.1510580 -3.7584800 -0.0064353 0.9390450 0.1405530 0.3136850
25.500000 0.4179130 0.1488350 -3.7579300 -0.0062195 0.9405880 0.1437110 0.3075750
25.533333 0.4264450 0.1473720 -3.7574800 -0.0051829 0.9422160 0.1454640 0.3017310
25.566667 0.4331380 0.1483300 -3.7566300 -0.0039162 0.9435830 0.1468380 0.2967740
25.600000 0.4400480 0.1467750 -3.7572500 -0.0029795 0.9446310 0.1487600 0.2924620
25.633333 0.4467020 0.1453080 -3.7580500 -0.0009808 0.9455170 0.1497120 0.2891060
25.666667 0.4526880 0.1479150 -3.7578500 0.0019579 0.9461830 0.1497980 0.2868700
25.700000 0.4580290 0.1485300 -3.7584200 0.0044701 0.9463380 0.1518660 0.2852380
25.733333 0.4653430 0.1469940 -3.7589900 0.0065310 0.9462770 0.1534860 0.2845330
25.766667 0.4713440 0.1470590 -3.7595100 0.0079077 0.9462330 0.1539070 0.2844180
25.800000 0.4764410 0.1460610 -3.7608500 0.0077969 0.9460810 0.1541670 0.2847860
25.833333 0.4818880 0.1457950 -3.7615900 0.0072323 0.9459620 0.1529620 0.2858420
25.866667 0.4868650 0.1461210 -3.7619400 0.0056422 0.9458360 0.1520250 0.2867930
25.900000 0.4917090 0.1425490 -3.7647800 0.0031549 0.9455680 0.1515330 0.2879740
25.933333 0.4956780 0.1399780 -3.7674900 0.0017383 0.9454150 0.1487510 0.2899310
25.966667 0.4992690 0.1390620 -3.7686700 0.0006100 0.9452720 0.1444300 0.2925770
26.000000 0.5024860 0.1385460 -3.7701900 -0.0011180 0.9449560 0.1400800 0.2956940
26.033333 0.5057060 0.1372390 -3.7715800 -0.0033633 0.9445650 0.1358710 0.2988740
26.066667 0.5083590 0.1370330 -3.7729000 -0.0050227 0.9445090 0.1317520 0.3008640
26.100000 0.5106510 0.1377500 -3.7735200 -0.0053477 0.9444340 0.1286090 0.3024480
26.133333 0.5128360 0.1386270 -3.7739900 -0.0052247 0.9441150 0.1272370 0.3040230
26.166667 0.5160200 0.1361600 -3.7756200 -0.0057557 0.9437420 0.1269280 0.3052990
26.200000 0.5189090 0.1342050 -3.7767700 -0.0051369 0.9434590 0.1252140 0.3068880
26.233333 0.5216230 0.1327410 -3.7774100 -0.0042098 0.9433780 0.1231970 0.3079640
26.266667 0.5249500 0.1292950 -3.7787100 -0.0042371 0.9434080 0.1210490 0.3087230
26.300000 0.5277120 0.1267820 -3.7792500 -0.0031809 0.9437450 0.1169930 0.3092690
26.333333 0.5308480 0.1261100 -3.7793800 -0.0013874 0.9441810 0.1126720 0.3095560
26.366667 0.5343280 0.1245090 -3.7790700 -0.0001084 0.9443760 0.1098270 0.3099880
26.400000 0.5367350 0.1220660 -3.7796400 0.0010517 0.9441800 0.1071120 0.3115290
26.433333 0.5398310 0.1188230 -3.7798900 0.0020911 0.9439620 0.1034700 0.3134090
26.466667 0.5422580 0.1169950 -3.7789200 0.0033818 0.9438640 0.0993803 0.3150120
26.500000 0.5444720 0.1141140 -3.7786100 0.0038909 0.9437210 0.0950387 0.3167700
26.533333 0.5471940 0.1109140 -3.7779900 0.0043604 0.9435090 0.0885525 0.3192640
26.566667 0.5477520 0.1097930 -3.7780700 0.0046162 0.9431390 0.0812830 0.3222750
26.600000 0.5496710 0.1085850 -3.7772800 0.0043453 0.9428570 0.0757723 0.3244380
26.633333 0.5516780 0.1076560 -3.7767500 0.0044267 0.9422680 0.0721553 0.3269630
26.666667 0.5541680 0.1067580 -3.7753800 0.0044998 0.9414260 0.0699535 0.3298530
26.700000 0.5568280 0.1059600 -3.7743300 0.0050076 0.9403610 0.0678214 0.3333100
26.733333 0.5594970 0.1047110 -3.7734400 0.0058549 0.9391260 0.0662355 0.3370770
26.766667 0.5619170 0.1038050 -3.7716800 0.0064271 0.9378380 0.0645619 0.3409550
26.800000 0.5641190 0.1029780 -3.7705800 0.0071481 0.9366090 0.0626216 0.3446600
26.833333 0.5663870 0.1030220 -3.7687900 0.0078464 0.9352690 0.0609106 0.3485680
26.866667 0.5693450 0.1022950 -3.7672800 0.0075293 0.9340420 0.0601088 0.3519870
26.900000 0.5713520 0.1014390 -3.7658000 0.0066733 0.9327580 0.0593600 0.3555200
26.933333 0.5739460 0.1008030 -3.7641200 0.0061924 0.9315570 0.0582233 0.3588510
26.966667 0.5760350 0.1011090 -3.7618400 0.0058199 0.9301710 0.0569756 0.3626310
27.000000 0.5787180 0.1012040 -3.7596100 0.0051927 0.9286340 0.0564985 0.3666340
27.033333 0.5814630 0.1014710 -3.7570800 0.0044957 0.9268370 0.0567091 0.3711290
27.066667 0.5849240 0.1008150 -3.7549000 0.0036333 0.9250770 0.0572084 0.3754300
27.100000 0.5876170 0.1012530 -3.7519300 0.0030976 0.9233040 0.0583091 0.3796040
27.133333 0.5904160 0.1013100 -3.7490600 0.0021443 0.9214480 0.0601649 0.3838100
27.166667 0.5932640 0.1005150 -3.7469100 0.0013413 0.9195230 0.0621086 0.3880950
27.200000 0.5958070 0.1007430 -3.7440300 0.0009781 0.9175960 0.0639931 0.3923280
27.233333 0.5980810 0.1006000 -3.7413800 0.0002278 0.9157240 0.0660381 0.3963450
27.266667 0.6002030 0.1006900 -3.7381700 -0.0004005 0.9138280 0.0678704 0.4003900
27.300000 0.6011590 0.1012280 -3.7354700 -0.0012777 0.9118080 0.0698559 0.4046300
27.333333 0.6019940 0.1013550 -3.7334800 -0.0024384 0.9098850 0.0719007 0.4085740
27.366667 0.6020360 0.1029840 -3.7305900 -0.0026529 0.9079820 0.0739325 0.4124260
27.400000 0.6032240 0.1038450 -3.7268400 -0.0033529 0.9061330 0.0767749 0.4159530
27.433333 0.6031820 0.1053450 -3.7239800 -0.0042519 0.9042390 0.0793866 0.4195600
27.466667 0.6032850 0.1061930 -3.7211000 -0.0057344 0.9025510 0.0822415 0.4226180
27.500000 0.6029340 0.1061490 -3.7192600 -0.0073962 0.9007070 0.0850481 0.4259570
27.533333 0.6024500 0.1071870 -3.7167400 -0.0089930 0.8990420 0.0872661 0.4289840
27.566667 0.6011340 0.1087640 -3.7148500 -0.0105333 0.8975250 0.0898365 0.4315860
27.600000 0.5998610 0.1082590 -3.7133500 -0.0126325 0.8959310 0.0924759 0.4342760
27.633333 0.5992080 0.1082110 -3.7096400 -0.0139192 0.8947870 0.0941188 0.4362390
27.666667 0.5950890 0.1075840 -3.7063100 -0.0166732 0.8919520 0.0960834 0.4414880
27.700000 0.5944580 0.1079460 -3.7026700 -0.0172666 0.8908990 0.0964789 0.4435010
27.733333 0.5919900 0.1085250 -3.7004000 -0.0182340 0.8891690 0.0972012 0.4467630
27.766667 0.5899830 0.1076140 -3.6978800 -0.0195204 0.8872660 0.0980009 0.4503050
27.800000 0.5887000 0.1072050 -3.6945300 -0.0199638 0.8854160 0.0980692 0.4538970
27.833333 0.5858670 0.1082860 -3.6917500 -0.0204841 0.8832380 0.0981318 0.4580840
27.866667 0.5829650 0.1090050 -3.6892500 -0.0218851 0.8811070 0.0986486 0.4619950
27.900000 0.5800990 0.1088330 -3.6873400 -0.0240033 0.8792160 0.0991761 0.4653670
27.933333 0.5766230 0.1090580 -3.6861800 -0.0262266 0.8775120 0.0993285 0.4684230
27.966667 0.5731310 0.1112190 -3.6835000 -0.0279724 0.8760830 0.0996462 0.4709210
28.000000 0.5690890 0.1139640 -3.6794500 -0.0304484 0.8745580 0.1008030 0.4733500
28.033333 0.5654070 0.1150640 -3.6772300 -0.0336436 0.8725940 0.1030700 0.4762610
28.066667 0.5619360 0.1149130 -3.6751600 -0.0363031 0.8704130 0.1048080 0.4796650
28.100000 0.5581290 0.1163050 -3.6720100 -0.0378631 0.8681780 0.1058660 0.4833480
28.133333 0.5539790 0.1167490 -3.6717100 -0.0397594 0.8654790 0.1075290 0.4876500
28.166667 0.5505880 0.1157960 -3.6699600 -0.0415003 0.8628310 0.1090320 0.4918460
28.200000 0.5474730 0.1152780 -3.6670400 -0.0423523 0.8602760 0.1097670 0.4960670
28.233333 0.5436650 0.1149950 -3.6656300 -0.0425195 0.8573090 0.1097120 0.5011750
28.266667 0.5403650 0.1142810 -3.6644000 -0.0423481 0.8541260 0.1093370 0.5066760
28.300000 0.5370050 0.1143250 -3.6608600 -0.0416013 0.8507850 0.1085050 0.5125050
28.333333 0.5332820 0.1149470 -3.6607400 -0.0413286 0.8467240 0.1072070 0.5194780
28.366667 0.5283510 0.1154950 -3.6621500 -0.0419755 0.8424310 0.1058490 0.5266340
28.400000 0.5245700 0.1166010 -3.6610800 -0.0431584 0.8386250 0.1046180 0.5328220
28.433333 0.5210500 0.1181820 -3.6583000 -0.0443070 0.8350920 0.1035690 0.5384530
28.466667 0.5172770 0.1221370 -3.6541500 -0.0454739 0.8316510 0.1027590 0.5438100
28.500000 0.5139550 0.1244660 -3.6488200 -0.0477906 0.8284060 0.1038440 0.5483400
28.533333 0.5110810 0.1238780 -3.6458100 -0.0503679 0.8252210 0.1054400 0.5525900
28.566667 0.5073930 0.1256030 -3.6415900 -0.0509625 0.8223250 0.1059920 0.5567320
28.600000 0.5033460 0.1269030 -3.6363600 -0.0513939 0.8193710 0.1069920 0.5608420
28.633333 0.4993510 0.1261180 -3.6323600 -0.0521231 0.8163470 0.1076800 0.5650360
28.666667 0.4950910 0.1265150 -3.6277400 -0.0521058 0.8137670 0.1072750 0.5688240
28.700000 0.4906970 0.1266750 -3.6221100 -0.0519695 0.8116870 0.1069620 0.5718590
28.733333 0.4861530 0.1254730 -3.6173100 -0.0519667 0.8096910 0.1068890 0.5746950
28.766667 0.4803450 0.1242960 -3.6110400 -0.0513271 0.8078040 0.1062200 0.5775250
28.800000 0.4745370 0.1250720 -3.6041100 -0.0500002 0.8060860 0.1050910 0.5802430
28.833333 0.4681290 0.1255890 -3.5966300 -0.0496309 0.8038650 0.1048440 0.5833920
28.866667 0.4615250 0.1234100 -3.5912500 -0.0500495 0.8016460 0.1050880 0.5863570
28.900000 0.4544720 0.1213740 -3.5848200 -0.0493963 0.7999030 0.1040060 0.5889800
28.933333 0.4472760 0.1185890 -3.5783400 -0.0487126 0.7983150 0.1025760 0.5914370
28.966667 0.4391520 0.1167290 -3.5706700 -0.0474293 0.7969590 0.1003300 0.5937520
29.000000 0.4305360 0.1181400 -3.5626100 -0.0459079 0.7956570 0.0980276 0.5959980
29.033333 0.4213340 0.1191740 -3.5534000 -0.0457770 0.7941290 0.0978604 0.5980690
29.066667 0.4127590 0.1144800 -3.5466400 -0.0464693 0.7926140 0.0993200 0.5997820
29.100000 0.4039020 0.1100670 -3.5401700 -0.0449203 0.7916140 0.0985872 0.6013400
29.133333 0.3944100 0.1085740 -3.5331200 -0.0422250 0.7910330 0.0963174 0.6026660
29.166667 0.3848030 0.1072330 -3.5259500 -0.0403649 0.7906430 0.0940640 0.6036610
29.200000 0.3751700 0.1047120 -3.5187600 -0.0390932 0.7901070 0.0921121 0.6047460
29.233333 0.3650980 0.1048130 -3.5112300 -0.0382398 0.7894100 0.0896292 0.6060830
29.266667 0.3554660 0.1023870 -3.5051700 -0.0389577 0.7881560 0.0880857 0.6078930
29.300000 0.3461000 0.0986772 -3.4975400 -0.0387834 0.7869890 0.0853776 0.6097990
29.333333 0.3363750 0.0985541 -3.4908700 -0.0374363 0.7856800 0.0816713 0.6120740
29.366667 0.3268080 0.0981050 -3.4831300 -0.0373296 0.7843150 0.0796278 0.6140970
29.400000 0.3168590 0.0970538 -3.4759600 -0.0377935 0.7825300 0.0785037 0.6164860
29.433333 0.3081590 0.0936177 -3.4701900 -0.0385841 0.7804590 0.0775786 0.6191740
29.466667 0.2990880 0.0916209 -3.4643600 -0.0387607 0.7784340 0.0763339 0.6218610
29.500000 0.2896220 0.0913284 -3.4575700 -0.0390055 0.7764360 0.0754095 0.6244510
29.533333 0.2805630 0.0907326 -3.4516200 -0.0391080 0.7740900 0.0749274 0.6274090
29.566667 0.2718210 0.0902472 -3.4457700 -0.0390153 0.7712600 0.0749357 0.6308890
29.600000 0.2637750 0.0882685 -3.4403900 -0.0391157 0.7678180 0.0756582 0.6349810
29.633333 0.2560290 0.0860209 -3.4349000 -0.0387190 0.7639000 0.0759410 0.6396800
29.666667 0.2483310 0.0832314 -3.4298300 -0.0378679 0.7595280 0.0758343 0.6449280
29.700000 0.2408270 0.0815918 -3.4249300 -0.0362959 0.7548470 0.0756479 0.6505120
29.733333 0.2333040 0.0798805 -3.4203700 -0.0344698 0.7499060 0.0751753 0.6563540
29.766667 0.2259500 0.0781188 -3.4160800 -0.0325908 0.7449860 0.0745175 0.6621040
29.800000 0.2185380 0.0767756 -3.4120300 -0.0312011 0.7404700 0.0736427 0.6673140
29.833333 0.2111990 0.0761337 -3.4076900 -0.0300666 0.7362020 0.0729491 0.6721470
29.866667 0.2041540 0.0742981 -3.4045200 -0.0298098 0.7318720 0.0723914 0.6769300
29.900000 0.1968820 0.0719330 -3.4012100 -0.0291133 0.7273080 0.0716454 0.6819400
29.933333 0.1891710 0.0713055 -3.3988200 -0.0274149 0.7223230 0.0706595 0.6873900
29.966667 0.1816810 0.0724058 -3.3968500 -0.0256001 0.7171700 0.0704187 0.6928590
30.000000 0.1746990 0.0719306 -3.3966700 -0.0254314 0.7123970 0.0710826 0.6977040
30.033333 0.1676780 0.0708566 -3.3961000 -0.0254196 0.7079270 0.0708784 0.7022600
30.066667 0.1599690 0.0710557 -3.3947800 -0.0253507 0.7037530 0.0703470 0.7064980
30.100000 0.1525430 0.0707910 -3.3945900 -0.0258463 0.6998530 0.0698475 0.7103930
30.133333 0.1451390 0.0691812 -3.3926800 -0.0261316 0.6959410 0.0690372 0.7142950
30.166667 0.1372230 0.0691566 -3.3924400 -0.0261133 0.6917800 0.0676706 0.7184570
30.200000 0.1293010 0.0700581 -3.3935300 -0.0259405 0.6876430 0.0663170 0.7225480
30.233333 0.1212800 0.0706377 -3.3949800 -0.0262249 0.6835150 0.0657867 0.7264930
30.266667 0.1132870 0.0705721 -3.3949100 -0.0268180 0.6797650 0.0654939 0.7300080
30.300000 0.1052790 0.0698369 -3.3949000 -0.0268368 0.6765870 0.0650827 0.7329900
30.333333 0.0971043 0.0708585 -3.3959700 -0.0263126 0.6734660 0.0643437 0.7359420
30.366667 0.0893943 0.0701935 -3.3956500 -0.0264041 0.6704620 0.0642131 0.7386880
30.400000 0.0818534 0.0691497 -3.3951800 -0.0263755 0.6675410 0.0635882 0.7413840
30.433333 0.0736558 0.0697258 -3.3950000 -0.0258932 0.6646950 0.0623569 0.7440570
30.466667 0.0661605 0.0704861 -3.3962300 -0.0254607 0.6616850 0.0612182 0.7468440
30.500000 0.0588359 0.0709007 -3.3961300 -0.0249693 0.6588400 0.0606320 0.7494200
30.533333 0.0513555 0.0731437 -3.3966400 -0.0247126 0.6559420 0.0603637 0.7519880
30.566667 0.0444236 0.0732198 -3.3959300 -0.0250761 0.6535080 0.0606295 0.7540700
30.600000 0.0380568 0.0723650 -3.3953400 -0.0248494 0.6511990 0.0605289 0.7560810
30.633333 0.0317174 0.0730386 -3.3952500 -0.0238932 0.6489410 0.0599576 0.7580960
30.666667 0.0261869 0.0724537 -3.3947100 -0.0229503 0.6468710 0.0596746 0.7599140
30.700000 0.0211170 0.0707309 -3.3933000 -0.0215063 0.6452000 0.0590366 0.7614260
30.733333 0.0162276 0.0704157 -3.3926800 -0.0191441 0.6435780 0.0580350 0.7629370
30.766667 0.0116946 0.0713074 -3.3930600 -0.0168368 0.6420740 0.0566644 0.7643600
30.800000 0.0068469 0.0720427 -3.3924100 -0.0153725 0.6409960 0.0558932 0.7653520
30.833333 0.0028967 0.0711455 -3.3923100 -0.0149959 0.6396020 0.0555624 0.7665490
30.866667 -0.0006124 0.0706773 -3.3922600 -0.0142246 0.6379020 0.0548523 0.7680300
30.900000 -0.0038072 0.0679953 -3.3903000 -0.0133817 0.6365530 0.0536533 0.7692480
30.933333 -0.0068152 0.0673203 -3.3893100 -0.0117448 0.6351160 0.0519443 0.7705790
30.966667 -0.0093456 0.0664744 -3.3884800 -0.0106496 0.6338310 0.0502158 0.7717660
31.000000 -0.0118600 0.0653093 -3.3876100 -0.0097133 0.6331290 0.0487277 0.7724500
31.033333 -0.0139171 0.0646706 -3.3874000 -0.0086358 0.6327040 0.0475520 0.7728840
31.066667 -0.0161493 0.0631464 -3.3861000 -0.0075545 0.6327420 0.0464393 0.7729320
31.100000 -0.0178257 0.0607424 -3.3846800 -0.0061321 0.6326850 0.0451449 0.7730680
31.133333 -0.0191120 0.0594943 -3.3844000 -0.0038719 0.6328540 0.0434297 0.7730430
31.166667 -0.0204460 0.0590451 -3.3842300 -0.0021206 0.6330540 0.0420406 0.7729620
31.200000 -0.0213749 0.0590847 -3.3841700 -0.0008559 0.6330790 0.0410389 0.7729980
31.233333 -0.0221990 0.0591555 -3.3842500 0.0002486 0.6331110 0.0400434 0.7730240
31.266667 -0.0221777 0.0584726 -3.3851300 0.0008437 0.6331840 0.0393864 0.7729980
31.300000 -0.0222558 0.0575116 -3.3855000 0.0011676 0.6336880 0.0387242 0.7726180
31.333333 -0.0225485 0.0557425 -3.3852600 0.0017766 0.6345080 0.0378655 0.7719870
31.366667 -0.0222659 0.0541811 -3.3856000 0.0027984 0.6353640 0.0368428 0.7713280
31.400000 -0.0220025 0.0534782 -3.3863800 0.0040449 0.6359170 0.0354328 0.7709330
31.433333 -0.0216153 0.0519068 -3.3869600 0.0049958 0.6363880 0.0341685 0.7705960
31.466667 -0.0211468 0.0509841 -3.3876600 0.0063332 0.6368150 0.0329414 0.7702870
31.500000 -0.0211585 0.0505140 -3.3879300 0.0075714 0.6373340 0.0317077 0.7698970
31.533333 -0.0207680 0.0495634 -3.3879100 0.0085783 0.6380200 0.0307748 0.7693560
31.566667 -0.0205098 0.0489128 -3.3881700 0.0097099 0.6388350 0.0296355 0.7687120
31.600000 -0.0199104 0.0480404 -3.3889000 0.0110479 0.6395410 0.0285779 0.7681460
31.633333 -0.0191312 0.0467575 -3.3896500 0.0119014 0.6399590 0.0278062 0.7678140
31.666667 -0.0184843 0.0458961 -3.3900700 0.0126429 0.6401430 0.0271605 0.7676710
31.700000 -0.0180813 0.0450568 -3.3896900 0.0137036 0.6405490 0.0259168 0.7673580
31.733333 -0.0169474 0.0443120 -3.3908600 0.0145180 0.6407900 0.0252272 0.7671640
31.766667 -0.0161964 0.0431814 -3.3911100 0.0150301 0.6411530 0.0249857 0.7668590
31.800000 -0.0157194 0.0431812 -3.3911400 0.0161957 0.6414980 0.0245335 0.7665610
31.833333 -0.0147294 0.0420580 -3.3920600 0.0171426 0.6418460 0.0244259 0.7662520
31.866667 -0.0143569 0.0425949 -3.3926800 0.0181403 0.6421920 0.0241781 0.7659480
31.900000 -0.0138884 0.0419545 -3.3927800 0.0191527 0.6426860 0.0245955 0.7654960
31.933333 -0.0130204 0.0421124 -3.3935100 0.0203094 0.6429250 0.0249414 0.7652540
31.966667 -0.0125525 0.0417423 -3.3934400 0.0209474 0.6434180 0.0254356 0.7648060
32.000000 -0.0116035 0.0414300 -3.3940200 0.0216514 0.6436960 0.0259325 0.7645350
32.033333 -0.0108034 0.0412474 -3.3946000 0.0226322 0.6441230 0.0263535 0.7641320
32.066667 -0.0099906 0.0418355 -3.3950200 0.0237166 0.6446410 0.0266806 0.7636510
32.100000 -0.0090055 0.0412440 -3.3953900 0.0246112 0.6452040 0.0269643 0.7631380
32.133333 -0.0082139 0.0410328 -3.3955700 0.0254844 0.6459860 0.0268094 0.7624520
32.166667 -0.0074485 0.0411503 -3.3961100 0.0261656 0.6467430 0.0265084 0.7617980
