#TimeStamp Tx Ty Tz Qx Qy Qz Qw
0.033333 0.0000000 0.0000000 -2.5000000 0.0000000 0.0000000 0.0000000 1.0000000
0.066667 -0.0051775 -0.0011587 -2.5000100 0.0004478 -0.0000339 0.0001172 1.0000000
0.100000 -0.0031929 -0.0004184 -2.5012300 0.0010839 -0.0013958 0.0000474 0.9999980
0.133333 -0.0065367 -0.0011978 -2.4995100 0.0010048 -0.0011092 -0.0001463 0.9999990
0.166667 -0.0055630 -0.0006683 -2.5005100 0.0013317 -0.0014721 -0.0002002 0.9999980
0.200000 -0.0056975 -0.0004680 -2.5001600 0.0011185 -0.0015643 -0.0000909 0.9999980
0.233333 -0.0072696 -0.0006480 -2.5003300 0.0011280 -0.0014853 -0.0000298 0.9999980
0.266667 -0.0094404 -0.0000069 -2.5003500 0.0010548 -0.0013537 -0.0003190 0.9999980
0.300000 -0.0095449 -0.0012476 -2.4996300 0.0007661 -0.0015171 -0.0006182 0.9999980
0.333333 -0.0106447 -0.0002780 -2.4989400 0.0009448 -0.0016183 -0.0011077 0.9999980
0.366667 -0.0106599 -0.0001676 -2.4998500 0.0005930 -0.0016356 -0.0017800 0.9999970
0.400000 -0.0133462 0.0000134 -2.4992900 0.0002575 -0.0008089 -0.0024214 0.9999970
0.433333 -0.0132873 -0.0012264 -2.4998800 -0.0003584 -0.0008827 -0.0026614 0.9999960
0.466667 -0.0166674 -0.0024056 -2.4990200 -0.0001882 -0.0001901 -0.0028318 0.9999960
0.500000 -0.0157616 -0.0005453 -2.5003400 0.0004367 -0.0003665 -0.0030480 0.9999950
0.533333 -0.0180395 0.0007663 -2.5021000 -0.0001133 0.0005354 -0.0033844 0.9999940
0.566667 -0.0197210 0.0006769 -2.5010400 -0.0011583 0.0010042 -0.0034648 0.9999930
0.600000 -0.0213499 0.0003173 -2.5015400 -0.0017379 0.0014761 -0.0038547 0.9999900
0.633333 -0.0246902 0.0015886 -2.5021200 -0.0021001 0.0024792 -0.0044824 0.9999850
0.666667 -0.0279191 0.0005894 -2.5017900 -0.0029905 0.0035784 -0.0047476 0.9999780
0.700000 -0.0341349 0.0014513 -2.5025000 -0.0030694 0.0051411 -0.0047026 0.9999710
0.733333 -0.0334823 0.0022819 -2.5044500 -0.0037104 0.0056673 -0.0047403 0.9999660
0.766667 -0.0426419 0.0006056 -2.5052400 -0.0047660 0.0080324 -0.0048826 0.9999440
0.800000 -0.0438895 -0.0008240 -2.5061000 -0.0046633 0.0089852 -0.0052602 0.9999350
0.833333 -0.0507450 0.0009084 -2.5055100 -0.0037865 0.0113804 -0.0053506 0.9999140
0.866667 -0.0569243 0.0015514 -2.5081800 -0.0042988 0.0137005 -0.0049662 0.9998850
0.900000 -0.0621893 -0.0003572 -2.5085300 -0.0050116 0.0154508 -0.0044117 0.9998580
0.933333 -0.0688198 -0.0007539 -2.5117500 -0.0045948 0.0176551 -0.0038424 0.9998260
0.966667 -0.0793190 0.0002987 -2.5099100 -0.0043526 0.0204062 -0.0035969 0.9997760
1.000000 -0.0863693 -0.0006285 -2.5120200 -0.0049351 0.0222641 -0.0033989 0.9997340
1.033333 -0.0938022 -0.0011752 -2.5147200 -0.0048153 0.0245707 -0.0031213 0.9996820
1.066667 -0.0998557 -0.0007329 -2.5152000 -0.0045434 0.0262407 -0.0026040 0.9996420
1.100000 -0.1307770 -0.0000927 -2.5160600 -0.0045166 0.0306998 -0.0031670 0.9995130
1.133333 -0.1345330 -0.0010004 -2.5190200 -0.0049161 0.0316589 -0.0020025 0.9994850
1.166667 -0.1407690 -0.0019083 -2.5209900 -0.0045486 0.0326662 -0.0002709 0.9994560
1.200000 -0.1526360 0.0004952 -2.5199700 -0.0038445 0.0345563 0.0003651 0.9993950
1.233333 -0.1655820 0.0011394 -2.5194700 -0.0045271 0.0372340 0.0003799 0.9992960
1.266667 -0.1690700 0.0015523 -2.5233300 -0.0050961 0.0384912 0.0000963 0.9992460
1.300000 -0.1799680 0.0033255 -2.5229600 -0.0057852 0.0412703 -0.0005660 0.9991310
1.333333 -0.1913500 0.0045991 -2.5214700 -0.0071932 0.0441586 -0.0014501 0.9989980
1.366667 -0.2059560 0.0031331 -2.5192100 -0.0090013 0.0470338 -0.0018456 0.9988510
1.400000 -0.2133850 0.0028446 -2.5155900 -0.0095392 0.0477737 -0.0022933 0.9988100
1.433333 -0.2202540 0.0033677 -2.5180700 -0.0098611 0.0489334 -0.0031031 0.9987490
1.466667 -0.2294840 0.0013497 -2.5139600 -0.0105742 0.0498695 -0.0038497 0.9986920
1.500000 -0.2360120 0.0007219 -2.5138500 -0.0099778 0.0504319 -0.0044728 0.9986680
1.533333 -0.2392710 0.0026226 -2.5143600 -0.0090800 0.0505519 -0.0055445 0.9986650
1.566667 -0.2442130 0.0029035 -2.5132500 -0.0094272 0.0511418 -0.0064078 0.9986260
1.600000 -0.2521920 0.0017557 -2.5124300 -0.0095756 0.0524949 -0.0065147 0.9985540
1.633333 -0.2678580 0.0025096 -2.5073400 -0.0087354 0.0549762 -0.0062319 0.9984300
1.666667 -0.2660130 0.0024898 -2.5105600 -0.0082540 0.0543559 -0.0058697 0.9984700
1.700000 -0.2703670 0.0020113 -2.5113700 -0.0073466 0.0550164 -0.0059460 0.9984410
1.733333 -0.2725110 0.0042834 -2.5151000 -0.0059065 0.0553022 -0.0067669 0.9984290
1.766667 -0.2868270 0.0063255 -2.5091000 -0.0058846 0.0569458 -0.0078861 0.9983290
1.800000 -0.2892990 0.0053766 -2.5093500 -0.0065889 0.0567265 -0.0089779 0.9983280
1.833333 -0.3111740 0.0055404 -2.4997200 -0.0062762 0.0605240 -0.0098932 0.9980980
1.866667 -0.3165180 0.0084722 -2.4993300 -0.0054906 0.0610825 -0.0102859 0.9980650
1.900000 -0.3267330 0.0094650 -2.4965100 -0.0065081 0.0627055 -0.0097644 0.9979630
1.933333 -0.3422470 0.0074678 -2.4904300 -0.0072702 0.0656675 -0.0086602 0.9977780
1.966667 -0.3456670 0.0093193 -2.4927300 -0.0064319 0.0661823 -0.0074216 0.9977590
2.000000 -0.3530860 0.0110216 -2.4932400 -0.0069807 0.0677809 -0.0062397 0.9976560
2.033333 -0.3791600 0.0112870 -2.4825400 -0.0079837 0.0738178 -0.0051727 0.9972260
2.066667 -0.3886550 0.0127296 -2.4817100 -0.0087471 0.0772004 -0.0039396 0.9969690
2.100000 -0.4024590 0.0119624 -2.4770600 -0.0101231 0.0812473 -0.0019809 0.9966410
2.133333 -0.4176110 0.0126162 -2.4734000 -0.0109109 0.0853415 -0.0000773 0.9962920
2.166667 -0.4293540 0.0114393 -2.4715200 -0.0122999 0.0889255 0.0010065 0.9959620
2.200000 -0.4406460 0.0089920 -2.4692000 -0.0131535 0.0925483 0.0019030 0.9956200
2.233333 -0.4528960 0.0092068 -2.4703000 -0.0129844 0.0957704 0.0022255 0.9953160
2.266667 -0.4633920 0.0092187 -2.4656500 -0.0137113 0.0984506 0.0018451 0.9950460
2.300000 -0.4732160 0.0071526 -2.4661400 -0.0149754 0.1010130 0.0012365 0.9947720
2.333333 -0.4810810 0.0061459 -2.4695900 -0.0156723 0.1023420 -0.0000461 0.9946260
2.366667 -0.4987800 0.0003507 -2.4664400 -0.0171339 0.1070080 -0.0039546 0.9941030
2.400000 -0.5097610 -0.0011864 -2.4647900 -0.0167481 0.1098220 -0.0056074 0.9937940
2.433333 -0.5121200 -0.0034141 -2.4681800 -0.0165550 0.1108630 -0.0072739 0.9936710
2.466667 -0.5136520 -0.0077829 -2.4709800 -0.0165421 0.1114730 -0.0087075 0.9935920
2.500000 -0.5115440 -0.0119503 -2.4796700 -0.0150729 0.1123810 -0.0099757 0.9935010
2.533333 -0.5120870 -0.0129180 -2.4872200 -0.0127309 0.1140250 -0.0111507 0.9933340
2.566667 -0.5102500 -0.0148966 -2.4951100 -0.0114784 0.1156090 -0.0116148 0.9931610
2.600000 -0.5178640 -0.0184133 -2.4975400 -0.0106865 0.1190790 -0.0116545 0.9927590
2.633333 -0.5217060 -0.0217800 -2.5016400 -0.0090127 0.1218700 -0.0115104 0.9924380
2.666667 -0.5348680 -0.0204465 -2.4988900 -0.0068356 0.1263310 -0.0113392 0.9919000
2.700000 -0.5442140 -0.0205131 -2.4998300 -0.0068256 0.1307580 -0.0106877 0.9913330
2.733333 -0.5528060 -0.0229292 -2.5034800 -0.0072418 0.1349360 -0.0096851 0.9907800
2.766667 -0.5666260 -0.0216241 -2.5037500 -0.0069991 0.1398390 -0.0092130 0.9901070
2.800000 -0.5816410 -0.0226288 -2.5038200 -0.0080755 0.1456660 -0.0089183 0.9892610
2.833333 -0.5979980 -0.0230052 -2.4999800 -0.0083458 0.1522390 -0.0080634 0.9882760
2.866667 -0.6087470 -0.0216520 -2.5007800 -0.0086107 0.1560300 -0.0063612 0.9876940
2.900000 -0.6230820 -0.0218272 -2.5007700 -0.0094285 0.1599410 -0.0044934 0.9870710
2.933333 -0.6333850 -0.0218837 -2.5009200 -0.0097313 0.1632950 -0.0026498 0.9865260
2.966667 -0.6416650 -0.0198500 -2.5026600 -0.0095943 0.1659770 -0.0009926 0.9860820
3.000000 -0.6576570 -0.0181561 -2.4998600 -0.0106136 0.1701050 0.0001316 0.9853690
3.033333 -0.6744040 -0.0200324 -2.4944800 -0.0121453 0.1747390 0.0008780 0.9845390
3.066667 -0.6796800 -0.0192292 -2.4984300 -0.0118834 0.1764840 0.0014125 0.9842310
3.100000 -0.6876650 -0.0166559 -2.4993100 -0.0120587 0.1789640 0.0016713 0.9837800
3.133333 -0.7020460 -0.0175636 -2.4924100 -0.0131946 0.1824480 0.0021168 0.9831250
3.166667 -0.7132600 -0.0169797 -2.4932100 -0.0130443 0.1855630 0.0023115 0.9825430
3.200000 -0.7193910 -0.0138583 -2.4915300 -0.0130155 0.1873570 0.0022763 0.9822030
3.233333 -0.7354610 -0.0128744 -2.4875100 -0.0143885 0.1913670 0.0024231 0.9814100
3.266667 -0.7415720 -0.0141625 -2.4841800 -0.0156062 0.1931970 0.0026647 0.9810320
3.300000 -0.7506970 -0.0133512 -2.4800300 -0.0154680 0.1956930 0.0025108 0.9805400
3.333333 -0.7602260 -0.0110695 -2.4738900 -0.0152943 0.1985550 0.0020560 0.9799680
3.366667 -0.7641890 -0.0094192 -2.4723300 -0.0157504 0.1997040 0.0014094 0.9797290
3.400000 -0.7760210 -0.0084677 -2.4654600 -0.0162554 0.2031560 0.0009955 0.9790110
3.433333 -0.7900660 -0.0055473 -2.4520600 -0.0162549 0.2075520 0.0010006 0.9780880
3.466667 -0.7932090 -0.0050967 -2.4503400 -0.0171396 0.2096920 0.0017158 0.9776160
3.500000 -0.8003070 -0.0053260 -2.4450600 -0.0170798 0.2125820 0.0024911 0.9769910
3.533333 -0.8007110 -0.0019641 -2.4493900 -0.0162296 0.2134680 0.0030248 0.9768110
3.566667 -0.8113990 -0.0002735 -2.4405800 -0.0171458 0.2167140 0.0026663 0.9760810
3.600000 -0.8134490 -0.0002332 -2.4396000 -0.0182748 0.2188960 0.0030056 0.9755720
3.633333 -0.8222250 0.0010869 -2.4309000 -0.0188993 0.2231830 0.0036330 0.9745870
3.666667 -0.8293300 0.0030773 -2.4240500 -0.0197793 0.2268750 0.0042299 0.9737140
3.700000 -0.8381370 0.0031071 -2.4158500 -0.0213609 0.2312710 0.0047697 0.9726430
3.733333 -0.8429180 0.0036173 -2.4115900 -0.0223677 0.2347990 0.0054503 0.9717710
3.766667 -0.8548940 0.0048368 -2.3987100 -0.0233346 0.2402010 0.0064473 0.9704210
3.800000 -0.8558880 0.0050364 -2.3969200 -0.0248614 0.2427570 0.0074291 0.9697400
3.833333 -0.8674260 0.0032258 -2.3840800 -0.0264632 0.2479090 0.0083938 0.9683850
3.866667 -0.8760140 0.0008953 -2.3728000 -0.0264781 0.2516010 0.0090742 0.9674260
3.900000 -0.8822730 0.0029659 -2.3686800 -0.0252907 0.2550910 0.0088485 0.9665460
3.933333 -0.8893710 0.0039065 -2.3613700 -0.0257366 0.2588670 0.0081665 0.9655350
3.966667 -0.8969790 0.0031164 -2.3526300 -0.0264671 0.2627810 0.0076244 0.9644620
4.000000 -0.9074420 0.0048232 -2.3336600 -0.0267905 0.2671460 0.0067303 0.9632600
4.033333 -0.9092690 0.0032330 -2.3329000 -0.0283379 0.2692330 0.0062089 0.9626380
4.066667 -0.9155910 -0.0007870 -2.3259100 -0.0287165 0.2722890 0.0062771 0.9617660
4.100000 -0.9259690 -0.0003390 -2.3088700 -0.0269868 0.2769760 0.0062488 0.9604770
4.133333 -0.9309510 0.0003107 -2.3037300 -0.0259467 0.2805400 0.0066010 0.9594690
4.166667 -0.9363990 -0.0004001 -2.2959400 -0.0255737 0.2839220 0.0067352 0.9584830
4.200000 -0.9470620 -0.0001323 -2.2778400 -0.0251898 0.2890700 0.0062048 0.9569570
4.233333 -0.9532530 0.0004478 -2.2718300 -0.0253544 0.2928020 0.0056551 0.9558200
4.266667 -0.9578010 0.0005569 -2.2648000 -0.0257917 0.2962110 0.0055332 0.9547580
4.300000 -0.9676080 0.0020838 -2.2455300 -0.0259741 0.3012700 0.0058544 0.9531670
4.333333 -0.9717910 0.0018437 -2.2413500 -0.0265021 0.3048860 0.0068204 0.9519950
4.366667 -0.9724050 0.0020947 -2.2441200 -0.0265899 0.3080170 0.0076190 0.9509790
4.400000 -0.9840070 0.0033419 -2.2238200 -0.0269901 0.3143510 0.0078990 0.9488900
4.433333 -0.9940510 0.0019889 -2.2063400 -0.0275288 0.3214460 0.0085261 0.9464890
4.466667 -0.9979140 0.0019686 -2.2024000 -0.0268648 0.3263290 0.0092548 0.9448290
4.500000 -1.0058600 0.0029471 -2.1896300 -0.0260591 0.3316800 0.0101427 0.9429770
4.533333 -1.0118600 0.0033956 -2.1798800 -0.0255977 0.3355620 0.0113821 0.9416010
4.566667 -1.0183100 0.0047960 -2.1751600 -0.0248581 0.3400940 0.0124411 0.9399810
4.600000 -1.0252600 0.0075164 -2.1700000 -0.0248811 0.3452920 0.0134530 0.9380690
4.633333 -1.0358700 0.0078752 -2.1549100 -0.0264789 0.3518770 0.0146401 0.9355570
4.666667 -1.0421800 0.0069857 -2.1491800 -0.0279370 0.3570330 0.0155612 0.9335440
4.700000 -1.0526700 0.0081136 -2.1336800 -0.0286615 0.3633730 0.0163643 0.9310590
4.733333 -1.0588000 0.0065219 -2.1229600 -0.0297832 0.3681890 0.0177925 0.9291030
4.766667 -1.0660200 0.0053914 -2.1145900 -0.0293569 0.3728330 0.0188866 0.9272420
4.800000 -1.0723900 0.0069702 -2.1076200 -0.0281730 0.3769240 0.0193733 0.9256130
4.833333 -1.0790900 0.0076389 -2.0976700 -0.0275690 0.3815100 0.0196063 0.9237450
4.866667 -1.0907700 0.0100851 -2.0754700 -0.0271990 0.3887400 0.0192058 0.9207460
4.900000 -1.0925900 0.0104446 -2.0721000 -0.0278721 0.3925030 0.0190239 0.9191320
4.933333 -1.0977400 0.0104425 -2.0603700 -0.0284124 0.3973850 0.0189229 0.9170170
4.966667 -1.1020000 0.0113709 -2.0511400 -0.0287217 0.4013030 0.0188530 0.9153010
5.000000 -1.1058900 0.0116079 -2.0407300 -0.0295804 0.4049860 0.0187830 0.9136510
5.033333 -1.1096100 0.0109553 -2.0291800 -0.0301411 0.4091300 0.0188906 0.9117820
5.066667 -1.1139200 0.0127838 -2.0202400 -0.0300221 0.4131610 0.0190951 0.9099630
5.100000 -1.1191600 0.0144613 -2.0071600 -0.0305687 0.4172780 0.0199137 0.9080460
5.133333 -1.1212700 0.0161095 -1.9992000 -0.0312967 0.4207930 0.0213881 0.9063650
5.166667 -1.1267800 0.0161259 -1.9832300 -0.0322011 0.4255590 0.0232023 0.9040600
5.200000 -1.1296300 0.0163927 -1.9717400 -0.0324349 0.4302480 0.0248391 0.9017860
5.233333 -1.1332900 0.0174088 -1.9541900 -0.0322172 0.4352830 0.0263007 0.8993320
5.266667 -1.1342400 0.0187862 -1.9461900 -0.0319558 0.4394210 0.0273200 0.8972970
5.300000 -1.1359600 0.0184808 -1.9296100 -0.0321267 0.4445730 0.0283253 0.8947180
5.333333 -1.1362100 0.0187874 -1.9183000 -0.0315240 0.4493260 0.0282593 0.8923640
5.366667 -1.1367800 0.0215535 -1.9066400 -0.0309379 0.4543880 0.0277067 0.8898350
5.400000 -1.1383100 0.0210898 -1.8926500 -0.0314607 0.4596870 0.0273829 0.8871010
5.433333 -1.1388500 0.0204558 -1.8798800 -0.0314189 0.4642480 0.0265280 0.8847500
5.466667 -1.1404100 0.0204296 -1.8605200 -0.0310882 0.4691530 0.0253189 0.8822060
5.500000 -1.1398700 0.0204358 -1.8483900 -0.0307780 0.4728920 0.0236113 0.8802660
5.533333 -1.1389900 0.0190217 -1.8371100 -0.0306091 0.4758250 0.0221589 0.8787280
5.566667 -1.1386600 0.0197375 -1.8237400 -0.0293062 0.4787390 0.0207892 0.8772220
5.600000 -1.1389100 0.0231826 -1.8083600 -0.0289308 0.4818010 0.0198918 0.8755770
5.633333 -1.1414700 0.0222275 -1.7896800 -0.0303670 0.4859770 0.0201721 0.8732110
5.666667 -1.1406000 0.0198832 -1.7796300 -0.0309595 0.4889410 0.0206398 0.8715230
5.700000 -1.1403000 0.0195088 -1.7656200 -0.0303864 0.4917600 0.0205943 0.8699570
5.733333 -1.1409800 0.0188940 -1.7503900 -0.0299053 0.4944740 0.0204485 0.8684370
5.766667 -1.1423600 0.0179698 -1.7366300 -0.0292421 0.4966270 0.0203276 0.8672330
5.800000 -1.1419500 0.0179753 -1.7236900 -0.0283462 0.4980260 0.0201919 0.8664630
5.833333 -1.1435400 0.0186906 -1.7077100 -0.0278005 0.4987940 0.0196541 0.8660520
5.866667 -1.1423500 0.0217376 -1.7002700 -0.0279859 0.4986370 0.0184717 0.8661620
5.900000 -1.1410200 0.0226841 -1.6924300 -0.0303702 0.4993270 0.0179707 0.8656950
5.933333 -1.1410000 0.0208197 -1.6775400 -0.0328065 0.5014010 0.0182412 0.8644010
5.966667 -1.1403200 0.0191243 -1.6632900 -0.0338265 0.5035650 0.0181244 0.8631040
6.000000 -1.1382100 0.0191398 -1.6516100 -0.0340494 0.5057460 0.0174693 0.8618330
6.033333 -1.1388500 0.0198748 -1.6365900 -0.0342284 0.5088910 0.0169039 0.8599840
6.066667 -1.1410400 0.0204692 -1.6189400 -0.0348219 0.5117800 0.0162466 0.8582570
6.100000 -1.1388600 0.0216446 -1.6075800 -0.0355252 0.5138290 0.0159678 0.8570080
6.133333 -1.1375200 0.0223782 -1.5910100 -0.0365458 0.5171740 0.0159056 0.8549520
6.166667 -1.1381300 0.0240619 -1.5714300 -0.0373688 0.5213610 0.0159321 0.8523690
6.200000 -1.1351300 0.0245783 -1.5625100 -0.0388463 0.5252970 0.0162407 0.8498770
6.233333 -1.1330700 0.0218418 -1.5456700 -0.0400462 0.5301010 0.0168456 0.8468210
6.266667 -1.1312500 0.0202243 -1.5264600 -0.0393503 0.5351710 0.0164078 0.8436670
6.300000 -1.1292200 0.0225284 -1.5107200 -0.0380521 0.5394650 0.0153516 0.8410070
6.333333 -1.1283300 0.0212917 -1.4929800 -0.0383896 0.5442330 0.0153130 0.8379150
6.366667 -1.1248400 0.0158253 -1.4763800 -0.0378037 0.5487810 0.0155021 0.8349670
6.400000 -1.1253600 0.0168388 -1.4566600 -0.0344097 0.5538090 0.0139465 0.8318160
6.433333 -1.1262200 0.0225034 -1.4395400 -0.0326695 0.5586460 0.0125713 0.8286670
6.466667 -1.1254400 0.0237286 -1.4256800 -0.0344090 0.5633410 0.0130678 0.8254040
6.500000 -1.1239200 0.0210319 -1.4072200 -0.0368445 0.5680840 0.0142476 0.8220220
6.533333 -1.1224800 0.0181472 -1.3941400 -0.0378366 0.5726150 0.0152487 0.8188090
6.566667 -1.1218400 0.0155008 -1.3757800 -0.0373299 0.5779180 0.0160093 0.8150840
6.600000 -1.1201200 0.0157449 -1.3587500 -0.0353063 0.5824840 0.0161987 0.8119130
6.633333 -1.1205100 0.0185800 -1.3438900 -0.0336596 0.5868680 0.0162979 0.8088190
6.666667 -1.1203800 0.0195632 -1.3236500 -0.0336470 0.5918990 0.0170354 0.8051290
6.700000 -1.1177600 0.0194981 -1.3124000 -0.0338017 0.5957550 0.0179616 0.8022540
6.733333 -1.1158300 0.0189013 -1.2935700 -0.0336776 0.6002170 0.0186375 0.7989110
6.766667 -1.1141800 0.0205355 -1.2801200 -0.0327076 0.6038480 0.0188985 0.7962040
6.800000 -1.1113500 0.0225904 -1.2675600 -0.0324343 0.6065500 0.0192679 0.7941500
6.833333 -1.1080200 0.0234346 -1.2529100 -0.0334966 0.6091600 0.0195917 0.7920980
6.866667 -1.1034200 0.0212178 -1.2379500 -0.0348239 0.6116300 0.0200157 0.7901240
6.900000 -1.0990400 0.0198414 -1.2240000 -0.0348568 0.6135710 0.0193657 0.7886320
6.933333 -1.0943900 0.0187454 -1.2098500 -0.0344254 0.6161670 0.0182140 0.7866520
6.966667 -1.0885600 0.0187297 -1.1977900 -0.0333365 0.6189610 0.0163862 0.7845430
7.000000 -1.0835300 0.0217128 -1.1830500 -0.0322867 0.6225870 0.0145512 0.7817490
7.033333 -1.0759500 0.0193162 -1.1702500 -0.0328228 0.6253710 0.0139698 0.7795120
7.066667 -1.0693200 0.0162785 -1.1542500 -0.0317954 0.6288180 0.0125911 0.7768000
7.100000 -1.0619200 0.0170918 -1.1408800 -0.0292482 0.6312610 0.0101258 0.7749520
7.133333 -1.0536000 0.0185347 -1.1297000 -0.0271116 0.6334140 0.0086286 0.7732900
7.166667 -1.0437500 0.0146966 -1.1166800 -0.0258811 0.6353920 0.0081374 0.7717130
7.200000 -1.0343000 0.0127873 -1.0982800 -0.0228908 0.6378690 0.0062661 0.7697790
7.233333 -1.0251800 0.0138009 -1.0882400 -0.0200691 0.6394490 0.0040295 0.7685610
7.266667 -1.0144400 0.0116735 -1.0768600 -0.0185213 0.6416990 0.0027776 0.7667280
7.300000 -1.0032700 0.0073452 -1.0637400 -0.0167354 0.6445430 0.0013702 0.7643830
7.333333 -0.9930810 0.0070879 -1.0506700 -0.0137934 0.6477840 -0.0008503 0.7616980
7.366667 -0.9833450 0.0064387 -1.0348600 -0.0118866 0.6508250 -0.0024239 0.7591310
7.400000 -0.9719960 0.0038712 -1.0242800 -0.0103587 0.6531920 -0.0037192 0.7571120
7.433333 -0.9606120 0.0015135 -1.0123000 -0.0086783 0.6562080 -0.0052303 0.7545120
7.466667 -0.9495090 -0.0006835 -1.0034000 -0.0065980 0.6588860 -0.0064464 0.7521870
7.500000 -0.9386090 -0.0039821 -0.9906720 -0.0041755 0.6617550 -0.0070869 0.7496750
7.533333 -0.9256280 -0.0095696 -0.9809690 -0.0012309 0.6633550 -0.0075965 0.7482660
7.566667 -0.9132470 -0.0146792 -0.9656640 0.0024969 0.6648080 -0.0091474 0.7469540
7.600000 -0.9017110 -0.0184059 -0.9571490 0.0065275 0.6653760 -0.0115691 0.7463900
7.633333 -0.8899440 -0.0223420 -0.9493970 0.0101544 0.6658540 -0.0146073 0.7458700
7.666667 -0.8799120 -0.0230083 -0.9412650 0.0130990 0.6665050 -0.0189110 0.7451460
7.700000 -0.8696900 -0.0257750 -0.9319700 0.0144233 0.6673300 -0.0228162 0.7442730
7.733333 -0.8593070 -0.0285110 -0.9238410 0.0156301 0.6680090 -0.0265396 0.7435160
7.766667 -0.8486250 -0.0322168 -0.9160780 0.0166977 0.6691070 -0.0298508 0.7423780
7.800000 -0.8378090 -0.0354235 -0.9079950 0.0181585 0.6702810 -0.0328231 0.7411590
7.833333 -0.8276530 -0.0378301 -0.8985560 0.0195665 0.6713060 -0.0355393 0.7400690
7.866667 -0.8169090 -0.0420063 -0.8913370 0.0204991 0.6720440 -0.0376343 0.7392700
7.900000 -0.8052000 -0.0479836 -0.8823860 0.0218390 0.6728800 -0.0395814 0.7383690
7.933333 -0.7936160 -0.0531604 -0.8738820 0.0239444 0.6736520 -0.0420231 0.7374650
7.966667 -0.7826700 -0.0577269 -0.8640890 0.0263483 0.6745200 -0.0446930 0.7364310
8.000000 -0.7726860 -0.0579529 -0.8546340 0.0296809 0.6755530 -0.0473915 0.7351880
8.033333 -0.7621960 -0.0601499 -0.8452210 0.0316300 0.6767220 -0.0494002 0.7338980
8.066667 -0.7504590 -0.0661571 -0.8362850 0.0324553 0.6782690 -0.0512798 0.7323030
8.100000 -0.7384740 -0.0726144 -0.8269760 0.0340655 0.6807550 -0.0539871 0.7297240
8.133333 -0.7276750 -0.0747011 -0.8181040 0.0371856 0.6836500 -0.0570429 0.7266270
8.166667 -0.7168100 -0.0770681 -0.8081230 0.0402196 0.6866260 -0.0591819 0.7234800
8.200000 -0.7068730 -0.0764351 -0.7972590 0.0433147 0.6894820 -0.0608547 0.7204410
8.233333 -0.6971150 -0.0775716 -0.7878370 0.0453715 0.6925950 -0.0614809 0.7172680
8.266667 -0.6866570 -0.0792980 -0.7793460 0.0477149 0.6960960 -0.0613103 0.7137330
8.300000 -0.6766360 -0.0807848 -0.7693610 0.0495605 0.7001030 -0.0613433 0.7096740
8.333333 -0.6662210 -0.0833018 -0.7595310 0.0511756 0.7042160 -0.0614138 0.7054710
8.366667 -0.6574570 -0.0813782 -0.7481240 0.0529509 0.7081220 -0.0622406 0.7013460
8.400000 -0.6496370 -0.0771441 -0.7375930 0.0535097 0.7114500 -0.0621158 0.6979370
8.433333 -0.6394450 -0.0805001 -0.7275880 0.0526712 0.7147870 -0.0602930 0.6947450
8.466667 -0.6279720 -0.0871577 -0.7173060 0.0524994 0.7176950 -0.0585658 0.6919020
8.500000 -0.6160650 -0.0916350 -0.7076230 0.0540355 0.7199170 -0.0580391 0.6895150
8.533333 -0.6061200 -0.0905318 -0.6980050 0.0558431 0.7220180 -0.0586167 0.6871210
8.566667 -0.5952530 -0.0953991 -0.6879440 0.0558730 0.7247560 -0.0588731 0.6842080
8.600000 -0.5842460 -0.0991049 -0.6805820 0.0567453 0.7276630 -0.0601634 0.6809310
8.633333 -0.5738720 -0.1002020 -0.6714010 0.0576960 0.7310520 -0.0620114 0.6770440
8.666667 -0.5638140 -0.0991778 -0.6638990 0.0583663 0.7336920 -0.0635656 0.6739800
8.700000 -0.5538190 -0.0989439 -0.6559220 0.0581137 0.7363530 -0.0643817 0.6710160
8.733333 -0.5423700 -0.1001490 -0.6495420 0.0575795 0.7385840 -0.0650574 0.6685400
8.766667 -0.5314040 -0.0993552 -0.6430230 0.0572690 0.7405400 -0.0659947 0.6663070
8.800000 -0.5193620 -0.1009110 -0.6360400 0.0568602 0.7420560 -0.0662793 0.6646250
8.833333 -0.5063800 -0.1032170 -0.6310730 0.0565531 0.7428830 -0.0671042 0.6636440
8.866667 -0.4942180 -0.1019420 -0.6266880 0.0568508 0.7436300 -0.0683828 0.6626510
8.900000 -0.4820830 -0.1009490 -0.6199690 0.0563861 0.7450000 -0.0695443 0.6610290
8.933333 -0.4692630 -0.1007140 -0.6174020 0.0557249 0.7461970 -0.0703709 0.6596460
8.966667 -0.4419560 -0.1051670 -0.6054700 0.0552024 0.7488670 -0.0714433 0.6565420
9.000000 -0.4263670 -0.1090030 -0.6015060 0.0567801 0.7491340 -0.0735252 0.6558720
9.033333 -0.4134090 -0.1067090 -0.5976920 0.0592776 0.7493990 -0.0767888 0.6549740
9.066667 -0.3998180 -0.1071750 -0.5926630 0.0603804 0.7504340 -0.0786613 0.6534640
9.100000 -0.3855110 -0.1082520 -0.5885370 0.0611376 0.7514510 -0.0805500 0.6519930
9.133333 -0.3715800 -0.1081080 -0.5854790 0.0613731 0.7522270 -0.0823137 0.6508540
9.166667 -0.3570300 -0.1099840 -0.5811550 0.0605325 0.7531510 -0.0837236 0.6496840
9.200000 -0.3423740 -0.1114600 -0.5772760 0.0601246 0.7540070 -0.0855178 0.6484950
9.233333 -0.3276860 -0.1131860 -0.5733780 0.0603558 0.7546860 -0.0873203 0.6474420
9.266667 -0.3125510 -0.1148830 -0.5688760 0.0610973 0.7552040 -0.0892489 0.6465050
9.300000 -0.2973510 -0.1174290 -0.5651200 0.0617041 0.7556110 -0.0911451 0.6457070
9.333333 -0.2831010 -0.1181950 -0.5621470 0.0624306 0.7560960 -0.0929702 0.6448080
9.366667 -0.2703220 -0.1168110 -0.5571120 0.0628894 0.7570870 -0.0942647 0.6434110
9.400000 -0.2570510 -0.1180970 -0.5542690 0.0625309 0.7581280 -0.0945070 0.6421840
9.433333 -0.2435160 -0.1200030 -0.5481100 0.0627749 0.7592710 -0.0953308 0.6406870
9.466667 -0.2309400 -0.1208390 -0.5434680 0.0641442 0.7595690 -0.0967034 0.6399910
9.500000 -0.2193960 -0.1205130 -0.5391080 0.0652219 0.7592050 -0.0976496 0.6401700
9.533333 -0.2089150 -0.1197980 -0.5346800 0.0650393 0.7585670 -0.0977467 0.6409300
9.566667 -0.1990860 -0.1194630 -0.5303490 0.0639455 0.7577560 -0.0973425 0.6420600
9.600000 -0.1896730 -0.1188790 -0.5233210 0.0628183 0.7571330 -0.0968607 0.6429790
9.633333 -0.1804680 -0.1189530 -0.5169090 0.0615065 0.7564240 -0.0958719 0.6440870
9.666667 -0.1721430 -0.1174190 -0.5093120 0.0607050 0.7559960 -0.0951057 0.6447790
9.700000 -0.1632350 -0.1180640 -0.5029740 0.0606523 0.7551870 -0.0945089 0.6458180
9.733333 -0.1555230 -0.1177790 -0.4954830 0.0611135 0.7546440 -0.0943487 0.6464340
9.766667 -0.1488450 -0.1163640 -0.4876310 0.0611904 0.7547040 -0.0938592 0.6464280
9.800000 -0.1427200 -0.1157790 -0.4800010 0.0607767 0.7553600 -0.0929259 0.6458340
9.833333 -0.1364760 -0.1154830 -0.4728600 0.0598567 0.7565070 -0.0921447 0.6446880
9.866667 -0.1313310 -0.1143970 -0.4646290 0.0588816 0.7578810 -0.0913337 0.6432780
9.900000 -0.1262270 -0.1130420 -0.4559370 0.0578539 0.7596200 -0.0902510 0.6414710
9.933333 -0.1209600 -0.1124270 -0.4469670 0.0573331 0.7613780 -0.0895147 0.6395340
9.966667 -0.1156920 -0.1126910 -0.4378090 0.0569660 0.7627400 -0.0892302 0.6379820
10.000000 -0.1108180 -0.1122970 -0.4277360 0.0565929 0.7640210 -0.0891051 0.6364980
10.033333 -0.1066610 -0.1113220 -0.4169170 0.0559522 0.7652460 -0.0885390 0.6351610
10.066667 -0.1022540 -0.1108780 -0.4060220 0.0552235 0.7665670 -0.0875312 0.6337700
10.100000 -0.0981718 -0.1102820 -0.3948080 0.0547480 0.7678530 -0.0862253 0.6324320
10.133333 -0.0943185 -0.1092180 -0.3823810 0.0548770 0.7690070 -0.0850014 0.6311830
10.166667 -0.0904901 -0.1081530 -0.3698090 0.0554839 0.7698390 -0.0840214 0.6302460
10.200000 -0.0870319 -0.1079690 -0.3571740 0.0549936 0.7707080 -0.0825284 0.6294230
10.233333 -0.0843152 -0.1071540 -0.3443870 0.0542620 0.7718740 -0.0809670 0.6282600
10.266667 -0.0824137 -0.1058390 -0.3324900 0.0533192 0.7733590 -0.0790780 0.6267530
10.300000 -0.0808456 -0.1042240 -0.3194800 0.0526247 0.7751540 -0.0769384 0.6248570
10.333333 -0.0786055 -0.1041790 -0.3076390 0.0521933 0.7764800 -0.0749505 0.6234880
10.366667 -0.0762633 -0.1017590 -0.2815190 0.0535100 0.7781590 -0.0722118 0.6216030
10.400000 -0.0755869 -0.1005930 -0.2698580 0.0540050 0.7780590 -0.0711503 0.6218080
10.433333 -0.0754877 -0.0983274 -0.2562370 0.0540037 0.7778240 -0.0702328 0.6222060
10.466667 -0.0748608 -0.0976717 -0.2438810 0.0534495 0.7770090 -0.0687578 0.6234360
10.500000 -0.0744474 -0.0970259 -0.2305700 0.0532572 0.7757120 -0.0680508 0.6251430
10.533333 -0.0744670 -0.0954301 -0.2181130 0.0533898 0.7737520 -0.0677589 0.6275880
10.566667 -0.0748037 -0.0940545 -0.2056930 0.0534632 0.7714050 -0.0676131 0.6304800
10.600000 -0.0751567 -0.0935180 -0.1947990 0.0533317 0.7685730 -0.0674210 0.6339600
10.633333 -0.0759946 -0.0930116 -0.1836370 0.0526691 0.7656110 -0.0672377 0.6376090
10.666667 -0.0777635 -0.0911145 -0.1722810 0.0524373 0.7619320 -0.0675915 0.6419830
10.700000 -0.0788628 -0.0908978 -0.1622080 0.0522516 0.7575300 -0.0678567 0.6471580
10.733333 -0.0802427 -0.0891707 -0.1530390 0.0522636 0.7525550 -0.0682393 0.6528960
10.766667 -0.0815821 -0.0879538 -0.1432710 0.0518090 0.7471390 -0.0682466 0.6591210
10.800000 -0.0821931 -0.0883777 -0.1335230 0.0511149 0.7412990 -0.0679821 0.6657640
10.833333 -0.0833766 -0.0876000 -0.1258460 0.0511533 0.7348800 -0.0678372 0.6728540
10.866667 -0.0845164 -0.0874925 -0.1154330 0.0507746 0.7279580 -0.0678072 0.6803690
10.900000 -0.0840528 -0.0901053 -0.1084390 0.0503042 0.7208640 -0.0669044 0.6880030
10.933333 -0.0848177 -0.0904887 -0.0986502 0.0499151 0.7140810 -0.0667273 0.6950860
10.966667 -0.0859221 -0.0903511 -0.0900776 0.0498904 0.7074470 -0.0666502 0.7018450
11.000000 -0.0868926 -0.0904343 -0.0794523 0.0496248 0.7010680 -0.0663587 0.7082640
11.033333 -0.0880121 -0.0904472 -0.0702868 0.0487641 0.6948680 -0.0653838 0.7144970
11.066667 -0.0894132 -0.0901203 -0.0600057 0.0482152 0.6886450 -0.0646032 0.7206040
11.100000 -0.0909471 -0.0894628 -0.0512962 0.0486921 0.6820830 -0.0644080 0.7268030
11.133333 -0.0923492 -0.0898759 -0.0416605 0.0492190 0.6759860 -0.0638569 0.7324910
11.166667 -0.0930307 -0.0913684 -0.0328791 0.0498605 0.6692630 -0.0633545 0.7386390
11.200000 -0.0938648 -0.0934904 -0.0244236 0.0506350 0.6617170 -0.0640032 0.7452990
11.233333 -0.0948556 -0.0948427 -0.0173726 0.0523567 0.6542960 -0.0650292 0.7516160
11.266667 -0.0965551 -0.0944839 -0.0112252 0.0539053 0.6469960 -0.0664514 0.7576770
11.300000 -0.0982845 -0.0945849 -0.0055859 0.0546981 0.6402430 -0.0669965 0.7632880
11.333333 -0.0997391 -0.0947664 -0.0002160 0.0550991 0.6331290 -0.0672772 0.7691460
11.366667 -0.1011900 -0.0947680 0.0061469 0.0556250 0.6263660 -0.0674549 0.7746110
11.400000 -0.1025180 -0.0946791 0.0115519 0.0559809 0.6200290 -0.0668207 0.7797210
11.433333 -0.1028330 -0.0960808 0.0178498 0.0562129 0.6132280 -0.0662799 0.7851110
11.466667 -0.1040250 -0.0954425 0.0240127 0.0586394 0.6060390 -0.0664047 0.7904860
11.500000 -0.1049410 -0.0949435 0.0297171 0.0602604 0.5988150 -0.0667458 0.7958230
11.533333 -0.1067490 -0.0931149 0.0347382 0.0608557 0.5928070 -0.0665183 0.8002820
11.566667 -0.1066970 -0.0951273 0.0413834 0.0611548 0.5875110 -0.0664170 0.8041640
11.600000 -0.1079020 -0.0943489 0.0478293 0.0628493 0.5824850 -0.0671034 0.8076250
11.633333 -0.1091350 -0.0920720 0.0576048 0.0632941 0.5746200 -0.0658976 0.8133040
11.666667 -0.1087690 -0.0925336 0.0624001 0.0634012 0.5711130 -0.0659259 0.8157590
11.700000 -0.1091220 -0.0917752 0.0675318 0.0637296 0.5689080 -0.0663579 0.8172380
11.733333 -0.1093040 -0.0904269 0.0721945 0.0636316 0.5673100 -0.0661923 0.8183700
11.766667 -0.1086990 -0.0906596 0.0775366 0.0629116 0.5651920 -0.0659655 0.8199080
11.800000 -0.1089970 -0.0887411 0.0826987 0.0627855 0.5628580 -0.0655827 0.8215520
11.833333 -0.1083640 -0.0882831 0.0878711 0.0618739 0.5603880 -0.0648762 0.8233640
11.866667 -0.1076980 -0.0884559 0.0941111 0.0610307 0.5580620 -0.0649279 0.8250010
11.900000 -0.1078340 -0.0865681 0.0999819 0.0611368 0.5563020 -0.0651402 0.8261640
11.933333 -0.1083820 -0.0841904 0.1058650 0.0607911 0.5551990 -0.0646109 0.8269730
11.966667 -0.1084170 -0.0823429 0.1124930 0.0598772 0.5543060 -0.0640039 0.8276860
12.000000 -0.1084410 -0.0816653 0.1195420 0.0589675 0.5536830 -0.0630162 0.8282430
12.033333 -0.1083450 -0.0813575 0.1267360 0.0584745 0.5528630 -0.0621923 0.8288880
12.066667 -0.1081010 -0.0817997 0.1346610 0.0584312 0.5521670 -0.0623687 0.8293420
12.100000 -0.1084620 -0.0805025 0.1424890 0.0591101 0.5519730 -0.0626906 0.8293990
12.133333 -0.1090500 -0.0789747 0.1501320 0.0590129 0.5515630 -0.0624793 0.8296940
12.166667 -0.1091270 -0.0793476 0.1587650 0.0582269 0.5513780 -0.0624059 0.8298780
12.200000 -0.1091690 -0.0797505 0.1667580 0.0584533 0.5518520 -0.0623068 0.8295540
12.233333 -0.1095160 -0.0796030 0.1750840 0.0589025 0.5532000 -0.0618326 0.8286600
12.266667 -0.1105340 -0.0786259 0.1830770 0.0590207 0.5549110 -0.0608181 0.8275820
12.300000 -0.1109500 -0.0783587 0.1916280 0.0587413 0.5568410 -0.0599324 0.8263690
12.333333 -0.1112560 -0.0774415 0.1994050 0.0582016 0.5590740 -0.0593777 0.8249380
12.366667 -0.1118220 -0.0763445 0.2069010 0.0568366 0.5621710 -0.0587137 0.8229740
12.400000 -0.1124060 -0.0755267 0.2147000 0.0552419 0.5662350 -0.0578753 0.8203510
12.433333 -0.1131270 -0.0741885 0.2224490 0.0535283 0.5709270 -0.0573391 0.8172450
12.466667 -0.1134710 -0.0731807 0.2297910 0.0513102 0.5764330 -0.0564661 0.8135750
12.500000 -0.1130500 -0.0740836 0.2377350 0.0484836 0.5823370 -0.0558154 0.8095790
12.533333 -0.1119610 -0.0743787 0.2516950 0.0440386 0.5944860 -0.0561876 0.8009310
12.566667 -0.1106700 -0.0752518 0.2586610 0.0417392 0.6011130 -0.0567910 0.7960500
12.600000 -0.1093610 -0.0753636 0.2646990 0.0401667 0.6071350 -0.0571830 0.7915200
12.633333 -0.1070910 -0.0761364 0.2704470 0.0389855 0.6131970 -0.0572795 0.7868850
12.666667 -0.1052600 -0.0768390 0.2758700 0.0381399 0.6192720 -0.0575941 0.7821320
12.700000 -0.1036210 -0.0768714 0.2809510 0.0375800 0.6256390 -0.0576594 0.7770710
12.733333 -0.1015400 -0.0775537 0.2858030 0.0371323 0.6321700 -0.0578743 0.7717720
12.766667 -0.0993197 -0.0779357 0.2898610 0.0374002 0.6388260 -0.0584466 0.7662160
12.800000 -0.0974688 -0.0771873 0.2924880 0.0383267 0.6455340 -0.0592753 0.7604630
12.833333 -0.0950640 -0.0776694 0.2947470 0.0392851 0.6524200 -0.0607162 0.7544000
12.866667 -0.0921246 -0.0797613 0.2971280 0.0404531 0.6605480 -0.0624760 0.7470850
12.900000 -0.0900215 -0.0809720 0.2981370 0.0411165 0.6695130 -0.0633816 0.7389490
12.933333 -0.0883683 -0.0810537 0.2991510 0.0402671 0.6783500 -0.0643228 0.7308090
12.966667 -0.0852893 -0.0843456 0.3006760 0.0390881 0.6867950 -0.0649913 0.7228840
13.000000 -0.0828946 -0.0846574 0.3021480 0.0392033 0.6944130 -0.0669833 0.7153780
13.033333 -0.0809049 -0.0843985 0.3026360 0.0385120 0.7021570 -0.0678787 0.7077320
13.066667 -0.0798183 -0.0826588 0.3032930 0.0378634 0.7108120 -0.0683535 0.6990280
13.100000 -0.0789275 -0.0805094 0.3042470 0.0373409 0.7199930 -0.0686226 0.6895690
13.133333 -0.0765416 -0.0808005 0.3049600 0.0368007 0.7285270 -0.0680176 0.6806370
13.166667 -0.0736030 -0.0809219 0.3052660 0.0368854 0.7365630 -0.0678751 0.6719420
13.200000 -0.0716744 -0.0798225 0.3054240 0.0374925 0.7448370 -0.0672359 0.6627910
13.233333 -0.0696576 -0.0777032 0.3048580 0.0372346 0.7527410 -0.0670832 0.6538310
13.266667 -0.0658290 -0.0796039 0.3035830 0.0361196 0.7603120 -0.0671950 0.6450630
13.300000 -0.0622891 -0.0806651 0.3044280 0.0351984 0.7679840 -0.0682985 0.6358440
13.333333 -0.0587560 -0.0810065 0.3054160 0.0350604 0.7758900 -0.0695725 0.6260390
13.366667 -0.0539563 -0.0814986 0.3060620 0.0351686 0.7838590 -0.0704680 0.6159240
13.400000 -0.0500172 -0.0808105 0.3080820 0.0347912 0.7908190 -0.0716676 0.6068430
13.433333 -0.0456431 -0.0814114 0.3074620 0.0334555 0.7972080 -0.0724190 0.5984110
13.466667 -0.0408735 -0.0819340 0.3095400 0.0310748 0.8042130 -0.0731674 0.5890010
13.500000 -0.0357074 -0.0836468 0.3129660 0.0287370 0.8119220 -0.0735629 0.5783980
13.533333 -0.0313411 -0.0845189 0.3156940 0.0266814 0.8198020 -0.0737450 0.5672510
13.566667 -0.0268901 -0.0848916 0.3193900 0.0251798 0.8279760 -0.0731037 0.5554070
13.600000 -0.0209143 -0.0884953 0.3230770 0.0238748 0.8358010 -0.0723849 0.5437150
13.633333 -0.0154678 -0.0914693 0.3287100 0.0233127 0.8434620 -0.0727795 0.5317260
13.666667 -0.0130151 -0.0898304 0.3310960 0.0232095 0.8514620 -0.0726960 0.5188350
13.700000 -0.0087767 -0.0890653 0.3386650 0.0223075 0.8599500 -0.0714537 0.5048590
13.733333 -0.0033246 -0.0899196 0.3469470 0.0214885 0.8679290 -0.0702220 0.4912290
13.766667 0.0006644 -0.0872529 0.3514420 0.0212221 0.8752490 -0.0698867 0.4781260
13.800000 0.0028881 -0.0803161 0.3578550 0.0209593 0.8822610 -0.0685829 0.4652660
13.833333 0.0086928 -0.0798001 0.3648010 0.0185950 0.8885450 -0.0655210 0.4537060
13.866667 0.0146329 -0.0814631 0.3673640 0.0157372 0.8939590 -0.0635176 0.4433450
13.900000 0.0161679 -0.0779934 0.3671620 0.0136145 0.8989810 -0.0625140 0.4332900
13.933333 0.0236318 -0.0809486 0.3743740 0.0102017 0.9046160 -0.0605539 0.4217810
13.966667 0.0308509 -0.0839710 0.3753010 0.0075046 0.9093920 -0.0606746 0.4114220
14.000000 0.0343334 -0.0790529 0.3766990 0.0062533 0.9134990 -0.0626370 0.4019430
14.033333 0.0425999 -0.0717371 0.3796760 0.0028752 0.9210710 -0.0622326 0.3843780
14.066667 0.0496941 -0.0706093 0.3802160 0.0012252 0.9246990 -0.0616351 0.3756740
14.100000 0.0553312 -0.0673506 0.3787460 -0.0002364 0.9277880 -0.0616190 0.3679850
14.133333 0.0633453 -0.0683234 0.3767440 -0.0023256 0.9310180 -0.0607793 0.3598700
14.166667 0.0724811 -0.0684762 0.3765620 -0.0038397 0.9340510 -0.0613890 0.3518040
14.200000 0.0783581 -0.0648172 0.3719520 -0.0044611 0.9366960 -0.0625617 0.3444790
14.233333 0.0884793 -0.0632088 0.3688470 -0.0058718 0.9394920 -0.0630547 0.3366650
14.266667 0.0995331 -0.0621114 0.3676600 -0.0066127 0.9420520 -0.0637587 0.3292870
14.300000 0.1080830 -0.0584424 0.3606110 -0.0065612 0.9441720 -0.0648661 0.3229370
14.333333 0.1179350 -0.0539246 0.3571520 -0.0066583 0.9465230 -0.0651495 0.3159200
14.366667 0.1306240 -0.0526865 0.3524870 -0.0068704 0.9488410 -0.0642541 0.3090710
14.400000 0.1427270 -0.0515292 0.3467230 -0.0068079 0.9507500 -0.0639142 0.3032220
14.433333 0.1531680 -0.0469100 0.3376400 -0.0055064 0.9526680 -0.0639153 0.2971670
14.466667 0.1670790 -0.0460327 0.3324040 -0.0041053 0.9548340 -0.0623060 0.2905030
14.500000 0.1840330 -0.0506258 0.3254770 -0.0027501 0.9566910 -0.0609613 0.2846370
14.533333 0.2026150 -0.0571887 0.3168900 -0.0009688 0.9580670 -0.0620129 0.2797540
14.566667 0.2171440 -0.0589504 0.3086350 0.0014791 0.9587860 -0.0662935 0.2762830
14.600000 0.2252510 -0.0536697 0.2965960 0.0048058 0.9593060 -0.0712663 0.2731850
14.633333 0.2316680 -0.0447087 0.2871080 0.0076434 0.9602210 -0.0738379 0.2691920
14.666667 0.2399780 -0.0376186 0.2786980 0.0084573 0.9615400 -0.0729650 0.2646610
14.700000 0.2545480 -0.0393307 0.2694290 0.0070847 0.9632680 -0.0696697 0.2592510
14.733333 0.2820520 -0.0451341 0.2517610 0.0063695 0.9662060 -0.0675212 0.2486900
14.766667 0.2929270 -0.0450540 0.2404310 0.0068855 0.9674770 -0.0685012 0.2434120
14.800000 0.3035060 -0.0427549 0.2317220 0.0073499 0.9687850 -0.0695336 0.2378380
14.833333 0.3143830 -0.0436156 0.2224050 0.0067955 0.9699870 -0.0696772 0.2328620
14.866667 0.3228420 -0.0409756 0.2142110 0.0064606 0.9710900 -0.0706569 0.2279270
14.900000 0.3309730 -0.0394456 0.2065320 0.0060793 0.9723230 -0.0706414 0.2226210
14.933333 0.3393820 -0.0379956 0.1981060 0.0058087 0.9737870 -0.0705211 0.2161760
14.966667 0.3466550 -0.0336065 0.1922500 0.0063111 0.9752690 -0.0701329 0.2095060
15.000000 0.3569970 -0.0336580 0.1865850 0.0055247 0.9767070 -0.0687275 0.2031990
15.033333 0.3675380 -0.0343697 0.1800250 0.0043722 0.9779700 -0.0681198 0.1972680
15.066667 0.3760400 -0.0311098 0.1733700 0.0037629 0.9790470 -0.0682274 0.1918260
15.100000 0.3865620 -0.0309308 0.1675940 0.0030412 0.9801350 -0.0670595 0.1866260
15.133333 0.3978350 -0.0301929 0.1622930 0.0025577 0.9810260 -0.0666268 0.1820480
15.166667 0.4070370 -0.0272639 0.1552510 0.0024690 0.9817390 -0.0661076 0.1783600
15.200000 0.4171110 -0.0245550 0.1501420 0.0022181 0.9825510 -0.0647795 0.1743340
15.233333 0.4299670 -0.0261385 0.1475930 0.0019877 0.9835180 -0.0626900 0.1695830
15.266667 0.4437870 -0.0292404 0.1412820 0.0023638 0.9843840 -0.0621052 0.1646990
15.300000 0.4529030 -0.0249016 0.1372100 0.0050202 0.9849910 -0.0634252 0.1604530
15.333333 0.4649800 -0.0228243 0.1342890 0.0076365 0.9858530 -0.0629949 0.1551390
15.366667 0.4771720 -0.0240669 0.1286530 0.0095605 0.9866120 -0.0625619 0.1503020
15.400000 0.4870240 -0.0221775 0.1221310 0.0111169 0.9872690 -0.0633424 0.1454810
15.433333 0.4955010 -0.0184793 0.1192040 0.0114152 0.9880130 -0.0640640 0.1399850
15.466667 0.5038480 -0.0144713 0.1161900 0.0107585 0.9889880 -0.0631939 0.1333960
15.500000 0.5175150 -0.0157754 0.1140730 0.0091803 0.9902160 -0.0610020 0.1251670
15.533333 0.5295220 -0.0142787 0.1117000 0.0083430 0.9911980 -0.0601953 0.1176140
15.566667 0.5405830 -0.0104523 0.1115580 0.0083420 0.9922000 -0.0588164 0.1095920
15.600000 0.5506930 -0.0088148 0.1107580 0.0081428 0.9931730 -0.0563146 0.1018310
15.633333 0.5609950 -0.0050986 0.1112660 0.0076916 0.9942110 -0.0539816 0.0925767
15.666667 0.5725330 -0.0036020 0.1096850 0.0065130 0.9952150 -0.0504451 0.0834266
15.700000 0.5838790 -0.0042050 0.1071460 0.0052431 0.9960420 -0.0471141 0.0751834
15.733333 0.5946750 -0.0044472 0.1035600 0.0046227 0.9966830 -0.0452072 0.0675182
15.766667 0.6007140 -0.0035069 0.0958662 0.0046442 0.9971340 -0.0440804 0.0613184
15.800000 0.6099930 -0.0014591 0.0941353 0.0047911 0.9976510 -0.0428653 0.0532232
15.833333 0.6207300 -0.0013528 0.0920558 0.0048423 0.9981320 -0.0411084 0.0449323
15.866667 0.6295790 -0.0020127 0.0839458 0.0042817 0.9984470 -0.0399230 0.0386091
15.900000 0.6433950 -0.0010388 0.0881972 0.0038107 0.9987780 -0.0392922 0.0297397
15.933333 0.6512940 0.0017290 0.0873027 0.0028792 0.9989660 -0.0388343 0.0234817
15.966667 0.6624790 0.0039837 0.0900116 0.0014116 0.9991900 -0.0371268 0.0154482
16.000000 0.6708310 0.0015128 0.0844083 0.0000431 0.9993490 -0.0348156 0.0094931
16.033333 0.6815330 0.0019188 0.0863781 -0.0005758 0.9994000 -0.0345322 0.0025704
16.066667 0.6910630 0.0042357 0.0855021 -0.0005538 0.9993990 -0.0344005 -0.0041808
16.100000 0.6966170 0.0044260 0.0809507 -0.0004117 0.9994080 -0.0333382 -0.0084878
16.133333 0.7067300 0.0007942 0.0769567 -0.0002326 0.9993870 -0.0322526 -0.0135976
16.166667 0.7166460 -0.0026181 0.0749011 0.0005352 0.9992640 -0.0338248 -0.0181053
16.200000 0.7231730 0.0008810 0.0719624 0.0017623 0.9990500 -0.0372622 -0.0225237
16.233333 0.7227930 0.0032136 0.0637145 0.0028465 0.9989360 -0.0385733 -0.0251351
16.266667 0.7282970 0.0035234 0.0596261 0.0032292 0.9987480 -0.0386236 -0.0316410
16.300000 0.7329960 0.0038052 0.0511608 0.0032731 0.9985010 -0.0388098 -0.0384629
16.333333 0.7392410 0.0044546 0.0469084 0.0030284 0.9981920 -0.0388548 -0.0457558
16.366667 0.7398940 0.0029683 0.0348849 0.0022488 0.9979980 -0.0389449 -0.0497833
16.400000 0.7422080 0.0029111 0.0232177 0.0005922 0.9976930 -0.0400560 -0.0548126
16.433333 0.7438190 0.0073533 0.0155301 -0.0017750 0.9973090 -0.0415788 -0.0603532
16.466667 0.7439140 0.0095768 0.0042887 -0.0042156 0.9970030 -0.0410062 -0.0654706
16.500000 0.7428140 0.0086200 -0.0032034 -0.0064928 0.9968350 -0.0400082 -0.0683855
16.533333 0.7463560 0.0113704 -0.0099354 -0.0078480 0.9964990 -0.0402724 -0.0728506
16.566667 0.7446800 0.0117750 -0.0216808 -0.0083789 0.9962850 -0.0396954 -0.0759564
16.600000 0.7461310 0.0125871 -0.0282798 -0.0082611 0.9958920 -0.0397478 -0.0809393
16.633333 0.7461670 0.0134304 -0.0391617 -0.0077540 0.9954590 -0.0399294 -0.0860591
16.666667 0.7473620 0.0145643 -0.0503740 -0.0073108 0.9950310 -0.0403202 -0.0907444
16.700000 0.7512140 0.0166450 -0.0566216 -0.0071923 0.9945360 -0.0403691 -0.0960088
16.733333 0.7534150 0.0155890 -0.0702448 -0.0072568 0.9941130 -0.0397887 -0.1005170
16.766667 0.7523600 0.0182934 -0.0815964 -0.0072353 0.9937600 -0.0402707 -0.1037610
16.800000 0.7483020 0.0191891 -0.0954823 -0.0071045 0.9934770 -0.0392943 -0.1068170
16.833333 0.7483580 0.0155826 -0.1044880 -0.0067078 0.9930270 -0.0381891 -0.1113280
16.866667 0.7485320 0.0138369 -0.1164110 -0.0060613 0.9924970 -0.0394425 -0.1155700
16.900000 0.7405980 0.0158529 -0.1267640 -0.0050043 0.9921150 -0.0413022 -0.1182270
16.933333 0.7445550 0.0166447 -0.1370330 -0.0039467 0.9916580 -0.0419146 -0.1218250
16.966667 0.7496230 0.0143783 -0.1526830 -0.0025273 0.9910940 -0.0415908 -0.1264780
17.000000 0.7527430 0.0094814 -0.1654650 -0.0007970 0.9905220 -0.0420766 -0.1307510
17.033333 0.7493140 0.0079672 -0.1791240 0.0003032 0.9899110 -0.0443702 -0.1345670
17.066667 0.7550190 0.0088093 -0.1908200 0.0007986 0.9889470 -0.0463572 -0.1408330
17.100000 0.7566720 0.0064321 -0.2029060 0.0008578 0.9881780 -0.0469931 -0.1459310
17.133333 0.7626530 0.0032041 -0.2157040 0.0008957 0.9872510 -0.0484066 -0.1516260
17.166667 0.7661830 0.0029879 -0.2299870 0.0003532 0.9862790 -0.0506515 -0.1571210
17.200000 0.7616360 0.0057190 -0.2285890 -0.0001521 0.9855940 -0.0524200 -0.1608010
17.233333 0.7774960 0.0037115 -0.2506190 -0.0006541 0.9844160 -0.0525947 -0.1678050
17.266667 0.7677710 0.0011327 -0.2456020 -0.0011020 0.9838240 -0.0531688 -0.1710650
17.300000 0.7601020 -0.0007451 -0.2449900 -0.0023428 0.9831750 -0.0550480 -0.1741580
17.333333 0.7575610 0.0008981 -0.2530880 -0.0037885 0.9823210 -0.0575805 -0.1780890
17.366667 0.7599030 0.0041697 -0.2600920 -0.0054961 0.9814730 -0.0587414 -0.1822890
17.400000 0.7485920 0.0057607 -0.2537450 -0.0070831 0.9811200 -0.0582828 -0.1842750
17.433333 0.7672500 0.0036421 -0.2765460 -0.0085668 0.9797980 -0.0571655 -0.1914560
17.466667 0.7670040 0.0039434 -0.2816720 -0.0097096 0.9789460 -0.0570952 -0.1957310
17.500000 0.7757450 0.0066955 -0.2956320 -0.0106010 0.9778500 -0.0566550 -0.2012140
17.533333 0.7771720 0.0053780 -0.3050450 -0.0109157 0.9769250 -0.0550002 -0.2060890
17.566667 0.7803760 0.0056689 -0.3098910 -0.0112491 0.9759160 -0.0546791 -0.2108850
17.600000 0.7950560 0.0061414 -0.3317780 -0.0120256 0.9742860 -0.0540274 -0.2184130
17.633333 0.7914940 0.0056434 -0.3332880 -0.0126980 0.9734590 -0.0530378 -0.2222680
17.666667 0.8006530 0.0057549 -0.3493750 -0.0134112 0.9720230 -0.0524668 -0.2285570
17.700000 0.8013510 0.0065577 -0.3578430 -0.0138925 0.9709460 -0.0517468 -0.2332230
17.733333 0.7998340 0.0073001 -0.3632510 -0.0141793 0.9702490 -0.0510371 -0.2362420
17.766667 0.8082720 0.0078127 -0.3794790 -0.0140859 0.9688550 -0.0500439 -0.2421100
17.800000 0.8144100 0.0044162 -0.3951120 -0.0138730 0.9676480 -0.0489140 -0.2471290
17.833333 0.8118740 0.0050991 -0.3991210 -0.0139034 0.9666730 -0.0493825 -0.2508230
17.866667 0.8208300 0.0054226 -0.4172430 -0.0139483 0.9651100 -0.0491692 -0.2568090
17.900000 0.8210880 0.0050058 -0.4259630 -0.0137673 0.9640310 -0.0488089 -0.2609080
17.933333 0.8192570 0.0048990 -0.4341860 -0.0138294 0.9630040 -0.0485699 -0.2647120
17.966667 0.8226850 0.0024726 -0.4493820 -0.0143334 0.9617480 -0.0479241 -0.2693310
18.000000 0.8238610 -0.0003345 -0.4591260 -0.0146920 0.9606080 -0.0482049 -0.2732980
18.033333 0.8266920 0.0009389 -0.4732380 -0.0152803 0.9594640 -0.0493850 -0.2770490
18.066667 0.8280050 0.0033102 -0.4788900 -0.0160605 0.9583610 -0.0491267 -0.2808440
18.100000 0.8287600 0.0014439 -0.4895660 -0.0175662 0.9575320 -0.0475413 -0.2838380
18.133333 0.8317930 0.0018377 -0.5023120 -0.0193003 0.9566420 -0.0463968 -0.2868970
18.166667 0.8333830 0.0003400 -0.5091180 -0.0207187 0.9559450 -0.0443493 -0.2894350
18.200000 0.8358150 -0.0024569 -0.5217020 -0.0218170 0.9551300 -0.0429369 -0.2922460
18.233333 0.8325200 -0.0029449 -0.5253310 -0.0227390 0.9544460 -0.0426375 -0.2944450
18.266667 0.8339100 -0.0028026 -0.5322210 -0.0233350 0.9534550 -0.0421219 -0.2976660
18.300000 0.8335000 -0.0058603 -0.5390380 -0.0232158 0.9525340 -0.0416026 -0.3006820
18.333333 0.8341290 -0.0064383 -0.5473750 -0.0231019 0.9514400 -0.0422215 -0.3040500
18.366667 0.8377370 -0.0085363 -0.5557020 -0.0231507 0.9500870 -0.0423784 -0.3082250
18.400000 0.8364430 -0.0084450 -0.5581780 -0.0229296 0.9488880 -0.0433983 -0.3117710
18.433333 0.8373630 -0.0071425 -0.5656390 -0.0226265 0.9474450 -0.0438617 -0.3160900
18.466667 0.8380910 -0.0107203 -0.5736570 -0.0215553 0.9461450 -0.0433320 -0.3201060
18.500000 0.8381780 -0.0139565 -0.5825490 -0.0206950 0.9449250 -0.0443765 -0.3236050
18.533333 0.8375830 -0.0112145 -0.5869360 -0.0203817 0.9438240 -0.0466494 -0.3265050
18.566667 0.8357250 -0.0087514 -0.5934520 -0.0196625 0.9427230 -0.0468010 -0.3296920
18.600000 0.8352670 -0.0118489 -0.5986370 -0.0186499 0.9413990 -0.0457726 -0.3336550
18.633333 0.8341320 -0.0119677 -0.6018340 -0.0176814 0.9399890 -0.0463662 -0.3375780
18.666667 0.8378710 -0.0115261 -0.6103840 -0.0168254 0.9381250 -0.0468289 -0.3427020
18.700000 0.8365560 -0.0130248 -0.6133200 -0.0163805 0.9366700 -0.0470113 -0.3466580
18.733333 0.8389120 -0.0137219 -0.6229530 -0.0164548 0.9348100 -0.0478288 -0.3515290
18.766667 0.8396050 -0.0118902 -0.6290940 -0.0165716 0.9330490 -0.0488400 -0.3560340
18.800000 0.8436190 -0.0099874 -0.6412990 -0.0165052 0.9307220 -0.0487855 -0.3620820
18.833333 0.8448100 -0.0095553 -0.6481490 -0.0163218 0.9285450 -0.0478856 -0.3677570
18.866667 0.8467310 -0.0095339 -0.6546970 -0.0163802 0.9264030 -0.0471773 -0.3732070
18.900000 0.8496390 -0.0078814 -0.6640510 -0.0166085 0.9242210 -0.0467444 -0.3786230
18.933333 0.8521840 -0.0069079 -0.6751800 -0.0163234 0.9221860 -0.0456877 -0.3836920
18.966667 0.8512490 -0.0104041 -0.6853330 -0.0158245 0.9204010 -0.0444931 -0.3881140
19.000000 0.8501760 -0.0124807 -0.6941790 -0.0166314 0.9186810 -0.0451237 -0.3920610
19.033333 0.8504540 -0.0086479 -0.7035470 -0.0183442 0.9167770 -0.0463654 -0.3962740
19.066667 0.8501510 -0.0087647 -0.7135210 -0.0195743 0.9149770 -0.0452090 -0.4004870
19.100000 0.8474400 -0.0108716 -0.7207010 -0.0206908 0.9136160 -0.0448514 -0.4035660
19.133333 0.8463170 -0.0082972 -0.7312020 -0.0218659 0.9122450 -0.0455152 -0.4065220
19.166667 0.8456670 -0.0051642 -0.7391600 -0.0227576 0.9109610 -0.0445971 -0.4094430
19.200000 0.8442730 -0.0077603 -0.7491070 -0.0229629 0.9095380 -0.0427507 -0.4127780
19.233333 0.8435790 -0.0078065 -0.7592950 -0.0234516 0.9079670 -0.0426279 -0.4162080
19.266667 0.8432560 -0.0055623 -0.7692450 -0.0240387 0.9063770 -0.0423314 -0.4196550
19.300000 0.8428710 -0.0052183 -0.7803640 -0.0239405 0.9051070 -0.0414582 -0.4224810
19.333333 0.8413970 -0.0061345 -0.7904130 -0.0235871 0.9041740 -0.0410138 -0.4245360
19.366667 0.8400610 -0.0045803 -0.8025150 -0.0231883 0.9031650 -0.0413534 -0.4266670
19.400000 0.8400380 -0.0017166 -0.8127760 -0.0226309 0.9019350 -0.0408685 -0.4293370
19.433333 0.8381510 -0.0029914 -0.8248660 -0.0217274 0.9004650 -0.0391318 -0.4326200
19.466667 0.8369950 -0.0030267 -0.8370530 -0.0211178 0.8988360 -0.0382836 -0.4360980
19.500000 0.8368690 -0.0002928 -0.8491130 -0.0203473 0.8970840 -0.0372317 -0.4398170
19.533333 0.8357250 -0.0002792 -0.8594120 -0.0187045 0.8951980 -0.0350279 -0.4438970
19.566667 0.8335240 -0.0044684 -0.8884780 -0.0143685 0.8908140 -0.0323610 -0.4529870
19.600000 0.8317790 -0.0065842 -0.8988720 -0.0121373 0.8889290 -0.0326784 -0.4567160
19.633333 0.8294620 -0.0090690 -0.9111280 -0.0101801 0.8874530 -0.0338081 -0.4595440
19.666667 0.8284360 -0.0071642 -0.9234770 -0.0091644 0.8857780 -0.0357064 -0.4626440
19.700000 0.8274860 -0.0055392 -0.9385370 -0.0084594 0.8838460 -0.0358734 -0.4663240
19.733333 0.8258680 -0.0064340 -0.9518590 -0.0079136 0.8816590 -0.0348358 -0.4705330
19.766667 0.8246010 -0.0072296 -0.9645630 -0.0078256 0.8794810 -0.0337852 -0.4746690
19.800000 0.8220670 -0.0069454 -0.9743840 -0.0082181 0.8777150 -0.0325052 -0.4780090
19.833333 0.8204580 -0.0095196 -0.9881360 -0.0081812 0.8756430 -0.0308710 -0.4819020
19.866667 0.8177520 -0.0122349 -0.9992210 -0.0081142 0.8737180 -0.0304476 -0.4854100
19.900000 0.8162720 -0.0130787 -1.0138500 -0.0078987 0.8714900 -0.0308680 -0.4893760
19.933333 0.8132160 -0.0160947 -1.0245700 -0.0074644 0.8696930 -0.0311053 -0.4925550
19.966667 0.8112390 -0.0170498 -1.0366900 -0.0080564 0.8678990 -0.0321533 -0.4956330
20.000000 0.8082040 -0.0180848 -1.0477700 -0.0093206 0.8663390 -0.0325575 -0.4983070
20.033333 0.8062850 -0.0191593 -1.0613100 0.0108924 -0.8646460 0.0326302 0.5012020
20.066667 0.8027820 -0.0203552 -1.0709000 0.0122577 -0.8631540 0.0324088 0.5037510
20.100000 0.7993890 -0.0217817 -1.0796800 0.0135114 -0.8617600 0.0322974 0.5061060
20.133333 0.7965360 -0.0215170 -1.0890800 0.0145297 -0.8601090 0.0325273 0.5088650
20.166667 0.7940950 -0.0194135 -1.0975000 0.0150866 -0.8586260 0.0326897 0.5113360
20.200000 0.7919760 -0.0197182 -1.1112900 0.0146259 -0.8569920 0.0321508 0.5141170
20.233333 0.7888030 -0.0220640 -1.1205400 0.0143613 -0.8557400 0.0316895 0.5162360
20.266667 0.7872510 -0.0197396 -1.1305200 0.0151014 -0.8542280 0.0324335 0.5186660
20.300000 0.7853390 -0.0161257 -1.1396300 0.0154650 -0.8523830 0.0320470 0.5217060
20.333333 0.7841690 -0.0163102 -1.1543300 0.0145625 -0.8502430 0.0305485 0.5253010
20.366667 0.7812760 -0.0174358 -1.1641100 0.0131936 -0.8484100 0.0297351 0.5283400
20.400000 0.7791750 -0.0156522 -1.1722600 0.0119086 -0.8469120 0.0301275 0.5307460
20.433333 0.7773960 -0.0139968 -1.1865000 0.0100320 -0.8452930 0.0301560 0.5333570
20.466667 0.7761440 -0.0130129 -1.1956500 0.0083061 -0.8437730 0.0296504 0.5358160
20.500000 0.7747980 -0.0107784 -1.2077300 0.0072329 -0.8419830 0.0289566 0.5386780
20.533333 0.7730430 -0.0099239 -1.2194900 0.0061287 -0.8398320 0.0274262 0.5421190
20.566667 0.7722240 -0.0088785 -1.2334600 0.0050200 -0.8373200 0.0257350 0.5460850
20.600000 0.7714110 -0.0092025 -1.2499500 0.0037913 -0.8343970 0.0238211 0.5506360
20.633333 0.7687380 -0.0107584 -1.2594100 0.0023457 -0.8313900 0.0225358 0.5552280
20.666667 0.7673330 -0.0108533 -1.2705300 0.0011344 -0.8286130 0.0222239 0.5593790
20.700000 0.7656280 -0.0095088 -1.2822700 0.0000630 -0.8260370 0.0217882 0.5631950
20.733333 0.7635520 -0.0109344 -1.2936900 -0.0009486 -0.8231090 0.0205740 0.5675100
20.766667 0.7607550 -0.0127094 -1.3055700 -0.0011897 -0.8202540 0.0199804 0.5716490
20.800000 0.7581710 -0.0117149 -1.3163500 -0.0007910 -0.8173820 0.0197442 0.5757560
20.833333 0.7565170 -0.0101912 -1.3265900 -0.0006120 -0.8143430 0.0190370 0.5800720
20.866667 0.7540330 -0.0107570 -1.3374100 -0.0015414 -0.8105770 0.0178169 0.5853590
20.900000 0.7504980 -0.0133717 -1.3475900 -0.0031183 -0.8067160 0.0172996 0.5906780
20.933333 0.7482090 -0.0129185 -1.3543400 -0.0039603 -0.8030880 0.0179523 0.5955780
20.966667 0.7445850 -0.0133941 -1.3645200 -0.0050740 -0.7989830 0.0180791 0.6010610
21.000000 0.7408920 -0.0149999 -1.3735400 -0.0064024 -0.7947310 0.0185794 0.6066440
21.033333 0.7373540 -0.0140564 -1.3797800 -0.0073654 -0.7909860 0.0195991 0.6114760
21.066667 0.7335980 -0.0158019 -1.3909900 -0.0086539 -0.7867020 0.0199231 0.6169500
21.100000 0.7284870 -0.0179777 -1.3992700 -0.0093891 -0.7830200 0.0207222 0.6215800
21.133333 0.7245480 -0.0182142 -1.4051800 -0.0093236 -0.7797590 0.0221951 0.6256160
21.166667 0.7213750 -0.0171096 -1.4151100 -0.0089325 -0.7758000 0.0233287 0.6304850
21.200000 0.7170350 -0.0180357 -1.4226600 -0.0087592 -0.7720730 0.0235111 0.6350390
21.233333 0.7139530 -0.0169215 -1.4313000 -0.0074997 -0.7682680 0.0239412 0.6396370
21.266667 0.7088960 -0.0151973 -1.4375900 -0.0066023 -0.7646560 0.0235710 0.6439740
21.300000 0.7048570 -0.0143938 -1.4440000 -0.0060224 -0.7614600 0.0228734 0.6477800
21.333333 0.6997680 -0.0137401 -1.4510900 -0.0056650 -0.7585330 0.0221784 0.6512330
21.366667 0.6942410 -0.0128462 -1.4564500 -0.0055386 -0.7561030 0.0214832 0.6540770
21.400000 0.6895310 -0.0115414 -1.4637100 -0.0058008 -0.7533920 0.0209718 0.6572120
21.433333 0.6836540 -0.0108173 -1.4690800 -0.0061552 -0.7510930 0.0207105 0.6598430
21.466667 0.6785660 -0.0090733 -1.4759800 -0.0064332 -0.7485610 0.0207816 0.6627090
21.500000 0.6718500 -0.0076494 -1.4802100 -0.0069453 -0.7465780 0.0206358 0.6649410
21.533333 0.6641520 -0.0084548 -1.4863400 -0.0078852 -0.7444070 0.0205453 0.6673630
21.566667 0.6571050 -0.0079007 -1.4910900 -0.0083987 -0.7422890 0.0214997 0.6696820
21.600000 0.6495590 -0.0052362 -1.4964300 -0.0085827 -0.7402590 0.0225156 0.6718900
21.633333 0.6348980 0.0018215 -1.5064900 -0.0107183 -0.7357100 0.0215228 0.6768700
21.666667 0.6165430 0.0011911 -1.5174100 -0.0148919 -0.7308730 0.0197006 0.6820660
21.700000 0.6066840 0.0000260 -1.5234800 -0.0167140 -0.7280280 0.0195208 0.6850660
21.733333 0.5958170 -0.0035491 -1.5279300 -0.0180295 -0.7254660 0.0202220 0.6877250
21.766667 0.5849120 -0.0033936 -1.5317100 -0.0176130 -0.7229400 0.0221268 0.6903310
21.800000 0.5749650 -0.0014589 -1.5380900 -0.0163930 -0.7199210 0.0225441 0.6934970
21.833333 0.5636080 -0.0024734 -1.5425300 -0.0155500 -0.7168930 0.0211283 0.6966890
21.866667 0.5524630 -0.0032484 -1.5464000 -0.0143311 -0.7139080 0.0196281 0.6998180
21.900000 0.5406060 -0.0052328 -1.5512400 -0.0134967 -0.7109380 0.0179128 0.7028970
21.933333 0.5281400 -0.0085773 -1.5544800 -0.0125438 -0.7080720 0.0168270 0.7058280
21.966667 0.5167540 -0.0101624 -1.5583000 -0.0110247 -0.7049070 0.0169574 0.7090110
22.000000 0.5039570 -0.0131965 -1.5623700 -0.0098135 -0.7020920 0.0171292 0.7118120
22.033333 0.4913240 -0.0169523 -1.5637700 -0.0082318 -0.6996710 0.0181898 0.7141860
22.066667 0.4800090 -0.0166764 -1.5675700 -0.0059099 -0.6970020 0.0207181 0.7167450
22.100000 0.4693310 -0.0138803 -1.5739600 -0.0041761 -0.6936230 0.0224880 0.7199740
22.133333 0.4581960 -0.0146656 -1.5770900 -0.0040826 -0.6906160 0.0226824 0.7228550
22.166667 0.4464100 -0.0172212 -1.5808300 -0.0042648 -0.6879290 0.0232366 0.7253930
22.200000 0.4350270 -0.0203466 -1.5822200 -0.0044330 -0.6859780 0.0248064 0.7271860
22.233333 0.4232220 -0.0248716 -1.5853900 -0.0043624 -0.6838580 0.0275395 0.7290820
22.266667 0.4115070 -0.0263669 -1.5884300 -0.0031123 -0.6816690 0.0313236 0.7309830
22.300000 0.4012630 -0.0260231 -1.5917200 -0.0019201 -0.6793130 0.0346536 0.7330270
22.333333 0.3911170 -0.0264978 -1.5958500 -0.0012217 -0.6771520 0.0365292 0.7349350
22.366667 0.3809300 -0.0296731 -1.6001000 -0.0003496 -0.6748140 0.0370637 0.7370560
22.400000 0.3715150 -0.0305789 -1.6040800 0.0013625 -0.6721230 0.0374303 0.7394920
22.433333 0.3623090 -0.0320942 -1.6081500 0.0023512 -0.6689200 0.0373501 0.7423920
22.466667 0.3532640 -0.0344408 -1.6110500 0.0028619 -0.6655160 0.0371564 0.7454530
22.500000 0.3437480 -0.0393262 -1.6145800 0.0030840 -0.6620070 0.0375152 0.7485520
22.533333 0.3345840 -0.0427525 -1.6163200 0.0041681 -0.6591540 0.0393993 0.7509640
22.566667 0.3259590 -0.0449984 -1.6197300 0.0055364 -0.6563380 0.0415194 0.7533030
22.600000 0.3165920 -0.0474341 -1.6238200 0.0070222 -0.6535410 0.0435106 0.7556070
22.633333 0.3084250 -0.0476799 -1.6291400 0.0089500 -0.6505630 0.0447330 0.7580810
22.666667 0.3000490 -0.0493960 -1.6328700 0.0099278 -0.6473770 0.0447668 0.7607890
22.700000 0.2915120 -0.0536318 -1.6371400 0.0105276 -0.6439560 0.0447866 0.7636780
22.733333 0.2832350 -0.0569475 -1.6417400 0.0117434 -0.6407410 0.0457923 0.7663000
22.766667 0.2745280 -0.0584431 -1.6463400 0.0131591 -0.6376950 0.0473511 0.7687200
22.800000 0.2664690 -0.0597084 -1.6523000 0.0144364 -0.6346380 0.0483726 0.7711590
22.833333 0.2575300 -0.0639431 -1.6580200 0.0148213 -0.6313840 0.0489004 0.7737850
22.866667 0.2490590 -0.0681086 -1.6639400 0.0160083 -0.6278120 0.0505274 0.7765580
22.900000 0.2404170 -0.0703034 -1.6698100 0.0181586 -0.6239470 0.0527983 0.7794700
22.933333 0.2318480 -0.0725088 -1.6759100 0.0202572 -0.6195000 0.0545629 0.7828360
22.966667 0.2238320 -0.0746040 -1.6832200 0.0224723 -0.6148300 0.0555271 0.7863820
23.000000 0.2147320 -0.0797887 -1.6897500 0.0241564 -0.6101200 0.0564599 0.7899260
23.033333 0.2058180 -0.0842137 -1.6965800 0.0261860 -0.6052310 0.0584577 0.7934690
23.066667 0.1978130 -0.0851486 -1.7045800 0.0280687 -0.6003780 0.0613169 0.7968680
23.100000 0.1902610 -0.0848532 -1.7136700 0.0290013 -0.5953840 0.0633346 0.8004160
23.133333 0.1831790 -0.0844481 -1.7218800 0.0288864 -0.5902910 0.0641515 0.8041190
23.166667 0.1754460 -0.0874023 -1.7300200 0.0273139 -0.5846050 0.0642994 0.8083050
23.200000 0.1673870 -0.0913775 -1.7376800 0.0256502 -0.5784890 0.0646841 0.8127170
23.233333 0.1583160 -0.0964622 -1.7446500 0.0242219 -0.5726220 0.0656696 0.8168260
23.266667 0.1498270 -0.1010870 -1.7512500 0.0238686 -0.5674330 0.0674197 0.8203080
23.300000 0.1409290 -0.1048310 -1.7586100 0.0244224 -0.5624460 0.0695061 0.8235450
23.333333 0.1325850 -0.1076360 -1.7653500 0.0251978 -0.5572430 0.0717292 0.8268620
23.366667 0.1244760 -0.1092810 -1.7722900 0.0260323 -0.5517500 0.0736573 0.8303420
23.400000 0.1172430 -0.1106370 -1.7776600 0.0259828 -0.5464360 0.0751096 0.8337210
23.433333 0.1081310 -0.1175420 -1.7822100 0.0255369 -0.5415740 0.0764631 0.8367790
23.466667 0.0994005 -0.1223280 -1.7868000 0.0271766 -0.5372720 0.0789508 0.8392660
23.500000 0.0919204 -0.1224730 -1.7914500 0.0292294 -0.5330460 0.0812772 0.8416660
23.533333 0.0838995 -0.1265290 -1.7957100 0.0301071 -0.5284560 0.0823280 0.8444230
23.566667 0.0753932 -0.1314950 -1.7989300 0.0316964 -0.5237220 0.0827069 0.8472720
23.600000 0.0690880 -0.1289020 -1.8028100 0.0339685 -0.5186790 0.0826338 0.8502880
23.633333 0.0622191 -0.1304290 -1.8068000 0.0325924 -0.5136180 0.0815275 0.8535150
23.666667 0.0532751 -0.1391350 -1.8084300 0.0314841 -0.5102510 0.0810101 0.8556220
23.700000 0.0449443 -0.1420410 -1.8110700 0.0336261 -0.5073530 0.0815859 0.8572080
23.733333 0.0397825 -0.1385280 -1.8124100 0.0347360 -0.5048390 0.0805493 0.8587450
23.766667 0.0310235 -0.1468350 -1.8126600 0.0330620 -0.5019470 0.0776794 0.8607680
23.800000 0.0217299 -0.1544120 -1.8127200 0.0345979 -0.4992560 0.0770544 0.8623270
23.833333 0.0145397 -0.1562210 -1.8104100 0.0377692 -0.4974410 0.0782205 0.8631380
23.866667 0.0076404 -0.1577900 -1.8073800 0.0398024 -0.4960230 0.0789771 0.8637940
23.900000 -0.0002069 -0.1626980 -1.8040200 0.0414161 -0.4940760 0.0792346 0.8648090
23.933333 -0.0084128 -0.1660960 -1.8017100 0.0442475 -0.4915190 0.0801129 0.8660440
23.966667 -0.0163417 -0.1684350 -1.7975700 0.0472152 -0.4893220 0.0808950 0.8670590
24.000000 -0.0236373 -0.1690940 -1.7925600 0.0494376 -0.4871050 0.0810920 0.8681640
24.033333 -0.0319467 -0.1714830 -1.7878300 0.0512001 -0.4847720 0.0808380 0.8693900
24.066667 -0.0400853 -0.1724820 -1.7819300 0.0526394 -0.4826510 0.0807685 0.8704910
24.100000 -0.0488710 -0.1746720 -1.7761500 0.0532242 -0.4803750 0.0805138 0.8717370
24.133333 -0.0580568 -0.1771010 -1.7698600 0.0543206 -0.4781290 0.0811791 0.8728410
24.166667 -0.0667605 -0.1780900 -1.7632800 0.0571967 -0.4765260 0.0827901 0.8733830
24.200000 -0.0766563 -0.1799290 -1.7567200 0.0601609 -0.4750730 0.0843193 0.8738290
24.233333 -0.0861273 -0.1819890 -1.7494200 0.0626980 -0.4736200 0.0858315 0.8742910
24.266667 -0.0955205 -0.1842780 -1.7416600 0.0641958 -0.4718010 0.0868486 0.8750660
24.300000 -0.1047050 -0.1850080 -1.7343400 0.0646371 -0.4690110 0.0873167 0.8764850
24.333333 -0.1145080 -0.1872880 -1.7274200 0.0645880 -0.4655000 0.0874405 0.8783460
24.366667 -0.1250760 -0.1913560 -1.7202100 0.0653228 -0.4612080 0.0876350 0.8805340
24.400000 -0.1351840 -0.1943460 -1.7114100 0.0674615 -0.4568970 0.0876323 0.8826180
24.433333 -0.1448000 -0.1977560 -1.7015200 0.0694358 -0.4530130 0.0868334 0.8845440
24.466667 -0.1541150 -0.2010560 -1.6922000 0.0719901 -0.4491050 0.0857170 0.8864390
24.500000 -0.1631330 -0.2052060 -1.6824400 0.0744390 -0.4448800 0.0846115 0.8884720
24.533333 -0.1717520 -0.2082660 -1.6731800 0.0770511 -0.4402930 0.0838686 0.8906020
24.566667 -0.1806490 -0.2115470 -1.6637900 0.0810706 -0.4358960 0.0845632 0.8923400
24.600000 -0.1888540 -0.2140870 -1.6542200 0.0858581 -0.4321220 0.0866957 0.8935220
24.633333 -0.1963450 -0.2162480 -1.6448700 0.0900779 -0.4291440 0.0891677 0.8942990
24.666667 -0.2040290 -0.2202690 -1.6353100 0.0955183 -0.4269790 0.0919446 0.8944890
24.700000 -0.2106800 -0.2235400 -1.6253100 0.1016520 -0.4250730 0.0944521 0.8944600
24.733333 -0.2158240 -0.2241410 -1.6163600 0.1063060 -0.4232080 0.0954825 0.8946940
24.766667 -0.2210730 -0.2259020 -1.6086800 0.1093730 -0.4214690 0.0949440 0.8952020
24.800000 -0.2265880 -0.2285420 -1.6015600 0.1125050 -0.4200070 0.0938903 0.8956120
24.833333 -0.2316980 -0.2302730 -1.5946100 0.1159700 -0.4186660 0.0932138 0.8958690
24.866667 -0.2373090 -0.2333630 -1.5881500 0.1205480 -0.4173720 0.0932898 0.8958610
24.900000 -0.2426880 -0.2369140 -1.5815000 0.1262710 -0.4160390 0.0939950 0.8956180
24.933333 -0.2472170 -0.2397940 -1.5751300 0.1316890 -0.4145450 0.0945601 0.8954710
24.966667 -0.2515450 -0.2425850 -1.5693000 0.1371740 -0.4129450 0.0951946 0.8953200
25.000000 -0.2555700 -0.2446950 -1.5641000 0.1425400 -0.4115160 0.0958490 0.8950700
25.033333 -0.2593620 -0.2473760 -1.5592300 0.1471280 -0.4101960 0.0965420 0.8948590
25.066667 -0.2633370 -0.2492960 -1.5551100 0.1518670 -0.4089720 0.0975791 0.8945150
25.100000 -0.2672050 -0.2512960 -1.5511100 0.1562580 -0.4078090 0.0993053 0.8940990
25.133333 -0.2715900 -0.2525760 -1.5474200 0.1606720 -0.4069130 0.1014860 0.8934800
25.166667 -0.2762520 -0.2552550 -1.5432500 0.1647290 -0.4064900 0.1036810 0.8926820
25.200000 -0.2815210 -0.2583850 -1.5397200 0.1684680 -0.4060670 0.1050690 0.8920140
25.233333 -0.2868460 -0.2600540 -1.5357200 0.1724000 -0.4056980 0.1066160 0.8912470
25.266667 -0.2928890 -0.2630340 -1.5316000 0.1772260 -0.4052950 0.1091970 0.8901700
25.300000 -0.2998830 -0.2681030 -1.5278600 0.1830270 -0.4050790 0.1115100 0.8888070
25.333333 -0.3068570 -0.2717110 -1.5245500 0.1885690 -0.4049020 0.1135690 0.8874670
25.366667 -0.3142890 -0.2755800 -1.5217800 0.1933920 -0.4048950 0.1149200 0.8862580
25.400000 -0.3222820 -0.2798580 -1.5190200 0.1977410 -0.4048300 0.1160120 0.8851850
25.433333 -0.3307390 -0.2839160 -1.5163400 0.2017670 -0.4045000 0.1171720 0.8842740
25.466667 -0.3391500 -0.2881850 -1.5136400 0.2055990 -0.4040780 0.1180240 0.8834710
25.500000 -0.3475940 -0.2919030 -1.5108600 0.2090950 -0.4033400 0.1190820 0.8828450
25.533333 -0.3567890 -0.2961700 -1.5085500 0.2124850 -0.4022570 0.1200420 0.8824000
25.566667 -0.3657720 -0.2999480 -1.5060900 0.2156780 -0.4009040 0.1213140 0.8820670
25.600000 -0.3748270 -0.3044060 -1.5035000 0.2189330 -0.3995380 0.1224990 0.8817210
25.633333 -0.3839140 -0.3089540 -1.5009100 0.2224620 -0.3981100 0.1231870 0.8813880
25.666667 -0.3930250 -0.3129920 -1.4988500 0.2255900 -0.3963820 0.1236420 0.8813070
25.700000 -0.4019790 -0.3155990 -1.4968900 0.2281660 -0.3944830 0.1243770 0.8813930
25.733333 -0.4111140 -0.3187870 -1.4948100 0.2307690 -0.3925340 0.1252410 0.8814630
25.766667 -0.4197840 -0.3211750 -1.4924800 0.2331100 -0.3906440 0.1266770 0.8814820
25.800000 -0.4288400 -0.3226130 -1.4908100 0.2350100 -0.3890460 0.1283240 0.8814460
25.833333 -0.4381610 -0.3245110 -1.4890500 0.2375940 -0.3878940 0.1301760 0.8809890
25.866667 -0.4473600 -0.3278280 -1.4873800 0.2409220 -0.3867570 0.1322240 0.8802800
25.900000 -0.4563570 -0.3313750 -1.4859300 0.2442730 -0.3855270 0.1334340 0.8797130
25.933333 -0.4648920 -0.3336730 -1.4841500 0.2470220 -0.3840790 0.1343210 0.8794440
25.966667 -0.4731420 -0.3363710 -1.4824700 0.2494700 -0.3822070 0.1352220 0.8794300
26.000000 -0.4814670 -0.3388480 -1.4814300 0.2515930 -0.3799210 0.1359490 0.8797040
26.033333 -0.4891800 -0.3401660 -1.4802000 0.2530500 -0.3775320 0.1362250 0.8802710
26.066667 -0.4968340 -0.3418440 -1.4787500 0.2543470 -0.3749360 0.1363220 0.8809920
26.100000 -0.5039040 -0.3430920 -1.4774100 0.2565360 -0.3721030 0.1363210 0.8815580
26.133333 -0.5106170 -0.3436900 -1.4763400 0.2583190 -0.3690290 0.1358220 0.8824060
26.166667 -0.5172750 -0.3446380 -1.4751600 0.2599010 -0.3657560 0.1348360 0.8834550
26.200000 -0.5233360 -0.3467170 -1.4740400 0.2614570 -0.3623520 0.1338800 0.8845440
26.233333 -0.5286620 -0.3476060 -1.4724700 0.2629850 -0.3587100 0.1326280 0.8857630
26.266667 -0.5341310 -0.3475840 -1.4716100 0.2635880 -0.3546160 0.1313090 0.8874270
26.300000 -0.5393630 -0.3476330 -1.4703500 0.2642790 -0.3503890 0.1304090 0.8890320
26.333333 -0.5443090 -0.3477520 -1.4693900 0.2652350 -0.3461560 0.1301870 0.8904370
26.366667 -0.5486030 -0.3471910 -1.4681800 0.2665030 -0.3422690 0.1298930 0.8916030
26.400000 -0.5525000 -0.3462400 -1.4672300 0.2672960 -0.3385070 0.1288840 0.8929470
26.433333 -0.5558310 -0.3449780 -1.4661400 0.2672870 -0.3350330 0.1271480 0.8945080
26.466667 -0.5590720 -0.3438380 -1.4651300 0.2666680 -0.3318560 0.1248830 0.8961940
26.500000 -0.5621980 -0.3426570 -1.4637100 0.2661030 -0.3290870 0.1221150 0.8977630
26.533333 -0.5645280 -0.3414170 -1.4623200 0.2642600 -0.3264430 0.1192560 0.8996550
26.566667 -0.5673510 -0.3397660 -1.4614100 0.2617950 -0.3234550 0.1164520 0.9018200
26.600000 -0.5699500 -0.3377250 -1.4603900 0.2589660 -0.3205290 0.1141530 0.9039730
26.633333 -0.5722600 -0.3354650 -1.4591700 0.2561510 -0.3180690 0.1120620 0.9059030
26.666667 -0.5742330 -0.3335450 -1.4573500 0.2536270 -0.3162700 0.1096560 0.9075370
26.700000 -0.5763030 -0.3311950 -1.4557400 0.2521690 -0.3145210 0.1077650 0.9087760
26.733333 -0.5770630 -0.3307960 -1.4531400 0.2517300 -0.3130910 0.1054900 0.9096580
26.766667 -0.5780500 -0.3299760 -1.4512000 0.2515180 -0.3110850 0.1028440 0.9107080
26.800000 -0.5789120 -0.3281160 -1.4492100 0.2508890 -0.3086510 0.1001890 0.9120040
26.833333 -0.5800300 -0.3263960 -1.4477600 0.2494360 -0.3059260 0.0974793 0.9136130
26.866667 -0.5804490 -0.3230270 -1.4461000 0.2477120 -0.3033940 0.0947362 0.9152140
26.900000 -0.5814740 -0.3202980 -1.4441000 0.2458580 -0.3008480 0.0925089 0.9167800
26.933333 -0.5815530 -0.3161480 -1.4419900 0.2438640 -0.2988130 0.0905811 0.9181700
26.966667 -0.5821920 -0.3134480 -1.4400500 0.2412610 -0.2968790 0.0885850 0.9196790
27.000000 -0.5832020 -0.3091290 -1.4382800 0.2388050 -0.2952670 0.0874664 0.9209450
27.033333 -0.5839230 -0.3051390 -1.4362500 0.2367090 -0.2944650 0.0863487 0.9218480
27.066667 -0.5840780 -0.3021800 -1.4332100 0.2347660 -0.2941180 0.0851153 0.9225700
27.100000 -0.5846240 -0.2989110 -1.4304200 0.2327340 -0.2934930 0.0838335 0.9234010
27.133333 -0.5853730 -0.2954220 -1.4277900 0.2301070 -0.2924950 0.0829112 0.9244580
27.166667 -0.5855120 -0.2904730 -1.4246100 0.2270150 -0.2916980 0.0819441 0.9255600
27.200000 -0.5862530 -0.2864740 -1.4218300 0.2234640 -0.2908540 0.0813495 0.9267420
27.233333 -0.5868480 -0.2821640 -1.4181600 0.2204630 -0.2905260 0.0810900 0.9275860
27.266667 -0.5870200 -0.2797060 -1.4136700 0.2178850 -0.2906130 0.0804719 0.9282210
27.300000 -0.5876160 -0.2767370 -1.4092300 0.2155950 -0.2904790 0.0797166 0.9288630
27.333333 -0.5869630 -0.2742600 -1.4033600 0.2136530 -0.2906650 0.0781289 0.9293880
27.366667 -0.5871220 -0.2712810 -1.3983200 0.2120140 -0.2900910 0.0752279 0.9301820
27.400000 -0.5875930 -0.2687830 -1.3932000 0.2089790 -0.2884350 0.0730347 0.9315570
27.433333 -0.5878540 -0.2674050 -1.3871000 0.2061030 -0.2867360 0.0712886 0.9328570
27.466667 -0.5880770 -0.2644880 -1.3809800 0.2046590 -0.2851100 0.0689051 0.9338520
27.500000 -0.5884620 -0.2627290 -1.3746300 0.2033510 -0.2833300 0.0668286 0.9348300
27.533333 -0.5889700 -0.2590210 -1.3687100 0.2022440 -0.2817800 0.0641924 0.9357220
27.566667 -0.5891190 -0.2546530 -1.3631400 0.1992750 -0.2800640 0.0609859 0.9370880
27.600000 -0.5897380 -0.2508250 -1.3569300 0.1950530 -0.2778290 0.0580354 0.9388280
27.633333 -0.5902010 -0.2467470 -1.3510900 0.1902320 -0.2754960 0.0553732 0.9406630
27.666667 -0.5898920 -0.2409290 -1.3443500 0.1853340 -0.2735220 0.0526150 0.9423740
27.700000 -0.5904820 -0.2360410 -1.3379100 0.1803020 -0.2716850 0.0503560 0.9440030
27.733333 -0.5914160 -0.2319030 -1.3309200 0.1763110 -0.2704420 0.0487193 0.9451990
27.766667 -0.5921870 -0.2259250 -1.3243400 0.1732730 -0.2698060 0.0470464 0.9460270
27.800000 -0.5935610 -0.2226560 -1.3179700 0.1692100 -0.2690210 0.0451103 0.9470800
27.833333 -0.5943210 -0.2183290 -1.3111700 0.1650260 -0.2678950 0.0429664 0.9482370
27.866667 -0.5954800 -0.2151800 -1.3046200 0.1610910 -0.2665940 0.0404026 0.9493920
27.900000 -0.5957590 -0.2096420 -1.2986900 0.1569430 -0.2648760 0.0370916 0.9507020
27.933333 -0.5961000 -0.2066440 -1.2922000 0.1522600 -0.2621180 0.0336041 0.9523560
27.966667 -0.5983220 -0.2037350 -1.2878100 0.1484410 -0.2586460 0.0305432 0.9540100
28.000000 -0.5997100 -0.2011760 -1.2824200 0.1452690 -0.2557240 0.0288194 0.9553390
28.033333 -0.6011500 -0.1984970 -1.2773300 0.1428600 -0.2535160 0.0276459 0.9563240
28.066667 -0.6021930 -0.1944490 -1.2720800 0.1400050 -0.2519840 0.0263144 0.9571890
28.100000 -0.6029150 -0.1888300 -1.2673900 0.1368530 -0.2504060 0.0244367 0.9581080
28.133333 -0.6029290 -0.1850820 -1.2622500 0.1329780 -0.2483940 0.0220942 0.9592340
28.166667 -0.6040980 -0.1823830 -1.2578200 0.1291450 -0.2457050 0.0199640 0.9604960
28.200000 -0.6049660 -0.1769730 -1.2545900 0.1262630 -0.2430950 0.0186919 0.9615680
28.233333 -0.6058220 -0.1729150 -1.2507100 0.1230940 -0.2407170 0.0181709 0.9625870
28.266667 -0.6066360 -0.1667250 -1.2475300 0.1205760 -0.2385400 0.0178560 0.9634530
28.300000 -0.6074580 -0.1623860 -1.2440800 0.1178090 -0.2367390 0.0180059 0.9642360
28.333333 -0.6084930 -0.1589070 -1.2402000 0.1155810 -0.2355370 0.0179892 0.9648000
28.366667 -0.6081390 -0.1529380 -1.2365000 0.1134130 -0.2346270 0.0178302 0.9652820
28.400000 -0.6090900 -0.1485780 -1.2337800 0.1102760 -0.2329220 0.0168597 0.9660760
28.433333 -0.6094110 -0.1455890 -1.2304200 0.1072760 -0.2309840 0.0157072 0.9668980
28.466667 -0.6090460 -0.1418300 -1.2271600 0.1053650 -0.2286400 0.0142263 0.9676880
28.500000 -0.6094810 -0.1386400 -1.2246300 0.1036510 -0.2257680 0.0128234 0.9685660
28.533333 -0.6105800 -0.1373710 -1.2218500 0.1028310 -0.2236700 0.0122185 0.9691480
28.566667 -0.6117990 -0.1348210 -1.2195800 0.1028800 -0.2226200 0.0119141 0.9693880
28.600000 -0.6114490 -0.1281620 -1.2179900 0.1023580 -0.2220270 0.0115694 0.9695840
28.633333 -0.6121290 -0.1228120 -1.2169100 0.1004360 -0.2208180 0.0111770 0.9700650
28.666667 -0.6124490 -0.1190520 -1.2145700 0.0982501 -0.2201740 0.0107561 0.9704400
28.700000 -0.6125880 -0.1145730 -1.2128400 0.0962971 -0.2196520 0.0107311 0.9707550
28.733333 -0.6126550 -0.1077830 -1.2121600 0.0941669 -0.2188420 0.0103367 0.9711510
28.766667 -0.6124620 -0.1040930 -1.2106200 0.0912863 -0.2177920 0.0098885 0.9716660
28.800000 -0.6134420 -0.1027930 -1.2090400 0.0888933 -0.2161880 0.0097484 0.9722480
28.833333 -0.6147480 -0.1010630 -1.2080800 0.0873166 -0.2148980 0.0104340 0.9726690
28.866667 -0.6145470 -0.0979738 -1.2065200 0.0862079 -0.2148930 0.0110306 0.9727630
28.900000 -0.6152130 -0.0938239 -1.2060300 0.0848962 -0.2148080 0.0106002 0.9729020
28.933333 -0.6145530 -0.0901840 -1.2051900 0.0830367 -0.2143710 0.0101936 0.9731630
28.966667 -0.6155800 -0.0873642 -1.2050100 0.0809136 -0.2131090 0.0097898 0.9736230
29.000000 -0.6165980 -0.0852935 -1.2044700 0.0790925 -0.2121600 0.0096872 0.9739810
29.033333 -0.6178170 -0.0818436 -1.2041000 0.0774804 -0.2116660 0.0092949 0.9742220
29.066667 -0.6182750 -0.0796037 -1.2027800 0.0755597 -0.2113840 0.0090294 0.9744360
29.100000 -0.6190350 -0.0781143 -1.2016400 0.0736544 -0.2111750 0.0085549 0.9746320
29.133333 -0.6206560 -0.0782537 -1.2000300 0.0721349 -0.2110560 0.0079682 0.9747760
29.166667 -0.6214950 -0.0772240 -1.1986200 0.0714158 -0.2113760 0.0075105 0.9747630
29.200000 -0.6224420 -0.0768437 -1.1970900 0.0707693 -0.2115470 0.0074423 0.9747740
29.233333 -0.6235890 -0.0769243 -1.1958400 0.0706629 -0.2115190 0.0076538 0.9747860
29.266667 -0.6244870 -0.0757143 -1.1947400 0.0707011 -0.2113430 0.0077258 0.9748210
29.300000 -0.6251970 -0.0765948 -1.1932100 0.0705076 -0.2112290 0.0080389 0.9748570
29.333333 -0.6262990 -0.0762749 -1.1918100 0.0712465 -0.2112200 0.0084874 0.9748010
