1526660610.010005 -109.35522949 -289.73140306 -0.62806404 0.00124257 0.01201133 0.87883997 0.47696376
1526660611.048200 -109.35227584 -289.73316715 -0.62981877 0.00081630 0.01220905 0.87876981 0.47708896
1526660612.077996 -109.35029270 -289.73415849 -0.63070377 0.00005018 0.01264482 0.87857753 0.47743234
1526660613.109996 -109.35257047 -289.73486573 -0.62994076 0.00076345 0.01215138 0.87867755 0.47726053
1526660614.145997 -109.35175554 -289.73296271 -0.63055121 0.00088264 0.01226223 0.87855548 0.47748208
1526660615.188213 -109.35593073 -289.71892708 -0.61286684 0.00252042 0.01130055 0.87836915 0.47784281
1526660616.172229 -109.38632223 -289.66489125 -0.60760448 0.00337963 0.01087239 0.87803912 0.47845343
1526660617.201999 -109.44553708 -289.56112601 -0.60400710 0.00306695 0.01100531 0.87759274 0.47927079
1526660618.206041 -109.53482311 -289.38540643 -0.59939011 0.00435051 0.00998065 0.87629622 0.48164967
1526660619.234016 -109.75439673 -288.96543549 -0.60016828 0.00520368 0.00955169 0.87443346 0.48502365
1526660620.256273 -110.18443612 -288.24285273 -0.59845399 0.00425556 0.00902046 0.87386268 0.48607036
1526660621.274027 -110.91083483 -287.22918360 -0.55371775 0.00547198 0.00850541 0.88230014 0.47057855
1526660622.316000 -111.93239252 -285.73988523 -0.54332964 0.00604216 0.00793478 0.88282210 0.46960160
1526660623.347999 -113.33056280 -283.77236467 -0.52595181 0.00578188 0.00556104 0.88481718 0.46586934
1526660624.378056 -115.06739094 -281.17678938 -0.49574673 0.00627238 -0.00027199 0.88182843 0.47152856
1526660625.406076 -117.28676893 -277.87355040 -0.45683403 0.01230699 -0.00760863 0.88373268 0.46776825
1526660626.438080 -120.11231652 -273.73781243 -0.44788092 0.01917327 -0.00383756 0.88313395 0.46871331
1526660627.474094 -123.64452424 -268.75218608 -0.43505501 0.02125487 -0.00157381 0.88862991 0.45812955
1526660628.506117 -127.81477473 -262.79772832 -0.42080081 0.02119653 -0.00071207 0.88631243 0.46260184
1526660629.526110 -132.54936308 -255.94142196 -0.41161345 0.02228465 -0.00089996 0.88224745 0.47025749
1526660630.562128 -138.07609482 -247.93161067 -0.41373446 0.02076822 0.00058660 0.88415337 0.46673462
1526660631.596059 -144.40211093 -238.77935253 -0.39822618 0.02547621 0.00431064 0.87623358 0.48119348
1526660632.602150 -151.67538887 -228.87078698 -0.39718373 0.02923130 -0.00886709 0.89057600 0.45380738
1526660633.628078 -159.83393839 -217.76244690 -0.31848446 0.05628444 -0.03311430 0.89589036 0.43944961
1526660634.666171 -168.70089015 -205.39307588 -0.79711987 0.03078641 -0.00571560 0.90765268 0.41855231
1526660635.694196 -178.16317349 -192.27192124 -1.14156973 0.04966493 -0.00267550 0.90419155 0.42422146
1526660636.734215 -188.53625376 -178.18819737 -1.93570087 0.06792918 0.01055292 0.87815768 0.47340611
1526660637.760125 -200.25783417 -163.89186051 -2.90105765 0.03527527 -0.00696256 0.87326741 0.48591289
1526660638.792148 -212.55843860 -148.84056854 -3.81055776 0.01800636 -0.02577696 0.86736470 0.49667871
1526660639.838243 -224.96629928 -132.66028168 -4.86444283 0.01614481 -0.04646949 0.86391848 0.50122321
1526660640.864160 -236.88908138 -115.61123968 -6.07564521 0.02779142 -0.02783260 0.85914981 0.51021039
1526660641.884162 -248.97858525 -97.84171152 -7.38698878 0.01788926 -0.01726540 0.86629391 0.49891567
1526660642.904209 -261.17966799 -79.42536476 -8.87639454 0.02716611 0.00642334 0.86390728 0.50287676
1526660643.926039 -273.96402104 -60.73642379 -10.66898503 0.01437369 -0.00210249 0.87066895 0.49165505
1526660644.952251 -286.97427247 -41.54816419 -12.66053914 0.02236250 0.00125366 0.86129284 0.50761497
1526660645.972231 -300.31348046 -22.25713578 -14.72325240 0.01667104 -0.00425962 0.86179435 0.50696588
1526660646.992243 -313.83592495 -2.68978495 -16.91354082 0.00598871 0.00119451 0.86757779 0.49726388
1526660648.025997 -327.65714832 17.31655076 -19.47356654 0.00462138 0.00360217 0.87224919 0.48902670
1526660649.048050 -341.43257692 37.21022832 -22.84789480 0.00275865 -0.00729483 0.87989670 0.47510102
1526660650.024044 -354.51516801 56.48909034 -26.27716805 0.01420525 0.00472670 0.87688005 0.48047605
1526660651.024033 -368.29909922 76.30026400 -29.72681716 0.01407363 0.01437944 0.88726437 0.46082225
1526660652.041997 -382.57799537 96.60930258 -33.29843855 0.02009872 0.01532074 0.88269210 0.46927172
1526660653.053996 -397.36860057 116.69534570 -37.19197222 0.01687476 0.01890276 0.88850266 0.45817134
1526660654.090008 -413.05572333 137.25326293 -41.35535964 0.02274347 0.00594843 0.90144742 0.43224981
1526660655.057997 -428.07239523 156.71940764 -45.38935023 0.03188447 0.00872801 0.90378219 0.42671421
1526660656.129996 -445.39840113 178.44703151 -49.72497827 0.02905446 0.00456985 0.91596144 0.40018696
1526660657.169996 -462.79428199 199.85817393 -54.04947320 0.03903013 0.01769357 0.91614318 0.39855409
1526660658.225999 -481.32614544 221.66582608 -58.38284350 0.04283002 0.03097721 0.90625048 0.41942346
1526660659.217997 -499.62628864 241.97141250 -62.10628211 0.02199234 0.01241850 0.89860964 0.43802148
1526660660.224000 -518.52630618 262.56808880 -65.49897634 0.01289600 -0.01186954 0.89695138 0.44178170
1526660661.252000 -537.76048283 284.00097553 -68.40382704 0.01647323 -0.01818902 0.89505255 0.44528496
1526660662.284001 -556.93934207 306.08081282 -70.95042830 0.01206186 -0.04251784 0.89151621 0.45082772
1526660663.307999 -575.64851669 328.82104712 -72.70283660 0.01582978 -0.04757995 0.89333093 0.44659314
1526660664.305996 -593.57357317 351.89210402 -73.83500094 0.02370868 -0.01620658 0.88899744 0.45701075
1526660665.345997 -612.32653167 376.41997712 -75.12874668 0.01609687 -0.00189985 0.87534457 0.48322797
1526660666.348001 -630.60334892 400.21371863 -76.89776275 0.01599825 -0.02211449 0.87484133 0.48363996
1526660667.337996 -648.61697123 424.20029619 -78.89660169 0.02225931 -0.03707314 0.88346964 0.46648851
1526660668.365997 -667.12496303 449.89666723 -80.93075684 0.02286392 -0.02670555 0.88607985 0.46219763
1526660669.392001 -685.68542172 476.18561200 -82.50584270 0.04067233 -0.00125505 0.88285273 0.46788380
1526660670.409998 -704.68271316 502.61930000 -83.80948151 0.05375264 0.00889897 0.87496829 0.48110500
1526660671.433996 -724.69666446 529.46703795 -84.62421779 0.05458246 -0.00531632 0.88067985 0.47052687
1526660672.437997 -744.95504071 556.27314549 -84.92437953 0.05671152 -0.00319488 0.88342708 0.46511307
1526660673.485996 -766.91820815 584.61906909 -84.92157387 0.05882503 0.02809116 0.88796091 0.45527580
1526660674.509996 -789.66196346 612.15610887 -85.26522707 0.08305840 0.06483848 0.89600313 0.43136480
1526660675.528000 -814.17192752 638.77746639 -85.70351690 0.09271650 0.10245976 0.90309554 0.40660071
1526660676.529997 -840.52204372 663.64012132 -85.80868635 0.07926625 0.10473842 0.90908241 0.39536810
1526660677.552000 -869.61771660 687.26392491 -86.19687126 0.07490084 0.10915707 0.92915422 0.34517673
1526660678.589996 -901.22739933 709.33599184 -86.99073492 0.07670739 0.13668557 0.93472284 0.31894520
1526660679.625997 -934.96839433 728.87312017 -88.23307276 0.05368094 0.06302716 0.95309234 0.29113725
1526660680.661996 -969.84902968 747.36389435 -89.73598514 0.04553678 0.01020783 0.95494938 0.29307690
1526660681.681996 -1004.83427867 765.49900743 -90.53205966 0.04360305 -0.01678275 0.95309162 0.29905435
1526660682.717997 -1040.29193681 784.35933034 -91.03042190 0.01941344 -0.03314329 0.95072222 0.30765563
1526660683.740008 -1075.47337199 803.54694657 -90.32654055 0.02330054 -0.02160185 0.95228273 0.30355898
1526660684.765996 -1110.56341167 823.25616388 -89.98923814 0.01660123 -0.02397149 0.95501786 0.29511118
1526660685.797997 -1145.72830286 843.46468789 -90.11888722 0.01898126 -0.01565296 0.96118695 0.27479863
1526660686.828001 -1180.71425890 863.81191198 -90.94018705 0.02872128 0.01985114 0.96189934 0.27116537
1526660687.845997 -1215.60212654 883.45874534 -92.15410662 0.02526214 0.02306119 0.95753467 0.28628200
1526660688.848000 -1250.16527347 902.16135767 -93.40440971 0.01179986 -0.00460698 0.95952338 0.28134376
1526660689.873996 -1285.39078313 921.19962716 -94.34837997 0.01987023 -0.01804744 0.96078020 0.27600890
1526660690.892001 -1320.27465009 940.32791405 -94.46754065 0.03761911 -0.00638064 0.95605028 0.29070914
1526660691.916001 -1355.59468020 959.60476190 -93.93136933 0.02510126 -0.01401310 0.95250165 0.30317351
1526660692.961996 -1391.72968913 979.45018213 -93.15609204 0.01992519 -0.01934213 0.95593452 0.29226354
1526660693.972002 -1426.49033055 998.85159780 -92.59775298 0.02294093 -0.00699786 0.95707339 0.28885174
1526660694.997997 -1461.77805482 1018.57738615 -92.34511420 0.02012352 -0.00977725 0.95821571 0.28517017
1526660696.040011 -1497.61462463 1038.65340158 -92.18663725 0.02425342 -0.00227670 0.95680672 0.28970245
1526660697.052001 -1532.50950544 1058.03020400 -92.04041461 0.02192229 0.00772232 0.95302737 0.30199090
1526660698.050000 -1566.98902269 1076.72843354 -92.12175867 0.01507817 0.01133034 0.95381194 0.29981166
1526660699.048000 -1601.56673385 1095.00649577 -92.29055499 0.03052844 0.03224854 0.95616567 0.28943968
1526660700.088000 -1638.07447657 1113.33229054 -92.44111975 0.04577514 0.04058196 0.95851421 0.27840307
1526660701.108000 -1674.55919662 1130.34504338 -92.36042934 0.03649183 0.04268945 0.96462989 0.25755593
1526660702.117996 -1711.26971057 1146.25697533 -92.35057474 0.02180698 0.05420742 0.96617138 0.25119489
1526660703.161997 -1749.59530024 1161.33787566 -92.49981351 0.01353040 0.05229374 0.96998703 0.23708111
1526660704.189997 -1787.52509246 1174.85358613 -92.78715510 0.01300444 0.04740911 0.97616631 0.21138230
1526660705.192000 -1824.68409680 1186.80853051 -93.10240216 0.01641648 0.05886002 0.97943360 0.19229098
1526660706.221998 -1863.15806786 1197.60773117 -93.48068787 0.01169085 0.04767768 0.98432815 0.16937636
1526660707.241997 -1901.39251356 1207.08898445 -93.60599170 0.01634639 0.00584623 0.98886591 0.14779323
1526660708.256000 -1939.56145916 1216.10264006 -93.13945538 0.02584242 -0.00115044 0.99069506 0.13361940
1526660709.256001 -1977.34393296 1224.56913005 -92.48524983 0.01702213 0.02131629 0.99140894 0.12792222
1526660710.285997 -2016.48320693 1232.45757823 -91.96284526 0.02065141 0.04547978 0.99170119 0.11846483
1526660711.325998 -2056.36144085 1239.06865019 -91.81465010 0.02746401 0.05326587 0.99310440 0.10075742
1526660712.329996 -2095.22906473 1244.03072093 -92.16331238 0.02633959 0.04568659 0.99563241 0.07703933
1526660713.368046 -2135.57705739 1247.82962635 -92.69411185 0.01674923 0.04426781 0.99817991 0.03737394
1526660714.401997 -2175.72461921 1250.44726588 -93.50681350 0.00881030 0.06524958 0.99754351 0.02391303
1526660715.425996 -2215.30484485 1251.41497247 -94.45604276 0.01038323 0.07180596 0.99705660 0.02478402
1526660716.465996 -2255.37871712 1250.65105722 -95.49100548 0.01005252 0.05261641 0.99824607 0.02520321
1526660717.485997 -2294.50979841 1248.58077206 -96.28949481 0.01154757 0.05459672 0.99841088 0.00784608
1526660718.512109 -2333.74295052 1245.24273196 -96.92736918 0.01013506 0.07229515 0.99733150 -0.00071166
1526660719.536096 -2372.70854916 1240.34466080 -97.52084714 0.00920236 0.04973659 0.99866372 -0.01059815
1526660720.561996 -2411.62135456 1234.25872872 -97.81770151 0.01312306 0.04576388 0.99846750 -0.02821571
1526660721.586000 -2450.33746789 1227.21243427 -97.88080778 0.01620075 0.05661259 0.99749941 -0.03908112
1526660722.621997 -2489.36455068 1218.93183721 -97.67681696 0.01116577 0.04080898 0.99781942 -0.05065939
1526660723.660177 -2528.28910396 1209.65993834 -97.48354679 0.00578319 0.03561126 0.99686444 -0.07042515
1526660724.656160 -2565.28341989 1199.93955403 -97.75884431 0.00384887 0.04352517 0.99567473 -0.08199143
1526660725.672174 -2602.77179566 1188.98209723 -98.62250238 0.00880842 0.04703360 0.99218237 -0.11525761
1526660726.693996 -2640.13278040 1176.85964336 -99.75846627 0.01288941 0.07497190 0.98894149 -0.12730946
1526660727.733996 -2677.83762966 1162.95957339 -100.44173025 0.02537698 0.05443167 0.98936093 -0.13250740
1526660728.761997 -2715.02110418 1147.94033213 -100.05225765 0.02615274 0.06077306 0.98558128 -0.15573116
1526660729.761997 -2751.22257971 1132.13715796 -99.15314730 0.02235842 0.05272165 0.98560196 -0.15908864
1526660730.796237 -2788.52860468 1114.48552769 -98.34170452 0.01933498 0.04612137 0.98411226 -0.17035832
1526660731.820404 -2825.24003600 1095.77104726 -98.10996955 0.01398858 0.06149571 0.97816741 -0.19801785
1526660732.866003 -2862.38209575 1075.25997267 -98.05819173 0.01111456 0.05124522 0.96921128 -0.24058230
1526660733.897996 -2898.60712523 1053.88205528 -97.71759906 0.00443412 0.07393979 0.96372676 -0.25640568
1526660734.932029 -2934.05433857 1030.76972932 -97.79771657 0.00310919 0.07320832 0.95906448 -0.27354398
1526660735.968002 -2968.80439044 1006.00897096 -97.94381194 0.00470742 0.05308744 0.95490092 -0.29210219
1526660736.992000 -3002.46525902 980.40034557 -97.79384846 0.00182347 0.05150208 0.95050579 -0.30640331
1526660738.009999 -3035.24260579 953.84998802 -97.36990491 -0.00726422 0.06383565 0.94663405 -0.31584206
1526660739.036001 -3067.23021860 925.94658659 -96.91635190 -0.00939302 0.06188587 0.94155312 -0.33099779
1526660740.060008 -3098.16641400 896.85989759 -96.57189805 -0.01321167 0.08091678 0.93136972 -0.35472295
1526660741.056000 -3127.05897177 867.13049309 -96.36997682 -0.01771561 0.10695568 0.92163664 -0.37260225
1526660742.093997 -3155.59297602 834.28771472 -95.94379235 -0.01252173 0.09725790 0.90913582 -0.40479150
1526660743.105997 -3181.91967288 800.69597575 -95.25898752 -0.01766858 0.09796202 0.89173442 -0.44147593
1526660744.152001 -3207.47843142 764.40444587 -94.45092010 -0.02272555 0.10103720 0.87759912 -0.46807572
1526660745.197996 -3231.23588506 726.47706139 -93.58071771 -0.01411439 0.07476159 0.86789262 -0.49089092
1526660746.225997 -3252.99428712 688.12832763 -93.04384961 -0.00559550 0.04968288 0.84477991 -0.53277320
1526660747.260008 -3273.81118787 648.88254689 -92.70583040 -0.01336968 0.06205944 0.83860022 -0.54103577
1526660748.305997 -3293.46828307 608.32704927 -92.71371671 0.00269657 0.02764499 0.83972907 -0.54229480
1526660749.326004 -3311.78453831 568.42303510 -92.83816629 0.02000411 0.00843743 0.82647502 -0.56255460
1526660750.325997 -3329.71562150 529.00183977 -92.72752057 0.03015601 0.00262811 0.82727218 -0.56098527
1526660751.356000 -3348.06170332 488.29482442 -92.17044669 0.01798693 0.00601122 0.82972085 -0.55785626
1526660752.377996 -3366.12252819 447.67443281 -91.55833472 0.01190816 -0.00801648 0.82986194 -0.55778402
1526660753.400022 -3384.01990939 407.21647592 -91.18948953 0.01664778 -0.01117969 0.82738066 -0.56128335
1526660754.416001 -3401.81573753 367.05927513 -90.89706546 0.01227212 0.00020167 0.82884949 -0.55933708
1526660755.444001 -3419.52905356 326.50094265 -90.89099465 -0.00169960 0.00292159 0.82407695 -0.56646788
1526660756.493996 -3437.10306798 284.99934390 -91.72167911 -0.00942249 0.01381550 0.81017506 -0.58594942
1526660757.505997 -3453.26400042 245.03495545 -93.29472756 -0.00644367 0.01840342 0.80448014 -0.59365940
1526660758.516000 -3468.59645434 205.12993167 -95.28529311 0.00113601 0.02903476 0.80170125 -0.59701824
1526660759.556005 -3483.63703608 163.65843132 -96.99150125 -0.00692444 0.04450955 0.80435848 -0.59243429
1526660760.536001 -3496.90435990 124.27505585 -97.86353049 -0.01397046 0.03630001 0.80838013 -0.58737433
1526660761.558000 -3509.79072892 82.91732107 -98.34389317 -0.00661002 0.02351202 0.80065584 -0.59862655
1526660762.576000 -3521.95890754 41.58472248 -98.81340351 -0.01086520 0.02605821 0.79232550 -0.60944492
1526660763.605996 -3533.53859539 -0.43248546 -99.17256783 -0.00609080 0.02669714 0.78399879 -0.62015796
1526660764.640008 -3544.37296670 -42.70126654 -99.62941289 -0.01838457 0.04283928 0.77684230 -0.62796724
1526660765.677997 -3554.13065118 -85.57566561 -100.29602581 -0.02380199 0.04333265 0.76830959 -0.63816625
1526660766.672000 -3562.19097581 -126.70427701 -101.52173194 -0.02458603 0.03783181 0.74918914 -0.66081768
1526660767.677997 -3569.16306570 -168.54060821 -103.37751568 -0.02239167 0.04936140 0.73365963 -0.67735189
1526660768.701998 -3575.05818939 -211.30072349 -104.92692120 -0.02803241 0.05614801 0.73706865 -0.67289776
1526660769.725999 -3579.52304467 -254.28057015 -105.94225443 -0.03902486 0.06546517 0.73710310 -0.67146873
1526660770.758018 -3582.27715868 -297.74310322 -106.76444944 -0.03002498 0.04713994 0.71621633 -0.69563681
1526660771.790008 -3583.80824545 -341.27133107 -107.71902144 -0.02203733 0.05057748 0.69858325 -0.71339875
1526660772.806017 -3584.13862176 -384.21441128 -108.41006146 -0.02978795 0.05548080 0.68175250 -0.72886765
1526660773.842016 -3583.14609474 -428.09265381 -108.62813692 -0.02159523 0.04897721 0.66740394 -0.74276972
1526660774.862032 -3581.01674585 -471.43224038 -108.65417705 -0.01414222 0.03834248 0.66077387 -0.74947166
1526660775.887999 -3577.92216435 -514.93730609 -108.75122211 -0.01101432 0.02573743 0.65852642 -0.75203669
1526660776.852001 -3574.29531651 -555.82702631 -108.90632727 0.00331612 0.01845313 0.64816529 -0.76126885
1526660777.878054 -3569.97828940 -599.39201870 -109.22619185 -0.00114299 0.02662276 0.63813406 -0.76946396
1526660778.912001 -3565.02819842 -643.32246417 -109.44344365 0.00543464 0.03661332 0.63265395 -0.77354950
1526660779.920009 -3559.55694408 -686.39710417 -109.35126369 0.00086607 0.04019094 0.63502669 -0.77144343
1526660780.956001 -3553.16566731 -730.86037050 -109.14110157 0.00725301 0.02274214 0.62897581 -0.77705824
1526660781.988000 -3546.40052919 -775.28210835 -108.83665967 0.01962969 0.02154075 0.61543715 -0.78764701
1526660783.010144 -3539.49553762 -819.63292110 -108.44315187 0.01069018 0.03030401 0.62593365 -0.77921402
1526660784.010147 -3532.39607953 -863.17879420 -107.80815134 0.02881056 -0.00618569 0.63656211 -0.77066231
1526660785.040008 -3525.43618231 -908.02164468 -107.21817775 0.03456354 -0.01885768 0.63507628 -0.77144521
1526660786.054187 -3519.41616780 -952.31386127 -107.07562539 0.04033925 -0.01169399 0.64785367 -0.76060611
1526660787.068000 -3514.07094138 -996.73717767 -106.90139183 0.05232508 -0.00629379 0.65561169 -0.75325674
1526660788.124001 -3509.31478795 -1043.37020898 -106.13243992 0.04338435 -0.00492797 0.66883570 -0.74212694
1526660789.158203 -3505.31792027 -1089.36367978 -105.08573527 0.04169622 -0.00690303 0.66933274 -0.74175966
1526660790.190192 -3502.02873058 -1135.59682541 -104.03808185 0.03363698 0.00570895 0.67109376 -0.74058712
1526660791.198205 -3499.14412177 -1180.82255788 -102.73178567 0.01666705 0.01946354 0.67952770 -0.73320210
1526660792.196000 -3496.20964165 -1225.78047795 -100.90858408 0.02461829 0.00666303 0.68406236 -0.72897744
1526660793.234224 -3493.30671410 -1272.72188803 -98.76137976 0.02265855 0.00957245 0.67977244 -0.73301053
1526660794.263999 -3490.61857301 -1319.21172181 -96.78436740 0.03301666 -0.00599269 0.68240225 -0.73020625
1526660795.301013 -3488.37223184 -1366.15207269 -94.79544658 0.04796254 -0.01883702 0.67545956 -0.73559439
1526660796.326256 -3486.98715535 -1412.78151648 -93.12645571 0.02866180 -0.00765469 0.67767119 -0.73476648
1526660797.365997 -3485.95213022 -1459.86863895 -91.83619191 0.01784686 0.00108737 0.68180662 -0.73131394
1526660798.400064 -3484.99158278 -1506.73834183 -90.84240536 0.01173284 0.01615344 0.68297976 -0.73016441
1526660799.409996 -3483.82114785 -1552.54879136 -89.85154637 0.01335950 0.01910078 0.68478888 -0.72836864
1526660800.433997 -3482.45396443 -1599.18784921 -88.60967904 0.02064299 0.00943121 0.69294834 -0.72062987
1526660801.466020 -3481.01661270 -1646.23156464 -87.06833268 0.01492381 0.00470567 0.68478835 -0.72857398
1526660802.461996 -3479.68565018 -1691.57330323 -85.46354045 0.00210769 0.00734140 0.67731619 -0.73565245
1526660803.480090 -3478.12228516 -1737.70808500 -83.80372622 -0.00421090 0.00881179 0.67361468 -0.73901820
1526660804.504106 -3476.15627267 -1783.88369571 -82.41942176 -0.00130010 0.00407091 0.67203784 -0.74050450
1526660805.522027 -3473.76104114 -1829.49200029 -81.59667274 0.00648989 0.00148533 0.65937489 -0.75178480
1526660806.552123 -3471.10901697 -1875.39237677 -81.26705981 0.00522253 0.00850035 0.65781540 -0.75311309
1526660807.590079 -3468.16367535 -1921.52066795 -81.01432518 0.02069212 -0.00552744 0.66449195 -0.74698836
1526660808.612146 -3465.23082790 -1966.74606515 -80.77146081 -0.00062453 0.01545868 0.66957903 -0.74257970
1526660809.634076 -3461.97726697 -2011.76285671 -80.00309383 0.00251909 0.00538254 0.68507409 -0.72844911
1526660810.672197 -3458.44518531 -2057.21261715 -79.01205350 0.01926705 -0.01955785 0.68033564 -0.73238629
1526660811.694105 -3455.34400380 -2101.66323845 -78.62587009 0.01300407 -0.01976030 0.66633326 -0.74527872
1526660812.694136 -3452.65991980 -2144.73535820 -78.82411585 0.01455319 -0.02139770 0.65134025 -0.75834435
1526660813.733150 -3450.24839838 -2189.10045764 -79.11793013 0.01120221 -0.00742120 0.64856154 -0.76104355
1526660814.771002 -3447.98190166 -2233.20891818 -78.98418509 0.00522555 0.00176230 0.66844660 -0.74373960
