3192758631.782524 0.0000000 0.0000000 0.0000000 0.0000000 0.0000000 0.0000000 1.0000000
3192758633.718682 -0.0032905 -0.0049030 -0.0248913 -0.0056498 0.0227047 -0.0025981 0.9997229
3192758633.751682 -0.0031881 -0.0041133 -0.0251141 -0.0089843 0.0247739 -0.0021685 0.9996504
3192758634.081686 0.0161799 -0.0254622 -0.0347022 -0.0392502 0.0415469 0.0170193 0.9982202
3192758634.279688 0.0355145 -0.0494845 -0.0629733 -0.0626220 0.0804123 0.0165506 0.9946549
3192758634.378688 0.0310731 -0.0516093 -0.0712406 -0.0786035 0.1109299 0.0218554 0.9904738
3192758634.477690 0.0192586 -0.0564976 -0.0897163 -0.0861479 0.1356198 0.0330295 0.9864557
3192758634.576690 -0.0054674 -0.0876187 -0.1145271 -0.0907322 0.1670381 0.0428420 0.9808316
3192758634.675691 -0.0518258 -0.1282652 -0.1640766 -0.0932051 0.2113775 0.0542031 0.9714394
3192758634.807693 -0.1243084 -0.1682138 -0.2105364 -0.0952600 0.2753192 0.0668151 0.9542854
3192758634.939694 -0.1493575 -0.1868265 -0.2352278 -0.0965342 0.3353688 0.0817439 0.9335560
3192758635.170696 -0.1773801 -0.2084435 -0.2840018 -0.0956893 0.3995367 0.0939825 0.9068524
3192758635.533700 -0.1415634 -0.2152320 -0.3859885 -0.0823385 0.4376888 0.0934210 0.8904613
3192758635.896703 -0.0532943 -0.2271884 -0.5464091 -0.0643826 0.4525639 0.0654586 0.8869927
3192758636.424709 0.0563794 -0.1989365 -0.5516690 -0.0799334 0.3414211 0.0459216 0.9353788
3192758636.622710 0.0618839 -0.1843504 -0.4697133 -0.0688316 0.2850314 0.0409206 0.9551674
3192758636.985714 0.0284286 -0.1586408 -0.2670791 -0.0758798 0.2502397 0.0378749 0.9644625
3192758637.117715 0.0662539 -0.1144746 -0.1162470 -0.0927613 0.1850240 0.0366046 0.9776613
3192758637.249717 0.0588237 -0.0804968 0.0009947 -0.1029317 0.1477155 0.0309050 0.9831735
3192758637.579720 0.0167065 -0.0294349 0.1732908 -0.1327172 0.0970938 0.0062564 0.9863670
3192758638.734730 -0.0225216 -0.0446967 0.1828644 -0.0559097 0.2134277 0.0016978 0.9753563
3192758638.932732 -0.0496953 -0.1057959 0.0998069 -0.0686025 0.2929534 0.0235312 0.9533721
3192758639.226512 -0.0673454 -0.1236539 0.0437414 -0.0755388 0.3686717 0.0460698 0.9253392
3192758639.523352 -0.1049008 -0.1386781 -0.0084020 -0.0748857 0.4216945 0.0680673 0.9010731
3192758639.787353 -0.1208410 -0.1644518 -0.0601289 -0.0598057 0.4647434 0.0823230 0.8795793
3192758639.952355 -0.1418159 -0.1962326 -0.1213883 -0.0451328 0.5057368 0.0978713 0.8559291
3192758639.985356 -0.1510057 -0.2074797 -0.1379259 -0.0418398 0.5149662 0.1014829 0.8501532
3192758640.084358 -0.1734802 -0.2317205 -0.1933994 -0.0283889 0.5490494 0.1116338 0.8278145
3192758640.117357 -0.1807247 -0.2415210 -0.2111757 -0.0241866 0.5605079 0.1140767 0.8198978
3192758640.183358 -0.1904169 -0.2561209 -0.2512559 -0.0187283 0.5835668 0.1217097 0.8026742
3192758640.315358 -0.2254966 -0.2866582 -0.3350727 -0.0170801 0.6244750 0.1380630 0.7685557
3192758640.447360 -0.2477185 -0.3073436 -0.4130595 -0.0134639 0.6478965 0.1520675 0.7462736
3192758640.612361 -0.3027936 -0.3381746 -0.5264867 -0.0056910 0.6839529 0.1631368 0.7110291
3192758640.777363 -0.3650753 -0.3846650 -0.6494537 0.0021495 0.7239789 0.1711466 0.6682506
3192758640.942366 -0.4502432 -0.4480254 -0.7644094 0.0068720 0.7633486 0.1812242 0.6200077
3192758641.124558 -0.5208693 -0.5059139 -0.8634275 0.0125214 0.7982079 0.1842210 0.5733848
3192758641.289210 -0.6094869 -0.5667133 -0.9236175 0.0090095 0.8268660 0.1873662 0.5301937
3192758641.487222 -0.6597233 -0.6158085 -0.9516601 0.0049049 0.8593902 0.1817593 0.4778995
3192758641.833966 -0.5889595 -0.5941661 -1.0512667 -0.0270393 0.8928874 0.1485058 0.4242253
3192758642.626168 -0.2525886 -0.5389550 -1.3491545 -0.0747080 0.8389707 0.1031653 0.5290594
3192758642.890168 -0.1496566 -0.5084319 -1.4671038 -0.0777813 0.8083059 0.0937802 0.5760182
3192758643.418174 0.0691881 -0.4876108 -1.5797496 -0.0807423 0.8374958 0.0922568 0.5325130
3192758643.583175 0.1894851 -0.5319036 -1.5956666 -0.0677727 0.8610421 0.0783590 0.4978686
3192758643.855051 0.3427839 -0.5401088 -1.6542885 -0.0482091 0.8849488 0.0733176 0.4573466
3192758644.350179 0.5614062 -0.5224245 -1.8503139 0.0017189 0.8899534 0.0650768 0.4513812
3192758644.713180 0.7390822 -0.5143346 -1.9794079 -0.0117465 0.9019511 0.0883893 0.4225323
3192758644.944183 0.8738567 -0.4843328 -2.0261619 -0.0225252 0.9256659 0.0807827 0.3689302
3192758645.076184 0.9786931 -0.4812951 -2.0625925 -0.0131109 0.9492483 0.0881218 0.3016460
3192758645.274186 1.0821083 -0.4854130 -2.1075702 -0.0269039 0.9765747 0.0935873 0.1918838
3192758645.704349 1.1411960 -0.5319214 -2.2748623 -0.0095062 0.9890550 0.1001200 0.1079623
3192758646.166738 1.1693211 -0.5337340 -2.5396450 -0.0130304 0.9915899 0.1209151 0.0442630
3192758646.364739 1.2244405 -0.5233656 -2.6029828 -0.0464094 0.9905404 0.1210799 -0.0448953
3192758646.500780 1.2735124 -0.5058294 -2.6627645 -0.0860802 0.9843525 0.1090297 -0.1084111
3192758646.666069 1.2955644 -0.4954714 -2.7391288 -0.1066308 0.9785603 0.0827139 -0.1555891
3192758646.798061 1.2782295 -0.4938844 -2.8119473 -0.0909220 0.9766569 0.0735452 -0.1801824
3192758647.144752 1.1442964 -0.4740245 -3.0315213 -0.0291188 0.9762760 0.0689234 -0.2031918
3192758647.408277 1.0302074 -0.4723426 -3.2231746 -0.0192727 0.9810303 0.0755224 -0.1774952
3192758647.669325 0.9549699 -0.4454086 -3.4282794 -0.0584272 0.9820520 0.0951735 -0.1519936
3192758647.891242 0.9121559 -0.4162383 -3.6102829 -0.0629463 0.9868573 0.0685619 -0.1320972
3192758648.256525 0.8147976 -0.4415844 -3.8818741 -0.0242490 0.9858822 0.0675294 -0.1512877
3192758648.653932 0.5939974 -0.4134239 -4.0717702 -0.0210899 0.9825283 0.0550671 -0.1765248
3192758649.049936 0.4020208 -0.4193561 -4.3463326 -0.0175855 0.9876219 0.0645385 -0.1418750
3192758649.412939 0.3299195 -0.3805043 -4.6073346 -0.0623481 0.9851511 0.0364196 -0.1557679
3192758649.775942 0.1972241 -0.3677216 -4.8492513 -0.0338043 0.9794902 0.0443977 -0.1936105
3192758650.138945 -0.0081432 -0.3683218 -5.0795183 0.0014526 0.9828185 0.0109606 -0.1842429
3192758650.435948 -0.1195223 -0.3486872 -5.2937627 -0.0120550 0.9782547 0.0526158 -0.2002596
3192758650.831952 -0.2231057 -0.3007639 -5.6015754 -0.0263931 0.9735652 0.0305693 -0.2248104
3192758651.175315 -0.3705351 -0.2868832 -5.8498812 -0.0239121 0.9660435 0.0602331 -0.2501201
3192758651.481506 -0.5802386 -0.2853195 -6.0465107 -0.0181425 0.9700420 0.0431259 -0.2383896
3192758651.811451 -0.7485720 -0.2785303 -6.2861300 -0.0268635 0.9681109 0.0631803 -0.2409313
3192758652.009453 -0.8230188 -0.2378332 -6.4294066 -0.0547125 0.9670830 0.0561239 -0.2420893
3192758652.273456 -0.9174333 -0.2431882 -6.6279497 -0.0675700 0.9618593 0.0449219 -0.2612334
3192758652.603458 -1.1224940 -0.2257362 -6.8664565 -0.0513878 0.9609421 0.0577973 -0.2657237
3192758652.900461 -1.3184373 -0.2380569 -7.0550799 -0.0405577 0.9638268 0.0196429 -0.2626921
3192758653.296465 -1.5153444 -0.1918909 -7.3771124 -0.0406966 0.9629070 0.0522882 -0.2615718
3192758653.626468 -1.6246393 -0.1929095 -7.6257706 -0.0471586 0.9576141 0.0335807 -0.2821765
3192758653.890471 -1.7722797 -0.1668193 -7.8321939 -0.0308078 0.9577993 0.0492891 -0.2814994
3192758654.154472 -1.9502537 -0.1624496 -8.0277557 -0.0358735 0.9648502 0.0276960 -0.2588631
3192758654.352474 -2.0630090 -0.1797628 -8.1890478 -0.0252704 0.9702953 0.0163568 -0.2400438
3192758654.715478 -2.1968358 -0.1143142 -8.4741297 -0.0498505 0.9680288 0.0415888 -0.2422923
3192758655.048015 -2.3112640 -0.1144381 -8.7338657 -0.0553082 0.9622886 0.0451843 -0.2624881
3192758655.378020 -2.5058405 -0.0852625 -8.9408703 -0.0361773 0.9639645 0.0302458 -0.2618185
3192758655.609023 -2.6478071 -0.0962486 -9.1025448 -0.0321122 0.9684470 0.0233453 -0.2460372
3192758655.972026 -2.8061833 -0.0549342 -9.3940668 -0.0451575 0.9686480 0.0504883 -0.2390245
3192758656.269029 -2.8707216 -0.0381168 -9.6134109 -0.0619465 0.9652183 0.0285428 -0.2523916
3192758656.599033 -3.0032353 -0.0281687 -9.8461561 -0.0506071 0.9633247 0.0329168 -0.2614595
3192758656.863035 -3.1666698 -0.0013278 -10.0590572 -0.0427507 0.9712420 0.0485608 -0.2291361
3192758657.061038 -3.2657871 -0.0045140 -10.2153244 -0.0432805 0.9758866 0.0625883 -0.2045845
3192758657.358040 -3.3492002 0.0216124 -10.4000330 -0.0525005 0.9705908 0.0662431 -0.2254088
3192758657.688044 -3.4105334 0.0353106 -10.6372194 -0.0590288 0.9630701 0.0429790 -0.2591609
3192758657.985047 -3.5200560 0.0495875 -10.8340797 -0.0442076 0.9592909 0.0484229 -0.2747032
3192758658.282050 -3.7044489 0.0711045 -11.0548201 -0.0369437 0.9686022 0.0366352 -0.2431108
3192758658.711054 -3.9026580 0.0715781 -11.3420477 -0.0442551 0.9721388 0.0500208 -0.2246901
3192758658.975057 -3.9677861 0.1178950 -11.5168686 -0.0579997 0.9698217 0.0340033 -0.2343624
3192758659.173059 -4.0260873 0.1168168 -11.6554813 -0.0670471 0.9653026 0.0323356 -0.2502996
3192758659.305060 -4.0929518 0.1144484 -11.7486429 -0.0499673 0.9622806 0.0547186 -0.2617732
3192758659.470062 -4.1831574 0.1259409 -11.8482838 -0.0349527 0.9631631 0.0556048 -0.2607745
3192758659.701065 -4.3345313 0.1346273 -11.9977560 -0.0179821 0.9697053 0.0382887 -0.2405870
3192758659.998067 -4.4852886 0.1220582 -12.1846943 -0.0119981 0.9688498 0.0508577 -0.2420733
3192758660.295071 -4.6079597 0.1705762 -12.3945456 -0.0374988 0.9636886 0.0605221 -0.2573618
3192758660.658074 -4.7563524 0.1592344 -12.6582012 -0.0406048 0.9597096 0.0635263 -0.2706901
3192758660.988077 -4.9555445 0.2065904 -12.8578520 -0.0229848 0.9649388 0.0718940 -0.2513884
3192758661.351081 -5.1835837 0.1786461 -13.0964928 -0.0213379 0.9739983 0.0662883 -0.2155873
3192758661.582082 -5.2720041 0.1980833 -13.2571106 -0.0329417 0.9745626 0.0785317 -0.2073050
3192758661.780084 -5.3440824 0.2307665 -13.3860226 -0.0531200 0.9711886 0.0794583 -0.2183057
3192758662.110087 -5.4650178 0.2294714 -13.6404705 -0.0566223 0.9733364 0.0861822 -0.2048970
3192758662.374090 -5.6038656 0.2484636 -13.8439951 -0.0337112 0.9789343 0.0975468 -0.1761696
3192758662.539091 -5.6988201 0.2586751 -13.9913244 -0.0364543 0.9834071 0.1105025 -0.1391792
3192758662.671093 -5.7935114 0.2133317 -14.0887671 -0.0323773 0.9896793 0.1033954 -0.0937864
3192758662.836093 -5.8725710 0.1789732 -14.2451859 -0.0062892 0.9913436 0.1201593 -0.0525362
3192758663.067096 -5.9296885 0.2021279 -14.4111519 -0.0176049 0.9914071 0.1281323 -0.0195997
3192758663.331099 -5.9477563 0.2355340 -14.6131630 -0.0608740 0.9908288 0.1203411 0.0084150
3192758663.529101 -6.0002537 0.1927676 -14.7947760 -0.0758308 0.9866024 0.1349823 0.0514319
3192758663.661102 -6.0658650 0.1754279 -14.9236965 -0.0650873 0.9814494 0.1510412 0.0985256
3192758663.826103 -6.1656170 0.1701827 -15.0843630 -0.0507983 0.9709749 0.1614863 0.1689655
3192758663.925105 -6.2411752 0.2023971 -15.1908798 -0.0383013 0.9600416 0.1593071 0.2268796
3192758664.094496 -6.2752790 0.2245553 -15.3670254 -0.0280912 0.9337698 0.1447016 0.3261078
3192758664.292442 -6.2221789 0.2329433 -15.5213089 -0.0163592 0.9117253 0.1275491 0.3901545
3192758664.457443 -6.1560688 0.2642814 -15.6276140 -0.0160401 0.8977163 0.1347113 0.4191670
3192758664.754447 -6.0183573 0.3380052 -15.7925959 -0.0247180 0.8886180 0.1158784 0.4430794
3192758664.952448 -5.9058685 0.3524974 -15.9091959 -0.0224508 0.8810768 0.0956898 0.4626479
3192758665.150450 -5.7523341 0.3506852 -16.0765018 -0.0140444 0.8618094 0.1103045 0.4948941
3192758665.414453 -5.6229601 0.3896848 -16.2796249 0.0190621 0.8443243 0.1178227 0.5223705
3192758665.612454 -5.5363727 0.4013391 -16.4289703 0.0235376 0.8360052 0.0961580 0.5397175
3192758666.107459 -5.2094216 0.4831231 -16.6497440 -0.0019602 0.8346027 0.0737630 0.5458878
3192758666.503462 -4.9193954 0.5109444 -16.7800064 -0.0194825 0.8337001 0.0616057 0.5484244
3192758666.899465 -4.6405129 0.5659539 -16.9992485 0.0010345 0.8210831 0.0762147 0.5656968
3192758667.427470 -4.2301435 0.6118059 -17.2126007 -0.0052135 0.8077285 0.0795042 0.5841460
3192758667.856474 -3.8974023 0.6547585 -17.2884293 0.0018311 0.8257776 0.0756979 0.5588897
3192758668.252478 -3.6556821 0.7216974 -17.4575005 0.0252841 0.8377147 0.0821116 0.5393073
3192758668.813483 -3.1913772 0.7715415 -17.6946907 0.0058901 0.8205757 0.0775460 0.5662221
3192758669.077486 -2.9760716 0.8067884 -17.7400436 0.0077511 0.8305787 0.0532957 0.5542910
3192758669.539489 -2.6174636 0.8766257 -17.9172993 0.0012736 0.8330566 0.0818623 0.5470956
3192758669.968494 -2.3104668 0.9049721 -18.1287365 0.0207851 0.8270623 0.0698555 0.5573653
3192758670.298497 -2.0372391 0.9713436 -18.2043018 0.0075603 0.8311557 0.0713204 0.5513950
3192758670.529498 -1.8500819 0.9795485 -18.2529488 0.0056711 0.8401622 0.0646931 0.5384330
3192758670.859501 -1.5865736 1.0260398 -18.3871975 -0.0005288 0.8375777 0.0941206 0.5381492
3192758671.189504 -1.3434253 1.0620970 -18.5500431 0.0106621 0.8278778 0.0907033 0.5534235
3192758671.618508 -1.0022187 1.1265453 -18.6813469 -0.0050354 0.8210241 0.0939793 0.5630826
3192758671.882510 -0.8115296 1.1483104 -18.7237015 0.0063435 0.8310735 0.0753466 0.5509986
3192758672.344515 -0.4755626 1.2158558 -18.8999710 0.0068991 0.8342636 0.0943226 0.5431942
3192758672.839519 -0.1327162 1.2468820 -19.1140900 0.0174096 0.8375588 0.0932770 0.5380442
3192758673.235522 0.2218256 1.3151608 -19.2210674 0.0073647 0.8302863 0.0876489 0.5503526
3192758673.499525 0.4346566 1.3280201 -19.3050537 0.0039880 0.8386909 0.0955694 0.5361419
3192758673.796528 0.6806250 1.4024782 -19.4525490 0.0100982 0.8261555 0.0988252 0.5546159
3192758674.027530 0.8724942 1.4115062 -19.5729599 0.0156123 0.8138527 0.0908280 0.5737162
3192758674.456534 1.2072878 1.4823117 -19.6642303 0.0001559 0.8247228 0.0723618 0.5608886
3192758674.720537 1.4016290 1.4716060 -19.6964035 -0.0014354 0.8511955 0.0697181 0.5201957
3192758675.116541 1.7239480 1.5437361 -19.8561954 -0.0006188 0.8461241 0.0959655 0.5242751
3192758675.413543 1.9660134 1.5657406 -19.9983482 0.0120487 0.8380135 0.0951455 0.5371550
3192758675.545544 2.0838594 1.5785770 -20.0464096 0.0019955 0.8324547 0.1031423 0.5444051
3192758675.842547 2.3298864 1.6406609 -20.1129723 -0.0055350 0.8334449 0.0995339 0.5435365
3192758676.139549 2.5617018 1.6540561 -20.1787453 0.0019924 0.8499110 0.0886831 0.5194061
3192758676.469553 2.8091884 1.7131298 -20.3110332 0.0071980 0.8460673 0.0942902 0.5246214
3192758676.766556 3.0491734 1.7347034 -20.4754944 0.0230064 0.8343122 0.0876525 0.5437931
3192758676.964557 3.2367268 1.7605737 -20.5604935 0.0043413 0.8291686 0.1054234 0.5489503
3192758677.327560 3.5552649 1.8144780 -20.6387463 -0.0059948 0.8294048 0.0865182 0.5518752
3192758677.756565 3.8868217 1.8634875 -20.7844734 -0.0048424 0.8365934 0.0950272 0.5394977
3192758677.987566 4.0786557 1.9058595 -20.9032097 -0.0001305 0.8318076 0.0977094 0.5463964
3192758678.251569 4.2990532 1.9182260 -21.0297394 0.0060137 0.8279083 0.1067324 0.5505813
3192758678.482572 4.4860010 1.9553863 -21.0834122 -0.0036522 0.8276888 0.1002274 0.5521525
3192758678.812575 4.7375722 1.9845731 -21.1427269 -0.0070038 0.8426535 0.0792753 0.5325424
3192758679.175577 5.0273080 2.0318499 -21.2765465 -0.0017685 0.8430115 0.0961074 0.5292370
3192758679.439580 5.2463865 2.0722885 -21.4237556 0.0075222 0.8306751 0.0922271 0.5490142
3192758679.769582 5.4945459 2.1125779 -21.5567474 0.0044409 0.8270303 0.0949514 0.5540627
3192758680.132586 5.7854285 2.1668277 -21.6547012 0.0000612 0.8384634 0.0839766 0.5384489
3192758680.495590 6.0531449 2.2119753 -21.7883224 0.0067155 0.8446884 0.0979461 0.5261777
3192758680.858593 6.3329415 2.2669652 -21.9728661 0.0188243 0.8308624 0.0963957 0.5477419
3192758681.353598 6.7311053 2.3426237 -22.1172237 0.0103483 0.8258062 0.0871688 0.5570804
3192758681.683600 6.9776697 2.3551717 -22.2020016 0.0112087 0.8350195 0.0851288 0.5434793
3192758682.013602 7.2182417 2.4200833 -22.3463402 0.0125228 0.8232706 0.0972632 0.5591142
3192758682.277605 7.3729854 2.4379864 -22.4856472 0.0279314 0.8164246 0.0803725 0.5711488
3192758682.508607 7.5303121 2.4640951 -22.5696239 0.0167399 0.8157308 0.0859498 0.5717655
3192758682.673609 7.6365991 2.4882607 -22.6143589 0.0148308 0.8201662 0.0868636 0.5652983
3192758682.805610 7.7367506 2.5142856 -22.6498241 0.0112529 0.8255518 0.0756252 0.5591229
3192758683.036613 7.8838105 2.5174716 -22.7270966 0.0053698 0.8388378 0.0535190 0.5417177
3192758683.300616 8.0844479 2.5783503 -22.8478642 0.0048874 0.8393908 0.0899271 0.5360153
3192758683.498617 8.2357426 2.6168923 -22.9713554 0.0173480 0.8264188 0.0842744 0.5564431
3192758683.729619 8.4030495 2.6179087 -23.0972977 0.0311443 0.8163971 0.0879380 0.5699058
3192758683.828620 8.4898415 2.6309755 -23.1348133 0.0260228 0.8125132 0.0996436 0.5737737
3192758684.125622 8.7701874 2.6989040 -23.2085266 0.0062582 0.7989160 0.0972337 0.5934978
3192758684.224623 8.8703480 2.6928568 -23.2282829 -0.0019015 0.7929404 0.1037520 0.6003977
3192758684.356624 8.9824448 2.6943486 -23.2639370 0.0017003 0.7878099 0.0987480 0.6079485
3192758684.488626 9.0755119 2.7054849 -23.3153763 -0.0009359 0.7737797 0.1077787 0.6242177
3192758684.620627 9.1834602 2.7248869 -23.3610897 -0.0029859 0.7628273 0.1177773 0.6357784
3192758684.752627 9.3025742 2.7567699 -23.4023552 -0.0106132 0.7530831 0.1261427 0.6456324
3192758685.082631 9.5261011 2.9639740 -23.5227776 0.0062280 0.7356966 0.1120447 0.6679505
3192758685.247633 9.6276102 2.8641334 -23.5837765 -0.0173961 0.7316322 0.1348284 0.6680068
3192758685.346634 9.6561813 2.9697218 -23.5986691 -0.0160343 0.7311411 0.1273161 0.6700494
3192758685.676637 9.9956350 2.8205459 -23.6745396 -0.0610860 0.7211744 0.1647747 0.6700936
3192758685.841638 10.1506233 2.7601976 -23.7198677 -0.0755850 0.7102652 0.1869856 0.6744232
3192758685.907638 10.1234646 2.8240211 -23.7296791 -0.0673606 0.7070076 0.1800629 0.6805734
3192758686.270642 10.2440624 2.8605418 -23.8793316 -0.0496569 0.6222132 0.1637627 0.7639154
3192758686.336643 10.2452049 2.8864980 -23.8927422 -0.0416944 0.6067410 0.1568014 0.7781646
3192758686.435643 10.3365736 2.8659482 -23.8930569 -0.0390886 0.5841829 0.1506863 0.7965526
3192758686.633645 10.4124546 2.8446147 -23.8561535 -0.0309093 0.5359205 0.1487777 0.8304812
3192758687.260651 10.6054363 2.7988937 -23.8032379 -0.0196489 0.4434649 0.1150330 0.8886620
3192758688.118659 10.9861622 2.8026161 -23.6013279 -0.0069648 0.2791946 0.1051033 0.9544397
3192758688.679663 11.2048721 2.7930539 -23.4126701 0.0110166 0.2307825 0.0773205 0.9698658
3192758689.075667 11.2683096 2.7808659 -23.1487846 0.0210128 0.2342155 0.0610361 0.9700392
3192758689.603671 11.4772911 2.7813354 -22.7725811 0.0319296 0.2123554 0.0675526 0.9743317
3192758690.164677 11.7197609 2.7411258 -22.3686676 0.0275318 0.2092079 0.0545722 0.9759590
3192758690.560681 11.7820683 2.7253785 -22.0786209 0.0465112 0.2360637 0.0557844 0.9690195
3192758690.956684 11.9538155 2.7199905 -21.7626820 0.0378791 0.2344837 0.0622730 0.9693837
3192758691.253686 12.1039238 2.6934352 -21.5403271 0.0444938 0.2284494 0.0638058 0.9704432
3192758691.550690 12.2017765 2.6861811 -21.3065128 0.0451114 0.2306965 0.0503336 0.9706753
3192758691.814691 12.2575960 2.6796074 -21.0672493 0.0400053 0.2416082 0.0517042 0.9681693
3192758692.078693 12.3330526 2.6458428 -20.8644714 0.0436874 0.2484286 0.0637791 0.9655604
3192758692.309695 12.4390326 2.6374664 -20.6721096 0.0390452 0.2406782 0.0684590 0.9674001
3192758692.474697 12.5404778 2.6252205 -20.5359077 0.0382864 0.2279551 0.0682426 0.9705223
3192758692.672698 12.6410675 2.5930238 -20.4084015 0.0689208 0.2223376 0.0759374 0.9695615
3192758693.068702 12.7724266 2.5907207 -20.0832367 0.0347350 0.2293698 0.0639874 0.9706125
3192758693.299703 12.8215017 2.5732813 -19.8922482 0.0409879 0.2399969 0.0717050 0.9672538
3192758693.596706 12.9106550 2.5516238 -19.6755962 0.0379118 0.2525096 0.0749589 0.9639413
3192758693.827707 13.0341606 2.5603671 -19.5032349 0.0429881 0.2442048 0.0810528 0.9653738
3192758694.058711 13.1922836 2.5225306 -19.3329735 0.0495175 0.2254673 0.0769784 0.9699417
3192758694.223711 13.2738495 2.5029244 -19.2005692 0.0462831 0.2208987 0.0836248 0.9706022
3192758694.421712 13.3490963 2.5015025 -19.0342464 0.0290421 0.2187535 0.0736012 0.9725669
3192758694.586715 13.4025211 2.5131726 -18.8962669 0.0328617 0.2219007 0.0713515 0.9718997
3192758694.751715 13.4371090 2.5078967 -18.7888489 0.0512792 0.2379862 0.0708363 0.9673237
3192758694.883717 13.4656782 2.5020998 -18.6988144 0.0546555 0.2533592 0.0621646 0.9638244
3192758695.015718 13.5246029 2.4983802 -18.5854092 0.0341943 0.2551253 0.0689990 0.9638366
3192758695.147718 13.5982208 2.4868913 -18.4733067 0.0299332 0.2515223 0.0728749 0.9646397
3192758695.279719 13.6769657 2.4948609 -18.3777657 0.0268044 0.2456507 0.0727158 0.9662555
3192758695.378721 13.7359638 2.4812927 -18.3019753 0.0251352 0.2417642 0.0696779 0.9675036
3192758695.543722 13.8169785 2.4588015 -18.2042046 0.0450820 0.2431037 0.0700340 0.9664178
3192758695.675723 13.8612595 2.4462144 -18.1056709 0.0365241 0.2397071 0.0694880 0.9676662
3192758695.972726 13.9407930 2.4438326 -17.8646145 0.0234164 0.2435661 0.0615568 0.9676456
3192758696.170728 13.9721527 2.4355752 -17.7308769 0.0361862 0.2622743 0.0623708 0.9622955
3192758696.335728 14.0327530 2.4250867 -17.5819359 0.0274402 0.2623221 0.0625289 0.9625613
3192758696.500731 14.0988779 2.4100046 -17.4510059 0.0161939 0.2620239 0.0741987 0.9620685
3192758696.632731 14.1640129 2.4200687 -17.3510857 0.0101148 0.2542879 0.0817325 0.9636157
3192758696.665731 14.1802807 2.4260592 -17.3270226 0.0089012 0.2520770 0.0832123 0.9640818
3192758696.929733 14.3297138 2.4167995 -17.1339607 0.0194696 0.2354891 0.0837629 0.9680648
3192758697.259736 14.4521332 2.3891513 -16.8916168 0.0103996 0.2317099 0.0806628 0.9693791
3192758697.424738 14.4856987 2.3861873 -16.7509899 0.0129306 0.2387456 0.0788248 0.9677913
3192758697.589738 14.5261650 2.3695371 -16.6180725 0.0037908 0.2492493 0.0811517 0.9650258
3192758697.688740 14.5820732 2.3319633 -16.5418186 0.0189876 0.2565091 0.0722470 0.9636508
3192758698.084743 14.7309484 2.3848341 -16.2671051 0.0074452 0.2637833 0.0817128 0.9610858
3192758698.381745 14.8801470 2.3605900 -16.0749302 0.0253628 0.2517307 0.0799434 0.9641563
3192758698.546747 14.9463253 2.3345912 -15.9673824 0.0251564 0.2605260 0.0770879 0.9620555
3192758698.744749 14.9885368 2.3591347 -15.8475180 0.0288164 0.2748227 0.0648372 0.9588735
3192758698.843748 15.0137234 2.3551302 -15.7838993 0.0302067 0.2918532 0.0584560 0.9541971
3192758699.272752 15.1334667 2.3044913 -15.5852766 0.0539065 0.3860668 0.0281906 0.9204628
3192758699.602755 15.2137556 2.3595202 -15.3916826 0.0730680 0.4567604 0.0144512 0.8864661
3192758699.767756 15.2791300 2.3639612 -15.3033266 0.0838192 0.4741775 0.0274797 0.8759994
3192758699.899757 15.3284445 2.3587739 -15.2285223 0.0845038 0.4989290 0.0343687 0.8618281
3192758699.932757 15.3401031 2.3604367 -15.2058640 0.0804410 0.5053523 0.0374158 0.8583404
3192758699.965757 15.3511562 2.3594034 -15.1885118 0.0753172 0.5103939 0.0390089 0.8557474
3192758699.998758 15.3614273 2.3559792 -15.1663885 0.0698617 0.5159881 0.0408005 0.8527666
3192758700.031758 15.3721371 2.3587086 -15.1511641 0.0661874 0.5214269 0.0397096 0.8497978
3192758700.064759 15.3783760 2.3633349 -15.1358395 0.0634543 0.5279291 0.0393215 0.8460013
3192758700.097758 15.3864574 2.3639357 -15.1139650 0.0628114 0.5357550 0.0409190 0.8410392
3192758700.130759 15.3940115 2.3640938 -15.0929403 0.0642833 0.5473338 0.0397046 0.8334968
3192758700.163759 15.3982267 2.3713558 -15.0738668 0.0628068 0.5599608 0.0385464 0.8252354
3192758700.196760 15.4046240 2.3729756 -15.0525970 0.0588894 0.5712623 0.0388974 0.8177276
3192758700.295760 15.4126434 2.3944230 -14.9728937 0.0583925 0.6028293 0.0412436 0.7946610
3192758700.361760 15.4199953 2.4101043 -14.9126425 0.0569676 0.6259383 0.0455330 0.7764552
3192758700.394762 15.4231644 2.4143980 -14.8880463 0.0545588 0.6370021 0.0483362 0.7674081
3192758700.427761 15.4246178 2.4214451 -14.8652554 0.0540850 0.6493018 0.0504588 0.7569253
3192758700.460762 15.4182844 2.4250278 -14.8341427 0.0549417 0.6631365 0.0530775 0.7445899
3192758700.493762 15.4019623 2.4352100 -14.8016462 0.0567576 0.6765246 0.0519667 0.7323883
3192758700.526762 15.4033537 2.4350948 -14.7754726 0.0562520 0.6887770 0.0512257 0.7209701
3192758700.559762 15.4020748 2.4348967 -14.7487373 0.0577862 0.7001848 0.0508082 0.7098032
3192758700.724764 15.4163780 2.4419327 -14.6170893 0.0521497 0.7419104 0.0452334 0.6669357
3192758700.988766 15.5154486 2.4517741 -14.4935846 0.0417607 0.7732255 0.0512376 0.6306767
3192758701.153767 15.6151028 2.4634554 -14.4590549 0.0397276 0.7798835 0.0640804 0.6213672
3192758701.450769 15.7992067 2.4677949 -14.4471378 0.0751666 0.7792755 0.0955876 0.6147704
3192758701.978774 16.0605030 2.4868152 -14.3450661 0.0216455 0.8118477 0.1010113 0.5746577
3192758702.176775 16.1394176 2.5067794 -14.2766151 0.0233608 0.8363640 0.0994162 0.5385777
3192758702.341777 16.2225056 2.4954765 -14.2201204 0.0196823 0.8564228 0.1013961 0.5058374
3192758702.539778 16.3448734 2.4911685 -14.1872406 0.0154629 0.8627046 0.0624701 0.5015967
3192758702.968782 16.6208038 2.5633686 -14.2974339 0.0086677 0.8496580 0.1028956 0.5171254
3192758703.463787 16.9126034 2.6272271 -14.5317068 0.0100983 0.8304140 0.1200344 0.5439690
3192758703.727788 17.0876045 2.6721520 -14.5883141 -0.0165815 0.8363937 0.1286105 0.5325692
3192758703.991791 17.2892361 2.7045500 -14.6333218 -0.0113606 0.8507456 0.1017914 0.5155011
3192758704.453795 17.6263847 2.7717965 -14.8023281 -0.0165651 0.8548663 0.1210681 0.5042537
3192758704.849799 17.8790665 2.8250782 -14.9952173 0.0237546 0.8566045 0.0977379 0.5060749
3192758705.311802 18.2954025 2.9297373 -15.1534386 -0.0133147 0.8429258 0.1255398 0.5230091
3192758705.641806 18.5334492 2.9642913 -15.2264767 -0.0268980 0.8650105 0.1072222 0.4894249
3192758706.400813 19.0899467 3.0853124 -15.5522900 -0.0118392 0.8552161 0.1299767 0.5015687
3192758706.895816 19.4650478 3.1676118 -15.6530895 -0.0305880 0.8620971 0.1473837 0.4838707
3192758707.192819 19.6594429 3.1795366 -15.7008114 -0.0323108 0.8827297 0.1363508 0.4485006
3192758707.687824 19.9958153 3.2717152 -15.9153147 -0.0239760 0.8777521 0.1552894 0.4526164
3192758708.050827 20.2116146 3.3177562 -16.0548153 -0.0449163 0.8818120 0.1966642 0.4262784
3192758708.215828 20.2886448 3.3214159 -16.0838470 -0.0490810 0.8953696 0.2069341 0.3912578
3192758708.380831 20.3910770 3.2979169 -16.0901775 -0.0539356 0.9100560 0.2220491 0.3458081
3192758708.512832 20.4619331 3.2649198 -16.0794048 -0.0515810 0.9232794 0.2102020 0.3173479
3192758708.677833 20.5359402 3.2481742 -16.1128178 -0.0629082 0.9284213 0.2264421 0.2877507
3192758709.205837 20.6593361 3.2636261 -16.2800446 -0.0358336 0.9386929 0.2609725 0.2224072
3192758709.403839 20.6914101 3.2268610 -16.3080387 -0.0217424 0.9507618 0.2640418 0.1608141
3192758709.535841 20.7086983 3.1914291 -16.3218479 -0.0215402 0.9547151 0.2749176 0.1116937
3192758709.667841 20.7232132 3.1575108 -16.3267918 -0.0218968 0.9592463 0.2755493 0.0586477
3192758709.799844 20.7412415 3.0971670 -16.3081970 -0.0162143 0.9621640 0.2717854 -0.0104957
3192758709.898845 20.7506618 3.0184610 -16.2786674 -0.0074536 0.9609290 0.2659019 -0.0765242
3192758709.964846 20.7917614 2.9826014 -16.2391796 -0.0024000 0.9549817 0.2623755 -0.1384316
3192758710.063847 20.9421101 2.9810584 -16.2598000 -0.0059531 0.9411768 0.2449945 -0.2326552
3192758710.096847 20.9788303 2.9805131 -16.2595615 -0.0057649 0.9374861 0.2348004 -0.2568180
3192758710.195847 21.0821629 2.9877436 -16.2823925 -0.0084087 0.9230292 0.2168897 -0.3176557
3192758710.294848 21.1583233 2.9554582 -16.2902851 -0.0119213 0.9057032 0.2149721 -0.3651666
3192758710.360849 21.2116508 2.9481239 -16.3062210 -0.0129672 0.8952872 0.2075450 -0.3939768
3192758710.426850 21.2747116 2.9283688 -16.3216133 -0.0162325 0.8837593 0.2018628 -0.4218499
3192758710.525851 21.3542404 2.9030368 -16.3343201 -0.0208439 0.8653942 0.1963022 -0.4605689
3192758710.789853 21.4539776 2.8522091 -16.3712921 0.0196712 -0.8301251 -0.1778722 0.5280784
3192758711.020855 21.4260006 2.8198266 -16.4432621 0.0196370 -0.8231559 -0.1454528 0.5485182
3192758711.317858 21.3317032 2.8302453 -16.5086250 0.0325053 -0.8092927 -0.1042604 0.5771642
3192758711.548861 21.2597980 2.8413224 -16.5672684 0.0421568 -0.7772804 -0.1185369 0.6164470
3192758711.746862 21.2071495 2.8614607 -16.6374245 0.0468553 -0.7438301 -0.1185225 0.6561050
3192758711.878864 21.1756058 2.8753080 -16.6859131 0.0343784 -0.7093266 -0.1014256 0.6966971
3192758711.977864 21.1527233 2.8766639 -16.7329636 0.0377023 -0.6790197 -0.0915500 0.7274128
3192758712.109866 21.1140862 2.8879714 -16.7885170 0.0431394 -0.6479682 -0.0817099 0.7560421
3192758712.208867 21.0835876 2.8915381 -16.8182964 0.0438321 -0.6271169 -0.0827451 0.7732764
3192758712.340868 21.0409546 2.8930941 -16.8485031 0.0439733 -0.6057511 -0.0824207 0.7901511
3192758712.505869 20.9632778 2.8974490 -16.8619480 0.0417350 -0.5947821 -0.0838918 0.7984076
3192758712.736871 20.7767925 2.8736103 -16.8180771 0.0319895 -0.6264604 -0.0711990 0.7755351
3192758712.934875 20.6103363 2.8611627 -16.7816219 0.0349624 -0.6600595 -0.0599786 0.7479984
3192758713.330878 20.3551216 2.8499563 -16.7843361 0.0319310 -0.6430362 -0.0822441 0.7607370
3192758713.462878 20.2818317 2.8503957 -16.8125229 0.0373384 -0.6147364 -0.0759799 0.7841760
3192758713.561879 20.2297153 2.8259523 -16.8435059 0.0420890 -0.5887675 -0.0693175 0.8042241
3192758713.693881 20.1456661 2.8144348 -16.8621864 0.0644192 -0.5656739 -0.0705333 0.8190777
3192758713.891882 20.0089760 2.7789888 -16.8371887 0.0280140 -0.5496667 -0.0848268 0.8305939
3192758714.155885 19.8115158 2.7695155 -16.7502155 0.0147268 -0.5577068 -0.0719710 0.8267807
3192758714.320887 19.6445465 2.7320597 -16.6670399 0.0150279 -0.5884352 -0.0532439 0.8066493
3192758714.518889 19.4596996 2.7136183 -16.5996609 0.0024381 -0.6156196 -0.0576135 0.7859308
3192758714.815891 19.2437477 2.6934469 -16.5475464 0.0107787 -0.6201838 -0.0883820 0.7793873
3192758715.079893 19.0650482 2.6647918 -16.5667896 0.0380871 -0.5915855 -0.0764321 0.8017070
3192758715.409897 18.7845573 2.6512220 -16.4983597 0.0392308 -0.6229089 -0.1319197 0.7700926
3192758715.541898 18.6564960 2.6652758 -16.4497604 0.0423343 -0.6629800 -0.1440974 0.7334175
3192758715.673898 18.4934998 2.6710992 -16.3985500 0.0500541 -0.7125056 -0.1507556 0.6834493
3192758715.772900 18.3551121 2.6787367 -16.3736286 0.0579563 -0.7565268 -0.1587603 0.6317463
3192758715.904901 18.2214088 2.6793847 -16.3746109 0.0676046 -0.8029671 -0.1582950 0.5706279
3192758716.102902 18.0298500 2.7017536 -16.4027653 0.0655316 -0.8420346 -0.1813063 0.5037969
3192758716.498906 17.7584267 2.7300534 -16.5237770 -0.0970811 0.8513431 0.2136770 -0.4691826
3192758716.729907 17.5923977 2.7403109 -16.6314278 -0.1273402 0.8595735 0.2268456 -0.4398395
3192758716.894909 17.4369717 2.7560873 -16.6875210 -0.0984305 0.8743048 0.2328148 -0.4143668
3192758717.092911 17.2598038 2.7840948 -16.7512093 -0.1007213 0.8956996 0.2345064 -0.3641212
3192758717.224912 17.1192360 2.8045466 -16.7974262 -0.1150410 0.9153319 0.2288212 -0.3107635
3192758717.422914 16.9309616 2.7784526 -16.8659763 -0.0972650 0.9393463 0.2185125 -0.2458055
3192758717.851917 16.7206211 2.8183396 -17.0672798 -0.1076445 0.9464746 0.2507769 -0.1723643
3192758718.379921 16.6095409 2.8771334 -17.3745861 -0.1516000 0.9441038 0.2828794 -0.0752638
3192758718.940927 16.4084187 2.9036937 -17.6333408 -0.1202546 0.9499978 0.2881384 0.0043972
3192758719.270930 16.3453884 2.9348307 -17.8155155 -0.1015946 0.9334087 0.3128936 0.1432632
3192758719.435931 16.3668251 2.9797688 -17.8886719 -0.0996952 0.9041800 0.3476304 0.2273159
3192758719.765933 16.5284519 3.0819378 -17.9685917 -0.1036571 0.8712134 0.3697532 0.3058187
3192758720.128936 16.7605095 3.2023296 -18.0668602 -0.1063078 0.8223134 0.3874223 0.4029928
3192758720.392939 16.8980789 3.2574797 -18.1396351 -0.0996269 0.7988266 0.3704922 0.4633422
3192758720.689941 17.0338383 3.3054314 -18.2561569 -0.0886722 0.7901816 0.3241819 0.5125000
3192758721.019944 17.1801796 3.3567157 -18.3599319 -0.0787553 0.7843788 0.2877223 0.5438414
3192758721.382947 17.3617496 3.4248381 -18.3828068 -0.0651533 0.7932056 0.2739692 0.5399267
3192758721.679949 17.5312271 3.4393601 -18.3918915 -0.0437290 0.8148016 0.2634108 0.5145881
3192758722.042953 17.7459755 3.5012836 -18.4603500 -0.0269922 0.8110712 0.2800522 0.5128407
3192758722.273954 17.9041233 3.5494165 -18.5255489 0.0168363 0.8197969 0.2705007 0.5044590
3192758722.636957 18.1323109 3.5995879 -18.5976181 0.0016725 0.8352271 0.2644365 0.4821476
3192758722.933959 18.3187523 3.6676273 -18.6135578 -0.0110356 0.8626851 0.2432210 0.4432788
3192758723.362963 18.6168957 3.7565460 -18.7477207 -0.0340494 0.8693665 0.2229960 0.4396765
3192758723.659966 18.8247242 3.8543901 -18.9417553 -0.0207294 0.8478374 0.2097117 0.4865831
3192758724.253970 19.1948338 4.0138717 -19.2242680 -0.0174961 0.8418658 0.1621278 0.5144614
3192758724.748971 19.5775681 4.1491566 -19.4457531 -0.0195399 0.8347990 0.1823329 0.5191181
3192758725.111974 19.8097229 4.2614431 -19.6815224 0.0376516 0.8300937 0.1775817 0.5272490
3192758725.342976 19.9785843 4.3230934 -19.7968636 0.0276410 0.8244647 0.1895043 0.5325242
3192758725.573977 20.1717911 4.4199047 -19.8785210 0.0053172 0.8183908 0.2032260 0.5375010
3192758725.903980 20.4432087 4.5018921 -19.9925270 -0.0123862 0.8248317 0.2031932 0.5274579
3192758726.200982 20.6411266 4.6048288 -20.1296215 -0.0105982 0.8246716 0.2170463 0.5222024
3192758726.431981 20.7960339 4.6737776 -20.2652683 0.0155071 0.8237839 0.1997686 0.5303132
3192758726.728983 21.0205956 4.7371340 -20.3853531 0.0077500 0.8235816 0.2038987 0.5292246
3192758726.893985 21.1518631 4.7984357 -20.4186440 -0.0116252 0.8237670 0.2030378 0.5291960
3192758727.157987 21.4037895 4.8501611 -20.4738140 -0.0040068 0.8258201 0.1890447 0.5312883
3192758727.388989 21.5956173 4.8944626 -20.5508862 -0.0068526 0.8265817 0.2128188 0.5209836
3192758727.652991 21.7973633 5.0147743 -20.6704140 0.0040646 0.8229301 0.2269481 0.5208303
3192758727.883995 21.9934998 5.0535841 -20.7997055 0.0398788 0.8186126 0.2201519 0.5289765
3192758728.114995 22.2099476 5.1393404 -20.8772793 0.0103985 0.8058437 0.2387377 0.5417677
3192758728.411998 22.4522476 5.2253962 -20.9125977 -0.0102755 0.8168017 0.2258427 0.5307773
3192758728.543999 22.5385818 5.2262139 -20.9313698 -0.0322245 0.8308716 0.2131409 0.5130155
3192758728.841001 22.7768707 5.3143516 -21.0500011 -0.0294165 0.8271633 0.2338336 0.5101542
3192758729.072004 22.9962406 5.4449100 -21.1807327 -0.0252546 0.8001357 0.2457581 0.5465785
3192758729.270005 23.1936226 5.5113106 -21.2981262 -0.0105640 0.7760767 0.2450369 0.5809907
3192758729.534008 23.4005013 5.5962157 -21.3785858 -0.0248942 0.7506039 0.2464991 0.6125458
3192758729.897012 23.6653461 5.6744051 -21.4033546 -0.0143693 0.7404649 0.2219958 0.6342106
3192758730.161015 23.8699703 5.7224526 -21.4398708 0.0029135 0.7085502 0.2125955 0.6728680
3192758730.524017 24.1523628 5.8074250 -21.5781708 0.0136673 0.6198189 0.2094495 0.7561538
3192758730.722019 24.3118725 5.8614731 -21.6274834 0.0530696 0.5504935 0.1969219 0.8095444
3192758731.019022 24.5244427 5.8899536 -21.6170425 0.0595570 0.4409630 0.1906111 0.8750268
3192758731.316025 24.6834564 5.9261780 -21.4291096 0.0658690 0.3724640 0.1667783 0.9105585
3192758731.514027 24.7319317 5.8945141 -21.3328438 0.0656855 0.3176311 0.1378839 0.9358333
3192758731.646028 24.7510376 5.9010940 -21.2398682 0.0535353 0.2500722 0.1239744 0.9587639
3192758731.745029 24.7590370 5.8923583 -21.1807842 0.0523437 0.2061746 0.1225849 0.9693942
