3192839970.980641 0.3480156 0.0604076 0.4153859 0.0128443 -0.0056032 -0.0223255 0.9996526
3192839971.442645 0.2555718 0.0436426 0.6607538 0.0331419 0.0548625 -0.0211328 0.9977199
3192839971.475644 0.2504987 0.0406202 0.6862636 0.0283736 0.0591101 -0.0210773 0.9976255
3192839971.772647 0.2741451 0.0334272 0.8915485 0.0075730 0.0695127 -0.0049204 0.9975402
3192839972.102648 0.3337370 0.0001855 1.1108465 0.0329528 0.0517302 0.0007965 0.9981170
3192839972.498652 0.3422444 -0.0077019 1.4086723 0.0105479 0.0532675 -0.0128565 0.9984418
3192839972.696653 0.3282841 -0.0292812 1.5585067 0.0167069 0.0575653 -0.0153215 0.9980844
3192839972.894654 0.3324543 -0.0469243 1.6936805 0.0182191 0.0658302 -0.0120629 0.9975916
3192839973.257657 0.4039608 -0.0516909 1.9647425 0.0076338 0.0693806 -0.0012439 0.9975603
3192839973.455657 0.4498258 -0.0855783 2.1032865 0.0210287 0.0641760 0.0016922 0.9977156
3192839973.752660 0.4837983 -0.0987384 2.3100243 0.0149648 0.0619651 0.0002991 0.9979661
3192839973.950661 0.4903527 -0.0937622 2.4617286 0.0052685 0.0651970 0.0004996 0.9978584
3192839974.082663 0.4908744 -0.1016749 2.5612662 0.0090633 0.0731104 0.0020906 0.9972805
3192839974.247663 0.5008875 -0.1033389 2.6591847 0.0279630 0.0802519 -0.0087352 0.9963440
3192839974.379664 0.5273821 -0.0993956 2.7514200 0.0335709 0.0832036 -0.0066975 0.9959444
3192839974.511665 0.5573241 -0.0990982 2.8494310 0.0311494 0.0847639 -0.0036885 0.9959072
3192839974.643666 0.5961042 -0.1014913 2.9344714 0.0302396 0.0775914 -0.0017898 0.9965249
3192839974.808667 0.6530905 -0.1004515 3.0341074 0.0412986 0.0664271 0.0044314 0.9969264
3192839974.907668 0.6637402 -0.1019738 3.0562494 0.0493758 0.0622279 0.0121006 0.9967664
3192839975.039669 0.6790970 -0.1163675 3.1061962 0.0381153 0.0655027 0.0166568 0.9969850
3192839975.237670 0.6854041 -0.1218692 3.1712956 0.0303598 0.0728981 0.0052919 0.9968631
3192839975.402672 0.6861098 -0.1226985 3.1752179 0.0375749 0.1032525 0.0024655 0.9939421
3192839975.534672 0.6877435 -0.1226068 3.1793346 0.0466856 0.1227335 -0.0039250 0.9913332
3192839975.732675 0.6905922 -0.1230175 3.1870627 0.0286729 0.1410421 0.0027453 0.9895845
3192839975.864675 0.7422534 -0.1293204 3.2848699 0.0174152 0.1268983 -0.0027500 0.9917590
3192839975.996676 0.8060309 -0.1321000 3.3885517 0.0000068 0.0999889 -0.0106038 0.9949321
3192839976.095676 0.8432701 -0.1436002 3.4637988 0.0008223 0.0833450 -0.0201313 0.9963170
3192839976.194678 0.8721762 -0.1460772 3.5014079 0.0130682 0.0715077 -0.0251502 0.9970373
3192839976.392678 0.9263101 -0.1427148 3.5995829 0.0053042 0.0544942 -0.0262075 0.9981560
3192839976.656680 0.9440844 -0.1412899 3.6547363 0.0078517 0.0594182 -0.0265539 0.9978490
3192839976.887681 0.9616588 -0.1436491 3.6693385 0.0214344 0.0485279 -0.0319354 0.9980810
3192839976.986683 0.9707792 -0.1472774 3.6730030 0.0260912 0.0409888 -0.0347495 0.9982142
3192839977.250685 1.0121154 -0.1565075 3.6957409 0.0288733 0.0101510 -0.0350558 0.9989166
3192839977.448687 1.0350918 -0.1641984 3.7094789 0.0438534 -0.0051040 -0.0339320 0.9984486
3192839978.075692 1.0782828 -0.1833197 3.8412995 0.0273819 -0.0497591 -0.0257178 0.9980546
3192839979.197701 0.8038431 -0.1836175 4.1896009 0.0029151 0.0593113 0.0237092 0.9979537
3192839979.461703 0.7938868 -0.2045363 4.3147669 -0.0003843 0.0689864 0.0230703 0.9973508
3192839979.989707 0.7389572 -0.2320807 4.4285526 -0.0087607 0.1155182 -0.0082907 0.9932321
3192839980.187709 0.7018315 -0.2495208 4.5501218 0.0116044 0.1209737 -0.0175011 0.9924336
3192839980.418712 0.7255793 -0.2756723 4.6149096 0.0120848 0.1202307 -0.0140789 0.9925726
3192839980.847714 0.8344954 -0.2824139 4.9718943 0.0192633 0.1012509 -0.0219376 0.9944324
3192839981.210719 0.8948272 -0.3153377 5.1602521 0.0274796 0.1081012 -0.0166302 0.9936209
3192839981.540721 0.9253620 -0.3276259 5.4079313 0.0305603 0.1111136 -0.0227829 0.9930764
3192839982.167726 1.1147091 -0.3713089 5.9104772 0.0280147 0.0707221 -0.0341581 0.9965174
3192839982.398728 1.1521802 -0.3989004 6.0453405 0.0264923 0.0662416 -0.0186459 0.9972776
3192839983.190734 1.1817703 -0.4301869 6.5244503 0.0417067 0.0960283 -0.0359992 0.9938527
3192839983.619736 1.2960502 -0.4652750 6.8634644 0.0238248 0.0714287 -0.0304776 0.9966953
3192839984.048740 1.3459544 -0.5012178 7.1252832 0.0067875 0.0652236 -0.0336965 0.9972785
3192839988.569765 1.9355180 -1.0099258 10.0808725 -0.0693755 -0.2860574 -0.0437735 0.9546947
3192839988.899768 1.7734509 -0.9764436 10.3287106 -0.0522289 -0.3141128 -0.0589102 0.9461157
3192839989.130769 1.6509109 -0.9890953 10.4605722 -0.0208876 -0.3274309 -0.0604447 0.9427084
3192839989.427771 1.4752073 -0.9346681 10.7162170 -0.0306422 -0.3628120 -0.0471821 0.9301625
3192839989.757771 1.3058577 -0.9766461 10.9073906 -0.0171004 -0.3837128 -0.0362112 0.9225838
3192839990.021770 1.2072482 -0.9873573 11.0794697 -0.0215276 -0.3767131 -0.0378952 0.9253042
3192839990.219772 1.1239262 -0.9758311 11.2181664 -0.0136928 -0.3686183 -0.0392137 0.9286525
3192839990.384774 1.0240145 -1.0393450 11.3049984 0.0087639 -0.3704449 -0.0399675 0.9279528
3192839990.450774 0.9818707 -1.0419841 11.3470669 0.0108893 -0.3799656 -0.0425693 0.9239564
3192839990.615775 0.9149981 -1.0452422 11.4420815 0.0060800 -0.3806435 -0.0351104 0.9240351
3192839990.714775 0.8777094 -1.0406309 11.4968395 0.0012180 -0.3788688 -0.0342522 0.9248155
3192839990.813777 0.8065825 -1.0039430 11.6000214 -0.0090281 -0.3857911 -0.0357014 0.9218509
3192839991.044778 0.7053261 -1.0102612 11.7596703 -0.0075532 -0.4042116 -0.0288743 0.9141784
3192839991.209778 0.6226177 -1.0003490 11.9134541 -0.0245613 -0.4123616 -0.0275237 0.9102731
3192839991.539781 0.4404993 -0.9629686 12.1016636 -0.0258132 -0.4184107 -0.0502745 0.9064980
3192839991.968784 0.2038102 -0.9986444 12.3585281 -0.0284674 -0.4223478 -0.0577432 0.9041447
3192839992.133785 0.1428590 -1.0044148 12.4731426 -0.0284400 -0.4201314 -0.0495686 0.9056620
3192839992.529788 -0.0387669 -1.0446680 12.7607803 -0.0254167 -0.4398580 -0.0353014 0.8970132
3192839992.793790 -0.2005463 -1.0631366 12.9199066 -0.0265580 -0.4471869 -0.0490124 0.8927017
3192839993.123792 -0.4215264 -1.0792946 13.1039371 -0.0102608 -0.4524429 -0.0602259 0.8896982
3192839993.387794 -0.5638499 -1.0860362 13.2736063 -0.0340668 -0.4528133 -0.0550729 0.8892505
3192839993.717796 -0.7377472 -1.0729871 13.5176830 -0.0546873 -0.4733232 -0.0665856 0.8766646
3192839993.915798 -0.8519125 -1.0818660 13.6405411 -0.0542416 -0.4988049 -0.0568459 0.8631455
3192839994.146799 -1.0027080 -1.0530162 13.7636013 -0.0733429 -0.5065451 -0.0780344 0.8555370
3192839994.377801 -1.1629076 -1.0303898 13.8631039 -0.0600670 -0.5192586 -0.0868044 0.8480728
3192839994.509802 -1.2353115 -1.0403063 13.9184961 -0.0455109 -0.5271227 -0.0868919 0.8441091
3192839994.608802 -1.2916741 -1.0418762 13.9696274 -0.0464161 -0.5334017 -0.0899599 0.8397830
3192839994.707804 -1.3462853 -1.0364548 14.0216951 -0.0563507 -0.5351211 -0.0869028 0.8384020
3192839994.773804 -1.3888707 -1.0275836 14.0611000 -0.0636684 -0.5375574 -0.0837696 0.8366367
3192839994.839805 -1.4346952 -1.0208095 14.1018772 -0.0711267 -0.5405712 -0.0822739 0.8342390
3192839994.872804 -1.4429941 -1.0181702 14.1207666 -0.0721337 -0.5428870 -0.0809192 0.8327800
3192839994.905805 -1.4658432 -1.0131125 14.1406994 -0.0714851 -0.5451635 -0.0793116 0.8315024
3192839994.971805 -1.5000243 -1.0031892 14.1850872 -0.0697363 -0.5512336 -0.0758818 0.8279616
3192839995.004804 -1.5183582 -1.0036467 14.2062073 -0.0670784 -0.5546719 -0.0728449 0.8261557
3192839995.136805 -1.5876732 -1.0180483 14.2905817 -0.0680961 -0.5682389 -0.0549708 0.8181966
3192839995.301805 -1.7055001 -1.0184892 14.3679028 -0.0699338 -0.5877899 -0.0619351 0.8036021
3192839995.466806 -1.8226368 -1.0013517 14.4319067 -0.0731887 -0.5974091 -0.0767363 0.7948946
3192839995.664808 -1.9685071 -0.9629350 14.4944363 -0.0638328 -0.6002337 -0.0813184 0.7931155
3192839995.895809 -2.1354167 -0.9771425 14.5512342 -0.0329140 -0.6060050 -0.0883748 0.7898510
3192839996.192811 -2.3801868 -0.9384402 14.6829443 -0.0839933 -0.6192466 -0.0942580 0.7749801
3192839996.588729 -2.6676199 -0.9180619 14.8445683 -0.0741130 -0.6571315 -0.0932701 0.7443025
3192839997.050499 -2.9594772 -0.8775578 14.8979197 -0.0727929 -0.6756903 -0.1025313 0.7263823
3192839997.215466 -3.0576186 -0.8822895 14.8881359 -0.0807610 -0.6620203 -0.1099969 0.7369583
3192839997.578468 -3.2535105 -0.8853776 14.9032803 -0.0774547 -0.6453820 -0.1070230 0.7523489
3192839997.842470 -3.4375148 -0.8512422 14.9594603 -0.0921951 -0.6509586 -0.1020946 0.7465451
3192839998.337270 -3.7738161 -0.8208610 15.0112848 -0.0827986 -0.6639338 -0.0862104 0.7381762
3192839998.667215 -3.9450901 -0.8136545 14.9658260 -0.0784811 -0.6351485 -0.0949581 0.7625026
3192839998.865115 -4.0359554 -0.8331120 14.9322681 -0.0759252 -0.6097168 -0.0929712 0.7834775
3192839998.997114 -4.0890188 -0.8470632 14.9280624 -0.0859941 -0.5903323 -0.0989263 0.7964461
3192839999.228117 -4.1947451 -0.8446164 14.9343224 -0.0955997 -0.5616448 -0.0954938 0.8162700
3192839999.591120 -4.4192209 -0.8263044 15.0020761 -0.1035055 -0.5599380 -0.0808768 0.8180556
3192839999.888122 -4.5672569 -0.8235302 14.9910431 -0.1122555 -0.5257338 -0.0918040 0.8381973
3192840000.053122 -4.6330123 -0.8175948 14.9487934 -0.1113419 -0.4898118 -0.0903586 0.8599551
3192840000.185122 -4.6806326 -0.8424163 14.8976173 -0.1061027 -0.4541590 -0.0828952 0.8806874
3192840000.350125 -4.7389145 -0.8592019 14.8446360 -0.0973440 -0.4148336 -0.0838504 0.9007810
3192840000.482111 -4.7739153 -0.8694460 14.8231020 -0.0932653 -0.3713914 -0.0918298 0.9192047
3192840000.614097 -4.7946463 -0.8831859 14.8138123 -0.0909424 -0.3267088 -0.0866283 0.9367424
3192840000.746099 -4.8246922 -0.8787062 14.8200569 -0.0875283 -0.2953522 -0.0797758 0.9480199
3192840000.911102 -4.8551335 -0.8921456 14.8229542 -0.0862753 -0.2665511 -0.0662542 0.9576625
3192840001.010104 -4.8783236 -0.9107234 14.8164062 -0.0777123 -0.2463056 -0.0592722 0.9642516
3192840001.208105 -4.9207911 -0.9216387 14.8101606 -0.0676457 -0.2073690 -0.0521072 0.9745291
3192840001.340269 -4.9580960 -0.9369366 14.7881498 -0.0582848 -0.1816149 -0.0479404 0.9804696
3192840001.604387 -5.0336432 -0.9542396 14.7083902 -0.0373456 -0.1252815 -0.0448330 0.9904039
3192840001.703403 -5.0589590 -0.9579805 14.6893835 -0.0375473 -0.1053834 -0.0422165 0.9928254
3192840001.868471 -5.1017714 -0.9561604 14.6743631 -0.0336742 -0.0874190 -0.0425450 0.9946929
3192840002.066607 -5.1476650 -0.9540564 14.6493807 -0.0348572 -0.0670264 -0.0452073 0.9961168
3192840002.660773 -5.1990232 -0.9590043 14.6461897 -0.0608067 -0.0385477 -0.0461595 0.9963362
3192840003.155831 -5.1190934 -0.9643042 14.8205528 -0.0786528 -0.0626947 -0.0231564 0.9946592
3192840003.617823 -5.0291538 -0.9806049 14.9979610 -0.0750464 -0.0826805 -0.0349328 0.9931322
3192840003.947824 -5.0326395 -0.9734294 15.1346273 -0.0870374 -0.0591267 -0.0451794 0.9934220
3192840004.178833 -5.0860481 -0.9989901 15.1743784 -0.0535532 -0.0116824 -0.0670901 0.9962402
3192840005.036839 -4.9613280 -1.0633724 15.5778494 -0.0155509 0.0370282 -0.0423451 0.9982955
3192840005.597840 -4.9082274 -1.0566156 15.9658852 0.0023721 0.0219224 -0.0549868 0.9982436
3192840005.993849 -4.8777413 -1.0950004 16.2436810 -0.0007860 0.0371514 -0.0539165 0.9978538
3192840006.323855 -4.7673893 -1.0793997 16.5280781 -0.0176161 0.0220911 -0.0440705 0.9986288
3192840006.554860 -4.7001595 -1.1136531 16.7026577 0.0086094 -0.0060164 -0.0428840 0.9990249
3192840006.884864 -4.6546259 -1.1141305 16.9861507 -0.0074070 -0.0291053 -0.0496637 0.9983143
3192840007.280826 -4.6789322 -1.1251947 17.2866116 0.0078821 -0.0389762 -0.0580396 0.9975220
3192840007.544827 -4.6606927 -1.1455269 17.5051136 -0.0193421 -0.0366638 -0.0472302 0.9980235
3192840007.940830 -4.5928855 -1.1555371 17.8080044 -0.0118668 -0.0513173 -0.0391542 0.9978440
3192840008.270832 -4.5777588 -1.1682335 18.0951309 -0.0254693 -0.0671066 -0.0417490 0.9965466
3192840008.831801 -4.6910868 -1.1695788 18.4268436 -0.0084656 -0.0431386 -0.0554246 0.9974946
3192840009.161803 -4.6924777 -1.1853869 18.6372910 -0.0355810 -0.0250417 -0.0549735 0.9975394
3192840009.458811 -4.6317430 -1.1873937 18.9044209 -0.0540792 -0.0427727 -0.0455116 0.9965815
3192840009.986621 -4.6338654 -1.1832079 19.2891598 -0.0383041 -0.0736334 -0.0503914 0.9952747
3192840010.580402 -4.7831607 -1.1352072 19.8123169 -0.0298611 -0.1448711 -0.0718607 0.9863857
3192840010.745355 -4.8162489 -1.1277587 19.9737053 -0.0558757 -0.1805106 -0.0658067 0.9797772
3192840010.910292 -4.8597674 -1.0904629 20.1575451 -0.0642283 -0.2283158 -0.0549834 0.9699090
3192840011.042193 -4.9230056 -1.0837529 20.2951508 -0.0724728 -0.2662852 -0.0586112 0.9593772
3192840011.174013 -4.9829874 -1.0695384 20.4274273 -0.0619478 -0.3022254 -0.0453996 0.9501374
3192840011.470918 -5.0862074 -1.0473857 20.6215553 -0.0732621 -0.3360003 -0.0521307 0.9375601
3192840011.734924 -5.2094913 -1.0380898 20.7041168 -0.0897039 -0.3164087 -0.0691935 0.9418339
3192840011.965896 -5.3285980 -1.0524154 20.7516708 -0.0794489 -0.2876654 -0.0719863 0.9517114
3192840012.229902 -5.4363317 -1.0520282 20.8698826 -0.0918875 -0.2783973 -0.0709478 0.9534244
3192840012.460907 -5.5234275 -1.0395331 20.9966984 -0.1047778 -0.2727912 -0.0678823 0.9539384
3192840012.790916 -5.6671066 -1.0508289 21.1821651 -0.0974355 -0.2806814 -0.0617784 0.9528419
3192840013.120888 -5.8459511 -1.0205255 21.3302155 -0.1132682 -0.2738131 -0.0695041 0.9525576
3192840013.384895 -6.0228300 -1.0325990 21.3741970 -0.0928438 -0.2329932 -0.0702936 0.9654807
3192840013.582899 -6.1381273 -1.0234275 21.4572525 -0.0821479 -0.2226214 -0.0774935 0.9683420
3192840013.945837 -6.3115745 -0.9901175 21.6481018 -0.0866005 -0.2099252 -0.0574189 0.9721804
3192840014.077785 -6.3781204 -1.0047245 21.7128944 -0.0745634 -0.1992714 -0.0545551 0.9755793
3192840014.440702 -6.5725412 -0.9867408 21.9111729 -0.0714889 -0.2065987 -0.0553519 0.9742395
3192840014.671707 -6.7164907 -0.9805892 21.9585266 -0.0711302 -0.1564846 -0.0565321 0.9834923
3192840014.803706 -6.8079977 -0.9877865 21.9519119 -0.0641108 -0.1168892 -0.0533998 0.9896339
3192840014.935708 -6.8965502 -1.0070059 21.9370499 -0.0501589 -0.0812141 -0.0532007 0.9940111
3192840015.166711 -7.0048752 -1.0116756 22.0365829 -0.0598580 -0.0498781 -0.0493822 0.9957362
3192840015.595730 -7.1396685 -0.9775157 22.3856697 -0.0585747 -0.0778367 -0.0096041 0.9951976
3192840015.892736 -7.2667284 -0.9688129 22.5311069 -0.0508217 -0.0556073 -0.0299902 0.9967074
3192840016.321746 -7.5030923 -0.9539031 22.7316437 -0.0320945 -0.0065754 -0.0463686 0.9983870
3192840016.684750 -7.6155486 -0.9543583 22.9353180 -0.0513459 0.0280115 -0.0448736 0.9972790
3192840017.377831 -7.7986917 -0.9509146 23.3628654 -0.0351402 0.0616221 -0.0433754 0.9965372
3192840017.872851 -8.0412159 -0.9423645 23.6231651 -0.0159548 0.1186680 -0.0395500 0.9920177
3192840018.235939 -8.1066628 -0.9298245 23.9050102 -0.0421729 0.1224478 -0.0291125 0.9911511
3192840018.499945 -8.1339149 -0.9160273 24.1885910 -0.0171433 0.0936864 -0.0060392 0.9954358
3192840018.664728 -8.1597137 -0.9203781 24.3441086 -0.0143508 0.0676018 -0.0077958 0.9975787
3192840018.961714 -8.2302227 -0.8943651 24.5966167 -0.0331538 0.0849130 -0.0369422 0.9951512
3192840019.192719 -8.3033285 -0.9053028 24.7795963 -0.0262627 0.0989125 -0.0447996 0.9937402
3192840019.489723 -8.3236847 -0.9106543 25.0210609 -0.0339341 0.1066144 -0.0349818 0.9931053
3192840019.852725 -8.2745705 -0.9062840 25.3577709 -0.0392558 0.0882982 -0.0291250 0.9948940
3192840020.215684 -8.2755737 -0.9137738 25.6694908 -0.0436534 0.0774052 -0.0384694 0.9953004
3192840020.578688 -8.3407240 -0.9128798 25.9579124 -0.0301056 0.1076627 -0.0532289 0.9923049
3192840021.007667 -8.3137159 -0.9167581 26.3479500 -0.0446698 0.0970732 -0.0423001 0.9933741
3192840021.370514 -8.2864742 -0.9229378 26.6840687 -0.0258505 0.0766319 -0.0314478 0.9962280
3192840021.865491 -8.3717165 -0.9243488 27.0146465 -0.0403238 0.1127438 -0.0329767 0.9922577
3192840022.129490 -8.4566231 -0.9387628 27.1816139 -0.0289114 0.1368282 -0.0459260 0.9891072
3192840022.492489 -8.4743767 -0.9493684 27.4008484 -0.0454669 0.1683214 -0.0275867 0.9842965
3192840022.855491 -8.4620209 -0.9731824 27.6623287 -0.0329951 0.1766938 -0.0116168 0.9836441
3192840023.086494 -8.4778681 -0.9849340 27.8075447 -0.0477163 0.2011723 -0.0191151 0.9782063
3192840023.350498 -8.5327902 -0.9959663 27.9654083 -0.0551855 0.2445588 -0.0171837 0.9679103
3192840023.614514 -8.5563488 -1.0136453 28.1580372 -0.0383018 0.2539732 -0.0026348 0.9664490
3192840024.175521 -8.4064302 -1.0262867 28.5149460 -0.0420595 0.2442437 0.0053010 0.9687868
3192840024.901536 -8.2279425 -1.0671291 28.9335556 -0.0830608 0.2876754 0.0043502 0.9541094
3192840025.099599 -8.1839399 -1.1068807 29.0241680 -0.0855868 0.3430889 0.0196676 0.9351888
3192840025.297661 -8.1311693 -1.1313722 29.0966110 -0.0849866 0.3802438 0.0317119 0.9204272
3192840025.693677 -7.9971952 -1.1351771 29.2323380 -0.0743612 0.4016299 0.0209826 0.9125369
3192840025.891818 -7.9117403 -1.1687740 29.2511063 -0.0578932 0.4415098 0.0265006 0.8949945
3192840026.089844 -7.8521638 -1.1538225 29.3237114 -0.0551805 0.4886914 0.0352512 0.8699961
3192840026.287905 -7.8009562 -1.1607971 29.3572655 -0.0543807 0.5340307 0.0436374 0.8425851
3192840026.419907 -7.7709284 -1.1852144 29.3840561 -0.0519095 0.5654839 0.0517887 0.8214933
3192840026.518907 -7.7496386 -1.2127974 29.4030685 -0.0450195 0.5868973 0.0544671 0.8065718
3192840026.617929 -7.7236423 -1.2186712 29.4173069 -0.0408287 0.6035157 0.0531031 0.7945325
3192840026.750016 -7.6871533 -1.2415776 29.4341183 -0.0428400 0.6204630 0.0615762 0.7806399
3192840026.948182 -7.6603365 -1.2870729 29.4532528 -0.0435841 0.6462609 0.0740470 0.7582640
3192840027.245286 -7.5032120 -1.2971587 29.3737812 -0.0384781 0.6533235 0.0633683 0.7534403
3192840027.806290 -7.1332135 -1.3118095 29.2799015 -0.0630802 0.6105287 0.0680259 0.7865418
3192840028.367329 -6.7772207 -1.3470008 29.3008327 -0.0803727 0.5852785 0.0451103 0.8055770
3192840028.598317 -6.5877218 -1.3283867 29.2817287 -0.0862483 0.5252764 0.0368665 0.8457463
3192840028.729889 -6.4791451 -1.3101612 29.2778759 -0.0862482 0.4730482 0.0310306 0.8762555
3192840028.828645 -6.3834848 -1.2999852 29.2656860 -0.0939202 0.4238738 0.0217675 0.9005755
3192840028.927468 -6.2925577 -1.3057911 29.2519264 -0.0977019 0.3759619 0.0067958 0.9214450
3192840028.993382 -6.2430115 -1.3037481 29.2439289 -0.0931249 0.3479520 -0.0053555 0.9328604
3192840029.092268 -6.1759129 -1.3012741 29.2384529 -0.0908324 0.3120397 -0.0108279 0.9456550
3192840030.148008 -5.8089137 -1.2889404 29.1280861 -0.0593441 0.1509531 -0.0452689 0.9857191
3192840030.247010 -5.7503638 -1.3018980 29.0844116 -0.0718015 0.1263598 -0.0522426 0.9880022
3192840030.445010 -5.6624451 -1.3349240 28.9491959 -0.0764758 0.1270995 -0.0531873 0.9875061
3192840030.643015 -5.5956550 -1.3651378 28.8414230 -0.0678170 0.1378341 -0.0533530 0.9866894
3192840030.841020 -5.5216141 -1.3832276 28.7761211 -0.0594626 0.1456916 -0.0532694 0.9861037
3192840031.303086 -5.3096256 -1.4356110 28.7567749 -0.0563382 0.1551633 -0.1172906 0.9792820
3192840031.534085 -5.1440759 -1.4778237 28.7739906 -0.0692764 0.1448854 -0.0660935 0.9848049
3192840032.491157 -4.4221721 -1.5283072 28.9942837 -0.0683322 0.0105546 -0.0604185 0.9957755
3192840032.755187 -4.3198714 -1.5646439 29.0977268 -0.0604496 0.0070967 -0.1090591 0.9921702
3192840033.019195 -4.1738424 -1.5977521 29.2410355 -0.0768238 -0.0263688 -0.0907920 0.9925521
3192840033.217195 -4.0492902 -1.5980501 29.3743706 -0.0939505 -0.0767906 -0.0777892 0.9895582
3192840033.580198 -3.8693557 -1.6387529 29.6068611 -0.0850016 -0.1787674 -0.0658178 0.9780005
3192840033.811176 -3.8307724 -1.6250486 29.7868671 -0.0875686 -0.2333911 -0.0690827 0.9659648
3192840034.075144 -3.8293228 -1.6236610 29.9457569 -0.0708125 -0.2547873 -0.0911156 0.9600869
3192840034.339147 -3.8245773 -1.6541357 30.1132088 -0.0701231 -0.2621402 -0.0915884 0.9581111
3192840034.768144 -3.7807388 -1.6714797 30.3957138 -0.0730140 -0.2809452 -0.0826398 0.9533674
3192840034.966144 -3.8101530 -1.6619253 30.5788841 -0.0721862 -0.3253127 -0.0814676 0.9393209
3192840035.230146 -3.8761978 -1.6486111 30.7737503 -0.0863318 -0.3594708 -0.0874514 0.9250296
3192840035.593148 -4.0424976 -1.6247177 30.9709911 -0.0862323 -0.3804944 -0.1111628 0.9140190
3192840036.022129 -4.2075977 -1.6082749 31.1777363 -0.0933457 -0.3816688 -0.1048403 0.9135776
3192840036.286129 -4.3220139 -1.6069751 31.3294201 -0.1115997 -0.3795026 -0.1006453 0.9129040
3192840036.550132 -4.4283714 -1.6268749 31.4128571 -0.1166441 -0.3532532 -0.0981338 0.9230255
3192840036.781065 -4.5486288 -1.6074147 31.4622879 -0.1076563 -0.3381694 -0.1010306 0.9294323
3192840036.946005 -4.6399765 -1.6034832 31.4686012 -0.0971757 -0.3159152 -0.0929336 0.9392113
3192840037.077961 -4.7165003 -1.6246495 31.4444752 -0.0804558 -0.2818299 -0.0936911 0.9514834
3192840037.242950 -4.8130064 -1.6202741 31.4785137 -0.0785415 -0.2635052 -0.0969732 0.9565524
3192840037.440925 -4.9215765 -1.6025286 31.5513000 -0.0873457 -0.2596367 -0.0856817 0.9579239
3192840037.704887 -5.0816870 -1.5865259 31.6574440 -0.0995306 -0.2547322 -0.0633947 0.9597845
3192840037.902864 -5.2148247 -1.5547523 31.7332230 -0.1080072 -0.2675014 -0.0673677 0.9551120
3192840038.133819 -5.3648787 -1.5239897 31.7579670 -0.1043246 -0.2707367 -0.0781743 0.9537855
3192840038.430820 -5.5740118 -1.4972520 31.7285652 -0.0993881 -0.2367216 -0.0694987 0.9639786
3192840038.628822 -5.7010517 -1.5067501 31.6899967 -0.0829312 -0.2024474 -0.0640123 0.9736734
3192840038.925825 -5.8917427 -1.4706416 31.7423611 -0.0905897 -0.1911638 -0.0546537 0.9758396
3192840039.123827 -6.0289116 -1.4461513 31.8262405 -0.1070185 -0.1903945 -0.0264563 0.9754984
3192840039.387826 -6.1999378 -1.4527531 31.8576851 -0.0997834 -0.1638942 -0.0232336 0.9811433
3192840039.651881 -6.3619714 -1.4554977 31.7991238 -0.0915860 -0.1195975 -0.0370893 0.9878931
3192840039.882899 -6.5367370 -1.4714112 31.7543793 -0.0889473 -0.0704216 -0.0293523 0.9931101
3192840040.278949 -6.7834821 -1.4586310 31.8292351 -0.0756489 -0.0297009 -0.0218979 0.9964515
3192840040.642047 -6.9695945 -1.4577222 32.0033607 -0.0816499 -0.0012212 0.0025260 0.9966571
3192840040.906064 -7.1133952 -1.4656186 32.0830460 -0.0761233 0.0271292 -0.0157867 0.9966043
3192840041.170065 -7.2790270 -1.4654341 32.1575699 -0.0801443 0.0730919 -0.0164080 0.9939644
3192840041.335075 -7.4123540 -1.4998674 32.1822662 -0.0760838 0.1213203 -0.0234342 0.9894157
3192840041.566078 -7.5411711 -1.5003412 32.3076057 -0.0615358 0.1411584 -0.0338162 0.9874939
3192840041.896084 -7.6163025 -1.4381132 32.6355705 -0.0714428 0.1115862 -0.0103349 0.9911295
3192840042.061089 -7.6632929 -1.4227529 32.8091316 -0.0641065 0.0866748 0.0025288 0.9941687
3192840042.193091 -7.7135015 -1.4088678 32.9246826 -0.0692649 0.0738883 -0.0130439 0.9947727
3192840042.424097 -7.8148980 -1.3823667 33.0898056 -0.0713240 0.0798157 -0.0327926 0.9937137
3192840042.622100 -7.9234214 -1.3647678 33.2386856 -0.0660591 0.0905292 -0.0275230 0.9933193
3192840042.754101 -7.9974747 -1.3667557 33.3259087 -0.0441137 0.0953924 -0.0364416 0.9937939
3192840042.985103 -8.0618916 -1.3530433 33.5158081 -0.0517859 0.0920983 -0.0388090 0.9936448
3192840043.216105 -8.1053886 -1.3071744 33.7197533 -0.0514576 0.0808979 -0.0271855 0.9950219
3192840043.447105 -8.1671448 -1.3222392 33.9047928 -0.0467012 0.0802303 -0.0095871 0.9956356
3192840043.744110 -8.2599392 -1.3019769 34.1225853 -0.0569818 0.0822908 -0.0280574 0.9945824
3192840044.008113 -8.3757439 -1.3094001 34.2424088 -0.0594791 0.1268291 -0.0169112 0.9899952
3192840044.206114 -8.4779167 -1.3382661 34.3318176 -0.0451508 0.1696486 -0.0190966 0.9842845
3192840044.404118 -8.5341682 -1.3606358 34.4400177 -0.0648909 0.2037438 -0.0147406 0.9767601
3192840044.602122 -8.5417700 -1.3435824 34.5874748 -0.0704185 0.2138847 0.0065870 0.9742952
3192840044.767125 -8.5408134 -1.3465545 34.7333488 -0.0562762 0.2094134 0.0374098 0.9754894
3192840045.031127 -8.6023035 -1.3730814 34.8881302 -0.0591156 0.2411030 0.0287201 0.9682716
3192840045.229130 -8.6648407 -1.3745663 35.0097046 -0.0592002 0.2704435 0.0204620 0.9606961
3192840045.394132 -8.7286043 -1.3854294 35.1240234 -0.0510562 0.3018039 0.0281766 0.9515849
3192840045.559135 -8.8076649 -1.4103888 35.2288055 -0.0302903 0.3390952 0.0170568 0.9401096
3192840045.724149 -8.8327608 -1.4323540 35.3321800 -0.0468886 0.3675277 0.0180207 0.9286550
3192840045.922325 -8.8162308 -1.4310701 35.4731712 -0.0530464 0.3913428 0.0344653 0.9180681
3192840046.120344 -8.7460375 -1.4330094 35.6536942 -0.0497890 0.3832029 0.0527785 0.9208100
3192840046.285345 -8.7120113 -1.4318657 35.7916641 -0.0443991 0.3747792 0.0477975 0.9248160
3192840046.516349 -8.7155790 -1.4434400 35.9458199 -0.0618168 0.3926685 0.0311017 0.9170730
3192840046.747351 -8.7361403 -1.4377589 36.1263924 -0.0558887 0.4208547 0.0361148 0.9046842
3192840046.912484 -8.7872486 -1.4686503 36.2530899 -0.0402339 0.4566372 0.0243555 0.8884090
3192840047.110671 -8.8108673 -1.4929495 36.3948097 -0.0397085 0.4928400 0.0135595 0.8691077
3192840047.275758 -8.7890797 -1.4940120 36.5124321 -0.0360733 0.5058254 0.0207814 0.8616307
3192840047.473775 -8.7236242 -1.4768240 36.6695213 -0.0262278 0.5061431 0.0374981 0.8612347
3192840047.704776 -8.6508675 -1.4831698 36.8643799 -0.0119433 0.5048406 0.0319942 0.8625368
3192840048.034777 -8.6130171 -1.4733166 37.1175842 -0.0123104 0.5244163 0.0187155 0.8511673
3192840048.298778 -8.6454897 -1.4935478 37.3324623 -0.0001488 0.5552186 0.0197703 0.8314694
3192840048.727785 -8.6103783 -1.5166801 37.6255798 -0.0052344 0.5960922 0.0370005 0.8020459
3192840049.222788 -8.4060850 -1.5236263 37.9595070 0.0199816 0.5865393 0.0673153 0.8068711
3192840049.519790 -8.4113388 -1.5310252 38.1544533 -0.0040080 0.6239690 0.0550777 0.7794954
3192840049.783796 -8.4726467 -1.5774910 38.3375626 0.0184802 0.6655883 0.0600426 0.7436703
3192840050.212801 -8.3053331 -1.5776010 38.5865631 0.0086049 0.6742288 0.0694216 0.7352021
3192840050.443806 -8.1245193 -1.5798606 38.7172318 0.0250772 0.6554458 0.0955485 0.7487540
3192840050.806844 -8.0013065 -1.6061332 38.9199181 0.0108819 0.6797560 0.0678444 0.7302126
3192840051.070846 -7.9595580 -1.6470788 39.0660133 0.0151237 0.7342535 0.0807684 0.6738839
3192840051.169856 -7.9443836 -1.6718388 39.1294479 0.0273650 0.7572349 0.0730408 0.6484686
3192840051.301857 -7.9263439 -1.7026298 39.1947289 0.0222543 0.7829428 0.0778382 0.6168035
3192840051.400857 -7.9043484 -1.7292962 39.2339745 0.0194548 0.7991173 0.0877898 0.5944124
3192840051.532857 -7.8370180 -1.7374043 39.2681961 0.0202680 0.8134987 0.1027398 0.5720609
3192840051.961933 -7.5345898 -1.7630150 39.3465424 0.0335601 0.8134431 0.1124406 0.5696851
3192840052.126994 -7.4137430 -1.7633207 39.3903961 0.0161524 0.8098586 0.1007240 0.5776874
3192840052.358067 -7.2595167 -1.7523136 39.4773254 0.0033522 0.8121835 0.0941943 0.5757380
3192840052.523146 -7.1506491 -1.7733257 39.5420418 -0.0054957 0.8180839 0.1152053 0.5634149
3192840052.820213 -7.0088911 -1.8179722 39.6244545 0.0021189 0.8420449 0.1360550 0.5219626
3192840053.183237 -6.8198900 -1.8484826 39.6510773 0.0109521 0.8609439 0.1380923 0.4894754
3192840053.612454 -6.5313759 -1.8668032 39.6208191 -0.0073528 0.8585680 0.1744403 0.4820555
3192840054.041789 -6.2331963 -1.8850737 39.6402626 -0.0046356 0.8710347 0.2197233 0.4393163
3192840054.404885 -6.0438671 -1.9502668 39.6785355 0.0048157 0.9048309 0.1982875 0.3767490
3192840054.701885 -5.8809872 -1.9737911 39.6504669 0.0094770 0.9289392 0.1438797 0.3409998
3192840055.064889 -5.6471710 -1.9933231 39.5092926 0.0184402 0.9244990 0.1061637 0.3656376
3192840055.460765 -5.3819237 -1.9822717 39.3754501 0.0230839 0.9251500 0.0840069 0.3694691
3192840055.724739 -5.2104549 -2.0107832 39.3123665 0.0324589 0.9341298 0.0803092 0.3462636
3192840055.955742 -5.1162519 -2.0563319 39.2687302 0.0309715 0.9483808 0.0992636 0.2996019
3192840056.318746 -4.9293823 -2.0750799 39.1256409 0.0347751 0.9564934 0.1000100 0.2718621
3192840056.549722 -4.7745905 -2.0530462 38.9763985 0.0381127 0.9440660 0.0921727 0.3143103
3192840056.813621 -4.5867062 -2.0551820 38.9525604 0.0279579 0.9500747 0.0708304 0.3025880
3192840056.945561 -4.4854059 -2.0670011 38.9886932 0.0341907 0.9594438 0.0706981 0.2707404
3192840057.077561 -4.3825073 -2.1018100 39.0307732 0.0387783 0.9667530 0.0741099 0.2416457
3192840057.242537 -4.2596636 -2.1184576 39.0469780 0.0443944 0.9710824 0.0730236 0.2229254
3192840057.473495 -4.0851727 -2.1187234 38.9908066 0.0447595 0.9683227 0.0806587 0.2320386
3192840057.605473 -3.9777470 -2.0969777 38.9276924 0.0501957 0.9633788 0.0845141 0.2494775
3192840057.737440 -3.8672142 -2.1033983 38.8485870 0.0671437 0.9539512 0.0961292 0.2760940
3192840057.836366 -3.7803783 -2.0993712 38.7969818 0.0788285 0.9434834 0.0910995 0.3087493
3192840057.935347 -3.6998234 -2.0959716 38.7633514 0.0722165 0.9305367 0.0805237 0.3498603
3192840058.067344 -3.5963726 -2.0944760 38.7401123 0.0579036 0.9141357 0.0684993 0.3953618
3192840058.199343 -3.4929676 -2.0884390 38.7317276 0.0521840 0.9010103 0.0544915 0.4271860
3192840058.331300 -3.3725452 -2.0812783 38.7465782 0.0549186 0.8931295 0.0454367 0.4441161
3192840058.430289 -3.2867374 -2.0952628 38.7597504 0.0635140 0.8904772 0.0436496 0.4484541
3192840058.529285 -3.2083111 -2.1105871 38.7729454 0.0669203 0.8923600 0.0399236 0.4445463
3192840058.595286 -3.1643753 -2.1199737 38.7818222 0.0665682 0.8974909 0.0417549 0.4339762
3192840058.727287 -3.0846291 -2.1503134 38.7958450 0.0619160 0.9121971 0.0542766 0.4013936
3192840058.859289 -3.0031986 -2.1692243 38.8046265 0.0628710 0.9260958 0.0630393 0.3666331
3192840059.024289 -2.8908348 -2.1838443 38.7967262 0.0716543 0.9412549 0.0673211 0.3230678
3192840059.156291 -2.8026114 -2.2194180 38.7850342 0.0816414 0.9524143 0.0734356 0.2843395
3192840059.288290 -2.7152176 -2.2445560 38.7911377 0.0792632 0.9623210 0.0686023 0.2508971
3192840059.486290 -2.5759382 -2.2701368 38.7742538 0.0695616 0.9620346 0.0733168 0.2535258
3192840059.684291 -2.4170427 -2.2636886 38.7638512 0.0676635 0.9588774 0.0670434 0.2673591
3192840059.849292 -2.2831545 -2.2906585 38.7798233 0.0810387 0.9629567 0.0631484 0.2493181
3192840060.014295 -2.1531706 -2.3196583 38.8033218 0.0832726 0.9706892 0.0454010 0.2208320
3192840060.179296 -2.0301151 -2.3620644 38.8187866 0.0712906 0.9812858 0.0621926 0.1677138
3192840060.344297 -1.9221897 -2.3668246 38.7965736 0.0827595 0.9849159 0.0733690 0.1330734
3192840060.509317 -1.8187790 -2.3813534 38.7463913 0.1069245 0.9849788 0.0824318 0.1076518
3192840060.938325 -1.5611918 -2.4344068 38.6317024 0.0953351 0.9893875 0.0961482 0.0527177
3192840061.103326 -1.4455388 -2.4368348 38.6077652 0.0961317 0.9902944 0.0980470 0.0215049
3192840061.400334 -1.2291617 -2.4697409 38.5265846 0.1047888 0.9905252 0.0805269 -0.0373419
3192840061.697336 -1.0847802 -2.4846015 38.4173737 0.0965965 0.9892434 0.0827799 -0.0722078
3192840061.994337 -1.0022926 -2.4665527 38.2095451 0.1279296 0.9860114 0.0764642 -0.0746241
3192840062.423340 -0.7920256 -2.5085897 38.0101814 0.1101423 0.9825528 0.0743660 -0.1301089
3192840062.852343 -0.5880289 -2.5411820 37.8015366 0.1157004 0.9690639 0.0877152 -0.1995861
3192840062.984344 -0.5489092 -2.5620184 37.7626038 0.1099533 0.9608284 0.1045105 -0.2319409
3192840063.116146 -0.5245991 -2.5770626 37.7252350 0.1100218 0.9531215 0.1131136 -0.2581858
3192840063.479054 -0.5902557 -2.5302238 37.4930153 0.1108092 0.9563046 0.1178834 -0.2435289
3192840063.710128 -0.6546507 -2.5005255 37.2972260 0.1066407 0.9661839 0.1041029 -0.2104259
3192840063.908215 -0.6728907 -2.4872112 37.1637268 0.0961934 0.9697976 0.1102874 -0.1951309
3192840064.238220 -0.6307077 -2.4702244 36.9552345 0.0849710 0.9658681 0.1169798 -0.2149291
3192840064.403220 -0.5721264 -2.5196185 36.8808746 0.0901198 0.9575614 0.1122987 -0.2496871
3192840064.568159 -0.5443754 -2.5295882 36.7826080 0.0834756 0.9527577 0.1111854 -0.2700414
3192840064.766072 -0.5558176 -2.5311146 36.6687813 0.0870459 0.9470891 0.1222371 -0.2837312
3192840065.162050 -0.6369019 -2.4886751 36.3725891 0.0939191 0.9528958 0.1193291 -0.2625442
3192840065.294052 -0.6598511 -2.4719839 36.2580757 0.0947284 0.9588768 0.1017968 -0.2474251
3192840065.492057 -0.6676693 -2.4603472 36.0973244 0.0842785 0.9621249 0.1116641 -0.2339740
3192840065.624059 -0.6546402 -2.4476681 35.9904442 0.0710781 0.9658195 0.1151271 -0.2211026
3192840065.756062 -0.6278000 -2.4264083 35.8767395 0.0597046 0.9676803 0.1061915 -0.2208021
3192840065.921054 -0.5673733 -2.4548609 35.7786331 0.0664880 0.9650233 0.0869085 -0.2382357
3192840066.250978 -0.5270023 -2.4671736 35.5416870 0.0774262 0.9608356 0.0973138 -0.2476491
3192840066.646944 -0.5970163 -2.4440041 35.2075081 0.1028503 0.9609452 0.0984707 -0.2372963
3192840066.877944 -0.6463985 -2.4133468 34.9717827 0.1027521 0.9650462 0.1086480 -0.2152291
3192840067.207947 -0.6609764 -2.3675685 34.6800499 0.1002095 0.9630306 0.1308578 -0.2130876
3192840067.538028 -0.6803236 -2.3777561 34.4090958 0.1159493 0.9596273 0.1395688 -0.2149225
3192840068.132331 -0.7891827 -2.3529682 33.9925385 0.1288379 0.9573698 0.1326607 -0.2219122
3192840068.627419 -0.8172216 -2.3406677 33.6576614 0.1273431 0.9537445 0.1304072 -0.2390589
3192840068.924424 -0.8123398 -2.3863192 33.4816132 0.1298725 0.9474019 0.1127441 -0.2699103
3192840069.485435 -1.0948296 -2.2927408 33.0649796 0.1219300 0.9592203 0.1105721 -0.2297895
3192840069.716441 -1.2032080 -2.2672100 32.8998795 0.1144000 0.9671435 0.1079245 -0.1997460
3192840070.838330 -1.7211704 -2.1883388 32.2783775 0.0968826 0.9692281 0.0880329 -0.2084724
3192840071.069334 -1.8637857 -2.1714840 32.1476479 0.0955121 0.9776422 0.0727273 -0.1726383
3192840071.564339 -2.1076336 -2.1175971 31.9058399 0.0823904 0.9760662 0.1006406 -0.1742930
3192840071.960158 -2.3072462 -2.1371503 31.7773666 0.0945890 0.9638945 0.1133054 -0.2216351
3192840072.455043 -2.6210566 -2.1052828 31.6575775 0.0947694 0.9624800 0.1206924 -0.2237954
3192840072.851029 -2.8317204 -2.1017437 31.5771275 0.1206335 0.9469424 0.1473364 -0.2589201
3192840073.016032 -2.9094229 -2.1036072 31.5506058 0.1358807 0.9296520 0.1680368 -0.2984078
3192840073.180925 -2.9607668 -2.1448336 31.5207710 0.1380911 0.9089097 0.1698330 -0.3549237
3192840073.378785 -3.0221949 -2.1802239 31.5005913 0.1504398 0.8820010 0.1749396 -0.4108993
3192840073.873789 -3.2060089 -2.2013092 31.4503288 0.1518997 0.8612131 0.1595310 -0.4580264
3192840074.335790 -3.2983847 -2.2379301 31.4064636 -0.1786985 -0.8168145 -0.1695516 0.5216639
3192840074.533791 -3.2842913 -2.2763391 31.3851795 -0.2094601 -0.7626496 -0.1779906 0.5855010
3192840074.830816 -3.2379780 -2.3553870 31.3502350 -0.2282970 -0.6612070 -0.1699919 0.6941099
3192840075.457350 -3.4284811 -2.1375394 30.6186428 -0.1208995 -0.3001558 -0.1193693 0.9386377
3192840075.754170 -3.4733162 -2.2302375 30.5721874 -0.0935815 -0.2059087 -0.0845242 0.9704122
3192840076.084115 -3.5031807 -2.3081355 30.4757633 -0.0653977 -0.1221073 -0.0520425 0.9889917
3192840076.216110 -3.5074170 -2.3292260 30.4205589 -0.0662213 -0.0743134 -0.0497579 0.9937889
3192840076.381215 -3.5408888 -2.3510814 30.3624191 -0.0709608 -0.0191245 -0.0489173 0.9960953
3192840076.480233 -3.5573325 -2.3632784 30.3315659 -0.0681967 0.0159008 -0.0424179 0.9966429
3192840076.579277 -3.5846992 -2.3696244 30.3088150 -0.0636347 0.0535096 -0.0352470 0.9959142
3192840076.678375 -3.6234875 -2.3839808 30.2787724 -0.0558636 0.0930296 -0.0266328 0.9937381
3192840076.777441 -3.6736207 -2.4026504 30.2515736 -0.0482248 0.1347155 -0.0224311 0.9894559
3192840076.876503 -3.7377033 -2.4267645 30.1930180 -0.0426216 0.1807166 -0.0150189 0.9824965
3192840076.975606 -3.7821445 -2.4493022 30.1383953 -0.0386727 0.2266027 -0.0091386 0.9731763
3192840077.074873 -3.8336086 -2.4749596 30.0876732 -0.0366837 0.2689994 -0.0057186 0.9624245
3192840077.207148 -3.8793955 -2.4967864 30.0494442 -0.0349965 0.3204059 0.0002527 0.9466336
3192840077.405239 -3.8837805 -2.4981940 30.0457077 -0.0298906 0.3678797 0.0044971 0.9293820
3192840077.735286 -3.8578520 -2.4920437 30.0610943 -0.0172469 0.3827384 -0.0132449 0.9236008
3192840078.263296 -3.5422573 -2.5460186 30.1303215 0.0278599 0.3138572 -0.0497784 0.9477550
3192840078.956149 -3.2410460 -2.5676074 30.4741230 0.0163204 0.2335337 -0.1035878 0.9666774
3192840079.219888 -3.0277462 -2.6003771 30.6848717 -0.0170465 0.1354864 -0.0952169 0.9860460
3192840079.450797 -2.8345661 -2.5831172 30.8772907 -0.0262733 0.0411547 -0.0982929 0.9939590
3192840079.615756 -2.6968548 -2.5994406 31.0042667 -0.0415012 -0.0297820 -0.1037024 0.9932958
3192840079.846690 -2.5396109 -2.6494691 31.1488838 -0.0517289 -0.1050179 -0.1012145 0.9879529
3192840080.011668 -2.4712801 -2.6658154 31.2798519 -0.0676484 -0.1454441 -0.1018887 0.9817782
3192840080.176619 -2.4379144 -2.6533732 31.4270802 -0.0768508 -0.1916727 -0.1236031 0.9706069
3192840080.308467 -2.4225817 -2.6442347 31.5403194 -0.0850779 -0.2238266 -0.1437096 0.9602140
3192840080.440330 -2.4234858 -2.6568122 31.6559830 -0.0927637 -0.2471050 -0.1587581 0.9513831
3192840080.605255 -2.4075079 -2.7013292 31.7313538 -0.0762054 -0.2387253 -0.1666937 0.9536331
3192840080.836247 -2.3588266 -2.7387948 31.8882160 -0.1031780 -0.2466464 -0.1556626 0.9509411
3192840080.968250 -2.3328810 -2.7399635 32.0116081 -0.1183107 -0.2785162 -0.1515199 0.9409958
3192840081.199251 -2.2829781 -2.7533665 32.2266045 -0.1478683 -0.3310775 -0.1652918 0.9171702
3192840081.331251 -2.2812366 -2.7667980 32.3441238 -0.1471605 -0.3664150 -0.1697946 0.9029140
3192840081.463288 -2.2911987 -2.7613430 32.4595947 -0.1705676 -0.3975581 -0.1712729 0.8851666
3192840081.793531 -2.3449574 -2.7566900 32.6598587 -0.1909510 -0.4164560 -0.1950663 0.8672088
3192840082.090841 -2.4640265 -2.7585783 32.8432350 -0.1935486 -0.4478869 -0.2269743 0.8428635
3192840082.354861 -2.5589824 -2.7539110 33.0078354 -0.2079837 -0.4928566 -0.2319753 0.8124177
3192840082.585912 -2.6545668 -2.7108665 33.1598167 -0.2140629 -0.5644623 -0.2402661 0.7601523
3192840082.783915 -2.7439795 -2.7297988 33.2659035 -0.2098987 -0.6193637 -0.2549169 0.7122840
3192840083.146918 -2.9416306 -2.7009287 33.3757744 -0.2120623 -0.6621771 -0.2632653 0.6687619
3192840083.641968 -3.2482491 -2.6381481 33.3762398 -0.2155057 -0.6731824 -0.2705413 0.6535979
3192840084.137227 -3.5452068 -2.5723839 33.3896332 -0.2241815 -0.6995400 -0.2649051 0.6246694
3192840084.500555 -3.7647679 -2.5346942 33.3729477 -0.2363127 -0.7186633 -0.2643456 0.5981645
3192840084.864152 -3.9293118 -2.4839239 33.3030167 -0.2438298 -0.7326714 -0.2710932 0.5746722
3192840085.194428 -4.0415554 -2.4479654 33.2471504 -0.2461719 -0.7539930 -0.2861056 0.5376220
3192840085.458431 -4.1315145 -2.4100189 33.2158241 0.2316561 0.7980832 0.3131139 -0.4597372
3192840085.656434 -4.2262058 -2.3602247 33.1935463 0.2106939 0.8491773 0.3225734 -0.3611819
3192840085.887435 -4.2641258 -2.3179569 33.1715698 0.1530593 0.9007031 0.3362205 -0.2286100
3192840086.217113 -4.3621783 -2.2952166 33.1828499 0.1140873 0.9414970 0.3018472 -0.0972407
3192840086.975146 -4.4942002 -2.2769537 33.0762100 0.0846637 0.9773374 0.1786642 -0.0756486
3192840087.766987 -4.7740679 -2.2711043 32.9671440 0.0487271 0.9887770 0.1411927 -0.0032259
3192840088.030993 -4.9660559 -2.2612910 32.9407845 0.0241404 0.9895643 0.1260909 0.0654277
3192840088.559157 -5.1710086 -2.2253823 32.8079185 0.0352011 0.9870301 0.1152905 0.1060208
3192840088.988754 -5.2233377 -2.2248702 32.6090012 0.0218658 0.9890435 0.1095456 0.0965121
3192840089.418111 -5.3465781 -2.1969843 32.3967552 0.0434628 0.9877800 0.1109562 0.1004506
3192840089.748118 -5.4338436 -2.1852920 32.1638756 0.0632212 0.9837251 0.1043389 0.1319141
3192840090.342238 -5.4281273 -2.1522114 31.7827377 0.0332040 0.9849178 0.0995699 0.1375508
3192840090.837236 -5.4790831 -2.1246634 31.4538956 0.0569938 0.9792819 0.1271496 0.1469411
3192840091.233238 -5.5519123 -2.0973778 31.1620789 0.0741042 0.9699376 0.1161857 0.2005757
3192840091.695239 -5.5371032 -2.0770950 30.8890438 0.0558433 0.9748376 0.1333421 0.1696853
3192840091.992241 -5.4958277 -2.1115196 30.7480755 0.0336509 0.9871023 0.1001746 0.1202567
3192840092.487434 -5.5570192 -2.0770702 30.4237576 0.0654290 0.9879379 0.0988827 0.0995989
3192840092.850436 -5.5952978 -2.0789518 30.1929722 0.0736093 0.9910465 0.0701808 0.0865050
3192840093.213436 -5.5855207 -2.0579476 29.9506702 0.0639296 0.9899393 0.1108384 0.0603988
3192840093.378438 -5.5848546 -2.0652108 29.8602562 0.0522016 0.9942662 0.0902514 0.0237593
3192840093.642438 -5.6269283 -2.0692978 29.7171307 0.0647442 0.9924144 0.1032936 -0.0158820
3192840093.972439 -5.7465129 -2.0556679 29.5469818 0.0761679 0.9920118 0.0934262 -0.0371843
3192840094.434438 -5.8753562 -2.0221953 29.2493858 0.0624606 0.9902880 0.1207519 -0.0291097
3192840095.028430 -6.0390058 -1.9872861 28.8334675 0.0558232 0.9914331 0.1158738 -0.0227484
3192840095.358432 -6.2167912 -1.9289937 28.6003952 0.0466221 0.9929982 0.1079945 0.0108730
3192840095.622442 -6.3410845 -1.8926001 28.3962555 0.0425817 0.9908618 0.1175668 0.0505739
3192840096.018445 -6.4568825 -1.8691392 28.2130775 0.0269223 0.9917369 0.1211251 0.0325863
3192840096.348446 -6.5667620 -1.9048028 28.0829449 0.0275149 0.9923496 0.1202270 -0.0055322
3192840096.612448 -6.7012467 -1.8877940 27.9708214 0.0340297 0.9915438 0.1233033 -0.0218922
3192840096.975451 -6.8896422 -1.8528714 27.6966133 0.0249152 0.9920496 0.1206223 0.0258263
3192840097.272454 -6.9558706 -1.7767191 27.4226685 0.0191988 0.9910596 0.1111982 0.0711845
3192840097.536456 -6.9714341 -1.7482128 27.1475143 0.0181647 0.9878518 0.0999499 0.1175961
3192840097.767457 -6.9969673 -1.7120321 26.9011478 0.0321631 0.9808980 0.1039258 0.1612580
3192840097.965457 -7.0314946 -1.6638844 26.6932259 0.0436949 0.9707376 0.1098221 0.2090417
3192840098.196459 -7.0522547 -1.6165342 26.4167976 0.0498429 0.9504842 0.0974888 0.2908461
3192840098.394458 -7.0378304 -1.5829933 26.2241402 0.0560602 0.9336496 0.1035811 0.3382701
3192840098.790460 -7.0356512 -1.5837612 26.0180511 0.0483928 0.9468254 0.0880484 0.3056588
3192840098.955462 -7.0456800 -1.6157026 25.9679966 0.0440393 0.9612759 0.0684603 0.2632915
3192840099.120461 -7.0678835 -1.6254036 25.8844833 0.0550828 0.9688959 0.0797365 0.2277034
3192840099.285464 -7.0917177 -1.6144643 25.7903824 0.0628370 0.9720002 0.0848923 0.2099058
3192840099.582465 -7.1352115 -1.5850652 25.5451450 0.0757859 0.9664229 0.0751249 0.2337512
3192840099.978469 -7.1303329 -1.5481100 25.2280521 0.0747560 0.9605535 0.0949240 0.2504755
3192840100.242471 -7.1125069 -1.5716825 25.0782166 0.0555318 0.9714934 0.1025517 0.2063976
3192840100.440472 -7.1162767 -1.5792804 24.9775810 0.0527381 0.9790466 0.1095633 0.1633471
3192840100.605474 -7.1341124 -1.5699437 24.8978558 0.0609163 0.9837592 0.1112974 0.1269640
3192840101.265480 -7.1976528 -1.5717406 24.5682945 0.0584104 0.9920969 0.1109629 -0.0043820
3192840101.496481 -7.1821632 -1.5934494 24.4514942 0.0584614 0.9903579 0.1154492 -0.0494467
3192840101.661483 -7.1663761 -1.6164517 24.3760700 0.0504595 0.9893696 0.1101088 -0.0804844
3192840102.024483 -7.2306643 -1.6241903 24.1857758 0.0757710 0.9790294 0.1399115 -0.1272205
3192840102.486438 -7.3432736 -1.6261234 23.8834076 0.0869277 0.9730760 0.1484012 -0.1534394
3192840102.882336 -7.3839841 -1.6112318 23.5994911 0.0661369 0.9695260 0.1482429 -0.1834921
3192840103.311135 -7.5174909 -1.5798464 23.3130417 0.0813182 0.9623528 0.1644719 -0.2005331
3192840103.640998 -7.6828051 -1.5503805 23.0876369 0.1027599 0.9649416 0.1325828 -0.2018659
3192840104.036905 -7.7988253 -1.5112476 22.7973137 0.0783000 0.9590919 0.1621890 -0.2184182
3192840104.267749 -7.8323841 -1.5533524 22.6491547 0.0696273 0.9471251 0.1649482 -0.2662672
3192840104.696523 -8.0307064 -1.5058503 22.3858414 0.0974168 0.9368849 0.1598471 -0.2953057
3192840105.059470 -8.2504940 -1.4626918 22.1385307 0.1187029 0.9413937 0.1505414 -0.2775336
3192840105.356292 -8.3658428 -1.4484816 21.9871178 0.1061544 0.9269282 0.1705147 -0.3169543
3192840105.554003 -8.4464245 -1.4722104 21.8743477 0.0873200 0.9178197 0.1759244 -0.3450114
3192840105.949899 -8.7296963 -1.4008498 21.6907425 0.1138079 0.9178134 0.1870863 -0.3311570
3192840106.213901 -8.9561081 -1.3637869 21.6027946 0.1203230 0.9278875 0.1825164 -0.3020512
3192840106.544061 -9.1875849 -1.3199468 21.4731522 0.1127692 0.9335486 0.1958636 -0.2782220
3192840106.841168 -9.3787346 -1.2896709 21.3162251 0.0850569 0.9346340 0.2101576 -0.2739678
3192840107.138272 -9.5952549 -1.2522569 21.1878910 0.0845844 0.9407240 0.2131308 -0.2499182
3192840107.402286 -9.8338280 -1.1784663 21.0992603 0.0733887 0.9552205 0.2055010 -0.1998428
3192840107.633291 -10.0240889 -1.1556396 21.0092297 0.0652075 0.9696255 0.1844337 -0.1468285
3192840107.864292 -10.1644688 -1.1063533 20.8899956 0.0531451 0.9766080 0.1878446 -0.0901483
3192840108.128292 -10.2756519 -1.0590358 20.7249298 0.0090058 0.9840994 0.1704717 -0.0490578
3192840108.260293 -10.3394365 -1.0299335 20.6121044 -0.0019058 0.9852504 0.1709948 -0.0062345
3192840108.458295 -10.4429607 -0.9937329 20.4750137 0.0112449 0.9840935 0.1678365 0.0571343
3192840108.590237 -10.5016479 -0.9449387 20.3632698 0.0149282 0.9815273 0.1558906 0.1099061
3192840108.623214 -10.5138769 -0.9297276 20.3371143 0.0140086 0.9803720 0.1508417 0.1261801
3192840108.755191 -10.5677805 -0.9080553 20.2099247 0.0130736 0.9681510 0.1497718 0.2002025
3192840108.887573 -10.5816069 -0.8810577 20.0891609 0.0164090 0.9574905 0.1394891 0.2519633
3192840109.019862 -10.5739880 -0.8516212 19.9794197 0.0192430 0.9441845 0.1445264 0.2953936
3192840109.382926 -10.4946623 -0.7906427 19.7159081 0.0011226 0.9257382 0.1123757 0.3610807
3192840109.580928 -10.4559765 -0.7991261 19.5969467 -0.0066785 0.9213340 0.0874454 0.3787512
3192840109.878194 -10.4117374 -0.7674296 19.3689461 -0.0064667 0.8991821 0.0965342 0.4267446
3192840110.043516 -10.3909521 -0.7319577 19.2297363 -0.0164172 0.8801854 0.0831913 0.4669940
3192840110.208518 -10.3539448 -0.7343757 19.1019707 -0.0197003 0.8615028 0.0675640 0.5028517
3192840110.439518 -10.2791491 -0.7086101 18.9804668 -0.0179937 0.8432349 0.0806455 0.5311567
3192840111.132522 -10.0075760 -0.7192153 18.9179859 0.0076822 0.8602999 0.0885741 0.5019758
3192840111.396524 -9.9041157 -0.7118710 18.8422642 0.0233752 0.8510163 0.0844982 0.5177692
3192840111.660526 -9.7716122 -0.7037350 18.7075291 0.0251257 0.8321881 0.1009317 0.5446509
3192840111.990528 -9.7407475 -0.7608037 18.6285896 0.0199553 0.8613864 0.1285937 0.4909978
3192840112.287529 -9.7303772 -0.8159637 18.6160049 0.0216268 0.8920440 0.1452102 0.4274386
3192840112.617532 -9.6622572 -0.8546855 18.6057587 0.0287452 0.9111146 0.1372729 0.3875566
3192840113.112535 -9.5473843 -0.7937765 18.3075581 0.0070808 0.8781139 0.1113322 0.4652645
3192840113.376537 -9.4974613 -0.7841778 18.1161480 -0.0090390 0.8377295 0.0974531 0.5372434
3192840113.706538 -9.4075832 -0.7511371 17.9779015 -0.0228369 0.7979893 0.0931262 0.5949950
3192840113.970541 -9.2757692 -0.7220098 17.9333744 -0.0286678 0.7723066 0.0773790 0.6298676
3192840114.201542 -9.1140928 -0.7350409 17.9181271 -0.0449593 0.7473063 0.0497807 0.6610854
3192840114.399543 -8.9639702 -0.7247646 17.8753700 -0.0726095 0.7063267 0.0764467 0.6999903
3192840114.564545 -8.8392668 -0.6946015 17.8521309 -0.0798168 0.6558555 0.0826765 0.7460881
3192840114.696547 -8.7306328 -0.6560544 17.8292580 -0.0865353 0.6137861 0.0808401 0.7805403
3192840114.861547 -8.5880260 -0.6385854 17.7968540 -0.0979064 0.5540449 0.0743970 0.8233551
3192840115.026548 -8.4760828 -0.6286298 17.7610664 -0.0937996 0.4962737 0.0595529 0.8610270
3192840115.224550 -8.3449287 -0.6010096 17.7594357 -0.0946375 0.4255487 0.0505279 0.8985538
3192840115.422550 -8.2501440 -0.5856165 17.7800102 -0.0850239 0.3733706 0.0242885 0.9234584
3192840115.752551 -8.1255598 -0.5851178 17.8539925 -0.0458269 0.3033052 -0.0301582 0.9513130
3192840115.884551 -8.0769691 -0.5911181 17.8740349 -0.0408680 0.2883272 -0.0339129 0.9560581
3192840116.676558 -7.7344508 -0.6201938 17.9222565 -0.0218932 0.1842129 -0.0400806 0.9818248
3192840117.105560 -7.5954037 -0.6264074 17.9395008 -0.0004691 0.1435732 -0.0391140 0.9888663
3192840117.567560 -7.5538816 -0.6575114 17.9788380 -0.0041166 0.1874944 -0.0439556 0.9812731
3192840117.699569 -7.5620947 -0.6770260 17.9785500 -0.0103034 0.2243890 -0.0459405 0.9733616
3192840117.831569 -7.5519414 -0.6871787 17.9901123 -0.0215383 0.2635124 -0.0446041 0.9633835
3192840117.930571 -7.5629435 -0.6979980 17.9688663 -0.0276279 0.2928125 -0.0400002 0.9549332
3192840118.161572 -7.6100163 -0.7227571 17.9238586 -0.0389849 0.3802277 -0.0169827 0.9239148
3192840118.293573 -7.6561766 -0.7445296 17.8937511 -0.0477792 0.4427536 0.0028043 0.8953650
3192840118.425571 -7.6991444 -0.7559566 17.8423653 -0.0615970 0.5017541 0.0272578 0.8623837
3192840118.557571 -7.7525034 -0.7525106 17.8257961 -0.0750029 0.5475620 0.0430529 0.8322841
3192840118.821576 -7.8460445 -0.7524375 17.7363453 -0.0711312 0.6218210 0.0629408 0.7773786
3192840119.052577 -7.9638181 -0.8014315 17.6055164 -0.0572056 0.6967196 0.0957709 0.7086164
3192840119.349579 -8.2658834 -0.8993001 17.4984512 -0.0377659 0.7782976 0.1343713 0.6121854
3192840119.646578 -8.4592094 -0.9469252 17.4839287 -0.0365135 0.8288193 0.1599881 0.5349103
3192840119.811580 -8.6133862 -0.9974298 17.4942398 -0.0267628 0.8586984 0.1725213 0.4818271
3192840120.009581 -8.7499943 -1.0648699 17.5088825 -0.0177930 0.8953645 0.1876049 0.4034974
3192840120.339583 -8.8219280 -1.1421623 17.3897114 -0.0506463 0.9175296 0.2214810 0.3263749
3192840120.768587 -8.8874292 -1.0935106 17.1160965 -0.0708306 0.8874022 0.2310018 0.3926049
3192840120.999588 -8.9553051 -1.0277071 16.9342747 -0.0717188 0.8351610 0.2188219 0.4994794
3192840121.131589 -8.9737759 -0.9981256 16.8223763 -0.0700128 0.8007885 0.1903080 0.5635768
3192840121.263592 -8.9672556 -0.9779210 16.7235432 -0.0596244 0.7635917 0.1734763 0.6190950
3192840121.428592 -8.9595337 -0.9656410 16.6149464 -0.0574253 0.7329453 0.1580967 0.6591654
3192840121.593593 -8.9299660 -0.9439189 16.5183048 -0.0626910 0.6989904 0.1198348 0.7022263
3192840121.725595 -8.8506575 -0.9185851 16.4235439 -0.0762327 0.6511919 0.0798031 0.7508457
3192840121.923596 -8.7192421 -0.8819076 16.2996216 -0.0896065 0.5870205 0.0556755 0.8026692
3192840122.220598 -8.6103239 -0.8328148 16.1679649 -0.0679047 0.5196488 0.0651118 0.8491846
3192840122.385599 -8.5658245 -0.8006340 16.1044235 -0.0531049 0.4735207 0.0550279 0.8774565
3192840122.550600 -8.5366211 -0.7853376 16.0299759 -0.0394856 0.4269620 0.0342969 0.9027558
3192840122.649601 -8.5045385 -0.7585405 16.0138664 -0.0301144 0.3924825 0.0125318 0.9191809
3192840122.781600 -8.4345636 -0.7272364 16.0088348 -0.0197668 0.3356590 0.0144262 0.9416656
3192840122.946599 -8.3657131 -0.7002877 16.0100098 -0.0250659 0.2895800 0.0024260 0.9568225
3192840123.078600 -8.3223696 -0.6937312 15.9729042 -0.0330331 0.2746797 -0.0068477 0.9609438
3192840123.276600 -8.2463741 -0.6970701 15.8879623 -0.0608397 0.2788461 -0.0306561 0.9579163
3192840123.408600 -8.1953182 -0.7193652 15.8089676 -0.0821957 0.2909451 -0.0417531 0.9522875
3192840123.507600 -8.1666050 -0.7346181 15.7218418 -0.0830617 0.3082075 -0.0287892 0.9472487
3192840123.639602 -8.1508904 -0.7718920 15.5859337 -0.0791073 0.3330818 -0.0099761 0.9395207
3192840123.870603 -8.0746384 -0.7694029 15.4263897 -0.0728455 0.3271046 0.0104970 0.9421178
3192840124.068604 -7.9946718 -0.7654352 15.3148518 -0.0789649 0.3128232 0.0170925 0.9463689
3192840124.332607 -7.8906741 -0.7659833 15.2344742 -0.0703157 0.2691475 0.0114931 0.9604599
3192840124.629609 -7.7499557 -0.7541083 15.1657696 -0.0750311 0.2516218 -0.0094987 0.9648661
3192840124.827611 -7.6215658 -0.7669511 15.1197119 -0.1164003 0.2555833 -0.0304915 0.9592697
3192840125.388614 -7.2974596 -0.7946688 14.9470415 -0.0985807 0.2253396 -0.0060731 0.9692611
3192840125.553615 -7.2087922 -0.8166711 14.8795872 -0.1057040 0.2111027 -0.0104372 0.9716756
3192840125.850617 -7.0487947 -0.8468947 14.7772751 -0.1083793 0.2136986 -0.0070954 0.9708432
3192840126.213620 -6.8468599 -0.8610523 14.7337418 -0.1189962 0.2242713 -0.0366923 0.9665381
3192840126.642623 -6.5746164 -0.9085493 14.7700939 -0.1220677 0.2074643 -0.0587736 0.9688156
3192840126.873623 -6.4118824 -0.8977115 14.8375816 -0.0892511 0.1500001 -0.0437174 0.9836783
3192840127.071624 -6.2561741 -0.8939234 14.8987255 -0.0696177 0.0924985 -0.0442202 0.9922913
3192840127.236626 -6.1488838 -0.9096798 14.9000502 -0.0518144 0.0723983 -0.0421762 0.9951356
3192840127.533628 -6.0053248 -0.9423645 14.9082165 -0.0603402 0.0760821 -0.0405426 0.9944480
3192840127.863630 -5.8877211 -0.9395992 14.9924669 -0.0349185 0.0792834 -0.0780612 0.9931774
3192840128.523633 -5.5810342 -0.9836552 15.2759447 0.0044826 0.0403042 -0.0576687 0.9975118
3192840128.721635 -5.4483891 -1.0038038 15.3602991 0.0114449 0.0195514 -0.0564213 0.9981500
3192840129.051639 -5.3045344 -1.0269520 15.5423851 0.0041558 0.0010643 -0.0436424 0.9990380
3192840129.711643 -5.1047421 -1.0425684 16.0707874 0.0201630 -0.0636858 -0.0577033 0.9960963
3192840129.909643 -5.0247440 -1.0322398 16.2431240 0.0201490 -0.0919774 -0.0460347 0.9944923
3192840130.503259 -4.8289070 -1.0489032 16.8067360 -0.0042244 -0.1965521 -0.0269667 0.9801134
3192840130.767236 -4.7989655 -1.0478374 16.9580154 0.0067120 -0.1650549 -0.0493916 0.9850240
3192840130.932229 -4.7890735 -1.0667835 17.0517368 0.0037074 -0.1362415 -0.0611141 0.9887819
3192840131.493232 -4.6531415 -1.1058226 17.3864117 0.0002438 -0.1043763 -0.0475593 0.9934000
3192840131.790236 -4.6192684 -1.1069345 17.6435070 -0.0148946 -0.1253826 -0.0460227 0.9909285
3192840132.285240 -4.6522784 -1.1302544 17.8955307 -0.0059965 -0.0925862 -0.0677863 0.9933765
3192840133.341247 -4.6414170 -1.1482818 18.7370491 -0.0245366 -0.1012814 -0.0533797 0.9931217
3192840133.605249 -4.7241778 -1.1583011 18.8580093 -0.0083823 -0.0639409 -0.0441691 0.9969405
3192840133.836249 -4.7513738 -1.1858037 18.9646339 -0.0179115 -0.0245070 -0.0417372 0.9986674
3192840134.166252 -4.7060452 -1.1760026 19.2203770 -0.0272096 -0.0170466 -0.0326863 0.9989498
3192840135.948232 -4.6754351 -1.2271776 20.5585632 -0.0178016 -0.0558275 -0.0204011 0.9980732
3192840136.443225 -4.7332969 -1.2238759 20.8528976 -0.0295774 -0.0264413 -0.0461954 0.9981443
3192840136.938223 -4.7027621 -1.2462840 21.0897026 -0.0258867 0.0183332 -0.0194339 0.9993078
3192840137.664187 -4.6625123 -1.2523720 21.6421490 -0.0180792 -0.0117980 -0.0388819 0.9990106
3192840138.027155 -4.6908355 -1.2816911 21.8158855 0.0078868 0.0264810 -0.0373096 0.9989217
3192840138.687158 -4.5399418 -1.3103759 22.2482128 0.0243505 0.0337765 -0.0278475 0.9987445
3192840139.017086 -4.4859343 -1.2966702 22.5470905 0.0248933 -0.0225582 -0.0428990 0.9985145
3192840139.413085 -4.4443984 -1.3035593 22.8216248 0.0161525 -0.0037809 -0.0538037 0.9984137
3192840140.403092 -4.1991420 -1.3309752 23.5169926 -0.0008680 -0.0487809 -0.0431386 0.9978771
3192840140.799094 -4.2311921 -1.3270144 23.7449493 -0.0044219 -0.0192379 -0.0567763 0.9981918
3192840141.096097 -4.2334933 -1.3295884 23.8997574 -0.0125934 0.0159501 -0.0608841 0.9979379
3192840141.459099 -4.1865115 -1.3305988 24.1801071 -0.0347037 0.0000007 -0.0368141 0.9987194
3192840141.822101 -4.1715517 -1.3511474 24.4496231 -0.0288724 -0.0220186 -0.0233410 0.9990680
3192840142.119101 -4.1877680 -1.3382194 24.6282215 -0.0444897 -0.0002958 -0.0459927 0.9979506
3192840142.449102 -4.2168827 -1.3694479 24.7917747 -0.0336285 0.0371302 -0.0405851 0.9979195
3192840142.845106 -4.1296415 -1.3655940 25.0284691 -0.0361052 0.0498954 -0.0240128 0.9978127
3192840143.076107 -4.0601282 -1.3915720 25.1644573 -0.0181871 0.0463568 -0.0218751 0.9985198
3192840143.406109 -3.9958749 -1.3964942 25.4005795 -0.0398671 0.0471513 -0.0300459 0.9976395
3192840143.736167 -3.9624214 -1.4197645 25.5972595 -0.0499017 0.0902378 -0.0436525 0.9937109
3192840144.000478 -3.9074221 -1.4672272 25.7249928 -0.0594011 0.1294299 -0.0299473 0.9893546
3192840144.429558 -3.7344398 -1.4825207 25.9698181 -0.0407105 0.1078139 -0.0180908 0.9931725
3192840144.759561 -3.5963886 -1.4796569 26.2126884 -0.0620377 0.0742588 -0.0330949 0.9947571
3192840145.221563 -3.4446707 -1.5242953 26.4484787 -0.0716850 0.1014023 -0.0649366 0.9901323
3192840145.551565 -3.2692289 -1.5400965 26.6404228 -0.0725426 0.0833165 -0.0301808 0.9934209
3192840145.848559 -3.0767963 -1.5533745 26.7859955 -0.0738754 0.0567952 -0.0319896 0.9951349
3192840146.145221 -2.9262190 -1.5775146 26.9447365 -0.0547257 0.0169200 -0.0508305 0.9970632
3192840146.508155 -2.7780352 -1.5615907 27.1705647 -0.0614671 -0.0072907 -0.0727430 0.9954281
3192840146.937163 -2.5832105 -1.6068640 27.3618412 -0.0678488 -0.0272100 -0.0684590 0.9949721
3192840147.102112 -2.4881170 -1.6067884 27.4452114 -0.0606178 -0.0545075 -0.0741836 0.9939070
3192840147.299915 -2.3752029 -1.6134174 27.5855350 -0.0622095 -0.1021351 -0.0838623 0.9892753
3192840147.530831 -2.2757235 -1.6114762 27.7134628 -0.0595957 -0.1373596 -0.0756739 0.9858266
3192840148.322685 -2.2283473 -1.6134858 27.9434872 -0.0555109 -0.1433354 -0.0900947 0.9840002
3192840148.718689 -2.2126083 -1.5790267 28.0934181 -0.0456243 -0.1932505 -0.0799244 0.9768238
3192840148.916532 -2.2169075 -1.5409529 28.2051983 -0.0344732 -0.2466685 -0.0797268 0.9651994
3192840150.335531 -2.2192326 -1.5612550 28.1879768 -0.0604242 -0.2274544 -0.0837181 0.9682999
3192840153.668571 -1.9876919 -1.6408477 28.3304157 -0.0806882 -0.2452357 -0.0612994 0.9641531
3192840154.295583 -1.9160061 -1.6722357 28.4208946 -0.0608278 -0.2276677 -0.0637918 0.9697412
3192840155.186592 -2.0186520 -1.6555066 28.7876282 -0.0670101 -0.2629620 -0.1113746 0.9560106
3192840155.516593 -2.0061131 -1.6424627 29.0006523 -0.0644365 -0.3215394 -0.0950542 0.9399070
3192840156.077514 -2.0239182 -1.6748199 29.1708565 -0.0840758 -0.3090595 -0.0977850 0.9422588
3192840156.407521 -2.1139202 -1.6955481 29.1718903 -0.0690114 -0.2624240 -0.1046956 0.9567706
3192840156.605524 -2.1337938 -1.6998887 29.1797810 -0.0638027 -0.2434623 -0.1217427 0.9601219
3192840156.836527 -2.2444420 -1.6772575 29.3530178 -0.1087008 -0.2666310 -0.1225473 0.9497759
3192840157.034528 -2.3174238 -1.6207128 29.5386963 -0.1349402 -0.3309678 -0.1333530 0.9243746
3192840157.199531 -2.3791990 -1.5561242 29.7024021 -0.1545449 -0.4354117 -0.1437365 0.8751413
3192840157.331533 -2.4329262 -1.5421233 29.8175011 -0.1736545 -0.5335214 -0.1629745 0.8115654
3192840157.496535 -2.4977422 -1.4954703 29.9104118 -0.1724378 -0.6269538 -0.1639062 0.7418415
3192840157.694538 -2.5606756 -1.4359968 29.9463425 -0.1499336 -0.6987963 -0.1574076 0.6814885
3192840157.925475 -2.6520000 -1.3516322 29.9848251 -0.1292112 -0.7597126 -0.1536242 0.6184988
3192840158.156457 -2.7987876 -1.3143212 29.9765301 -0.1026962 -0.8081339 -0.1468707 0.5610723
3192840158.420239 -2.9646788 -1.2665522 29.8944740 -0.0661496 -0.8392221 -0.1378888 0.5218402
3192840158.585119 -3.0588694 -1.2435501 29.8253899 0.0467586 0.8565836 0.1334599 -0.4962525
3192840158.783118 -3.1571321 -1.2317359 29.7791290 0.0446021 0.8711499 0.1313287 -0.4710215
3192840158.915121 -3.2266378 -1.2203710 29.7544994 0.0424541 0.8857147 0.1285083 -0.4440638
3192840159.080120 -3.3357191 -1.1933765 29.7155399 0.0451710 0.9023710 0.1295208 -0.4085468
3192840159.245152 -3.4640217 -1.1426234 29.6671295 0.0400136 0.9212235 0.1217720 -0.3673114
3192840159.410186 -3.5886450 -1.1202753 29.6429100 0.0343766 0.9447402 0.1031829 -0.3092530
3192840159.542537 -3.6918221 -1.0976171 29.6063881 0.0287495 0.9582630 0.0853217 -0.2713405
3192840159.707778 -3.8093643 -1.0577679 29.5516911 0.0229516 0.9708598 0.0676441 -0.2287547
3192840160.566021 -3.9879465 -1.0401896 29.2923260 -0.0107569 0.9768664 0.0632289 -0.2040057
3192840161.292033 -4.1919861 -1.0154564 29.0175762 0.0134542 0.9819146 0.0607307 -0.1788139
3192840161.589037 -4.3187823 -1.0048113 28.9193058 0.0207308 0.9877549 0.0410388 -0.1490850
3192840161.853187 -4.3930821 -1.0001174 28.8431034 0.0378911 0.9913043 0.0119257 -0.1254502
3192840162.645438 -4.4094734 -1.0041411 28.6558247 0.0257655 0.9851893 0.0297046 -0.1669007
3192840162.908934 -4.3298206 -1.0585251 28.6209335 0.0212527 0.9743289 0.0400685 -0.2205130
3192840163.172825 -4.3191042 -1.0678401 28.5455647 0.0057527 0.9629117 0.0822897 -0.2568975
3192840163.700833 -4.5071354 -0.9965653 28.2655258 0.0373442 0.9808667 0.0791638 -0.1738935
3192840164.163230 -4.6544280 -0.9631922 28.0856361 0.0538096 0.9909398 0.0380152 -0.1170372
3192840164.559478 -4.7309093 -0.9562471 27.9278870 0.0561688 0.9905486 0.0761940 -0.0992624
3192840165.021503 -4.6720943 -0.9713950 27.7959995 0.0500510 0.9878224 0.0640384 -0.1326682
3192840165.318517 -4.6337552 -0.9304394 27.6009922 0.0195093 0.9930964 0.0530632 -0.1027778
3192840165.780861 -4.6849208 -0.9245288 27.4330597 0.0467881 0.9924261 0.0751482 -0.0851705
3192840166.308892 -4.7566419 -0.9612525 27.3549023 0.0889731 0.9883917 0.0375057 -0.1172985
3192840166.506763 -4.7701039 -0.9825799 27.3603020 0.1046003 0.9792370 0.0527014 -0.1654577
3192840166.638570 -4.7487154 -1.0125191 27.3799438 0.1063660 0.9676312 0.0784949 -0.2149759
3192840166.770108 -4.7134151 -1.0464976 27.4031754 0.1060416 0.9531727 0.0910158 -0.2682036
3192840166.901763 -4.6507397 -1.0931487 27.4287682 0.1083673 0.9353454 0.0940181 -0.3233361
3192840167.033538 -4.5635767 -1.1550298 27.4578667 0.1186950 0.9073992 0.0896029 -0.3930769
3192840167.165267 -4.4664259 -1.2337763 27.4831352 0.1287979 0.8706678 0.0882900 -0.4664264
3192840167.297102 -4.3784547 -1.2745715 27.4791775 -0.1263432 -0.8350252 -0.0991158 0.5262569
3192840167.462112 -4.2451735 -1.3483267 27.4994850 -0.1426181 -0.7743721 -0.1221063 0.6042334
3192840167.561113 -4.1696825 -1.3990837 27.4935188 -0.1503761 -0.7280083 -0.1332544 0.6554648
3192840167.693114 -4.0794768 -1.4684718 27.4790287 -0.1536423 -0.6734380 -0.1378547 0.7098389
3192840167.924115 -3.9551678 -1.5308273 27.4657383 -0.1554689 -0.5971050 -0.1244865 0.7770445
3192840168.122317 -3.7754087 -1.6172838 27.4578152 -0.1683716 -0.5165291 -0.1110030 0.8321820
3192840168.287316 -3.6590910 -1.6670294 27.4667892 -0.1806398 -0.4561259 -0.0966737 0.8660096
3192840168.518314 -3.5231981 -1.7346039 27.4415359 -0.1882579 -0.4097990 -0.0821777 0.8887466
3192840168.683316 -3.4418221 -1.7743397 27.4112434 -0.1926131 -0.3749012 -0.0770690 0.9035539
3192840168.848315 -3.3950119 -1.8144531 27.3689880 -0.1936030 -0.3344199 -0.0741841 0.9193356
3192840169.112316 -3.3685288 -1.8536291 27.3177891 -0.1888524 -0.2816676 -0.0647748 0.9385107
3192840169.442318 -3.3960323 -1.8944798 27.2093105 -0.1682062 -0.2144834 -0.0515077 0.9607552
3192840169.706321 -3.4412584 -1.9439602 27.1224117 -0.1468056 -0.1449905 -0.0449609 0.9774479
3192840170.003324 -3.4805200 -1.9602389 27.0803528 -0.1310001 -0.0753097 -0.0389913 0.9877485
3192840170.201345 -3.5122294 -1.9715319 27.0361290 -0.1284932 -0.0260753 -0.0446840 0.9903600
3192840170.432352 -3.5149295 -1.9863682 27.0275345 -0.1240879 0.0072932 -0.0434113 0.9912943
3192840171.356372 -3.3735731 -1.9638371 27.4084644 -0.1096933 -0.1240590 -0.0606013 0.9843293
3192840171.818315 -3.3922558 -1.8913479 27.6652069 -0.1583768 -0.2338281 -0.0780976 0.9561077
3192840172.016267 -3.4607973 -1.8359280 27.7919273 -0.1753121 -0.2952052 -0.0923213 0.9346638
3192840172.148219 -3.5383463 -1.7876530 27.8780708 -0.1825123 -0.3577007 -0.1009305 0.9102486
3192840172.280220 -3.6340284 -1.7298970 27.9419174 -0.1840555 -0.4170472 -0.1138000 0.8827484
3192840172.412221 -3.7430239 -1.6698980 27.9841003 -0.1751484 -0.4782793 -0.1284035 0.8509315
3192840172.511222 -3.8369660 -1.6200910 28.0040207 -0.1663845 -0.5210243 -0.1358054 0.8260791
3192840172.676309 -3.9834337 -1.5601301 28.0091667 -0.1534449 -0.5827826 -0.1466752 0.7844141
3192840172.841343 -4.1165762 -1.4895005 28.0220413 -0.1465918 -0.6428280 -0.1540876 0.7358941
3192840172.973343 -4.2208452 -1.4424294 28.0373116 -0.1495913 -0.6875376 -0.1641911 0.6913434
3192840173.105344 -4.3046865 -1.3893961 28.0480938 -0.1491723 -0.7323058 -0.1663883 0.6432657
3192840173.204345 -4.3657112 -1.3483529 28.0442028 -0.1450106 -0.7659449 -0.1677646 0.6034529
3192840173.303322 -4.4297447 -1.3087533 28.0449657 -0.1402290 -0.7971014 -0.1684071 0.5626759
3192840173.402323 -4.4865465 -1.2832155 28.0456066 -0.1325769 -0.8251882 -0.1703537 0.5219840
3192840173.435324 -4.4998918 -1.2761984 28.0448666 -0.1272557 -0.8347871 -0.1689420 0.5083258
3192840173.468323 -4.5047975 -1.2742534 28.0435143 0.1215855 0.8442855 0.1681201 -0.4940997
3192840173.501295 -4.5079718 -1.2729349 28.0430870 0.1161305 0.8536712 0.1676474 -0.4792218
3192840173.534285 -4.5102768 -1.2724683 28.0414028 0.1103749 0.8623707 0.1672045 -0.4649481
3192840173.567255 -4.5154171 -1.2714100 28.0398922 0.1054402 0.8707006 0.1666458 -0.4505464
3192840173.600220 -4.5172577 -1.2694407 28.0376148 0.0990179 0.8783138 0.1662161 -0.4371870
3192840173.765188 -4.5372972 -1.2552624 28.0250549 0.0715591 0.9130780 0.1650365 -0.3659656
3192840173.963192 -4.5487347 -1.2473149 28.0118599 0.0507960 0.9458158 0.1685631 -0.2728346
3192840174.326884 -4.6724682 -1.1263928 27.7458649 0.0235245 0.9762484 0.1444146 -0.1597816
3192840174.822034 -4.6668377 -1.0945110 27.4548492 -0.0032618 0.9826691 0.1180217 -0.1429048
3192840175.317540 -4.7869549 -1.0440993 27.1618385 0.0146737 0.9872575 0.1199655 -0.1035155
3192840175.515942 -4.8460674 -1.0328951 27.0244389 0.0176027 0.9923586 0.1085468 -0.0559666
3192840175.812942 -4.9438667 -1.0026059 26.8267517 0.0154104 0.9960735 0.0871751 0.0006923
3192840176.340946 -4.9639187 -0.9693229 26.5205879 0.0242650 0.9954696 0.0900410 0.0185501
3192840176.769949 -4.9333315 -0.9820077 26.3266678 0.0362676 0.9970315 0.0679112 -0.0009182
3192840177.198952 -4.9953880 -0.9544680 26.1081314 0.0515199 0.9959677 0.0686110 0.0262012
3192840177.693955 -5.0982366 -0.9734514 25.8894730 0.0605796 0.9962419 0.0596428 0.0165822
3192840178.089958 -5.0995326 -0.9720385 25.7278080 0.0469246 0.9969955 0.0597286 -0.0151850
3192840178.452648 -5.0566502 -1.0313442 25.6008492 0.0441077 0.9932433 0.0458730 -0.0970460
3192840179.145560 -5.2903371 -0.9910712 25.2590179 0.0313977 0.9967759 0.0631565 -0.0382522
3192840179.574659 -5.4200125 -0.9846208 25.1035366 0.0292401 0.9960350 0.0729983 -0.0415998
3192840179.871483 -5.4397802 -1.0014136 25.0199280 0.0275670 0.9920820 0.0780014 -0.0944939
3192840180.102206 -5.4191937 -1.0426313 24.9665565 0.0051860 0.9892154 0.0639195 -0.1316826
3192840180.365356 -5.4662085 -1.0650871 24.8846054 0.0077460 0.9851965 0.0895837 -0.1459543
3192840180.662432 -5.6113925 -1.0029283 24.7098999 0.0163357 0.9889513 0.1054221 -0.1029306
3192840180.894177 -5.8712306 -0.9865937 24.5039692 0.0282292 0.9912549 0.1281098 0.0143100
3192840181.092967 -5.9739466 -0.9521608 24.3644657 0.0236867 0.9904876 0.1172271 0.0680526
3192840181.323967 -6.0455933 -0.9344440 24.2435799 0.0231285 0.9884905 0.1026621 0.1086831
3192840181.818970 -6.1594310 -0.9364491 23.9880867 -0.0147684 0.9852232 0.0921022 0.1436469
3192840182.082971 -6.2485933 -0.9370742 23.8299599 -0.0158962 0.9780984 0.0964666 0.1837527
3192840182.346973 -6.3526468 -0.9049671 23.6734238 -0.0040124 0.9706624 0.0817528 0.2260862
3192840182.544975 -6.4476800 -0.8908370 23.5234909 -0.0009488 0.9581518 0.0802477 0.2747809
3192840182.709973 -6.5081072 -0.8794156 23.4281235 0.0021640 0.9502942 0.0658950 0.3042929
3192840182.841974 -6.5417042 -0.8670418 23.3319817 0.0144077 0.9400437 0.0765472 0.3320404
3192840183.336974 -6.5434237 -0.8589146 23.0928421 -0.0012329 0.9308700 0.0771420 0.3571116
3192840183.831979 -6.5337777 -0.8996851 22.8787441 0.0047157 0.9268011 0.0942298 0.3635081
3192840184.458980 -6.5910025 -0.8716974 22.4942055 0.0149191 0.8959380 0.0882933 0.4350595
3192840184.722982 -6.5527339 -0.8547194 22.3299961 0.0034133 0.8757285 0.1025914 0.4717658
3192840184.953984 -6.5304661 -0.8807788 22.2710953 -0.0149159 0.8905223 0.1197132 0.4386529
3192840185.448987 -6.5437131 -1.0135140 22.1924210 -0.0099006 0.9495337 0.1345919 0.2831480
3192840185.910991 -6.6015759 -1.0376816 22.0138969 0.0182194 0.9659962 0.1481815 0.2110962
3192840186.108993 -6.6241283 -1.0739174 21.9742107 0.0304061 0.9766026 0.1228104 0.1738978
3192840186.339993 -6.6328940 -1.1065726 21.9095516 0.0301106 0.9821873 0.1420469 0.1192649
3192840186.603996 -6.5944424 -1.1121716 21.8088589 0.0208694 0.9866785 0.1438426 0.0730699
3192840186.801931 -6.5408678 -1.1390200 21.7196541 0.0136021 0.9886741 0.1420818 0.0463818
3192840187.098776 -6.5092902 -1.1315923 21.5406742 0.0150460 0.9862691 0.1590005 0.0420221
3192840187.494781 -6.5403900 -1.0851803 21.2676296 0.0476144 0.9812255 0.1802136 0.0495231
3192840187.791784 -6.5470600 -1.0880594 21.0767174 0.0417990 0.9795640 0.1913401 0.0457835
3192840188.154790 -6.5120082 -1.0860434 20.9068661 0.0338559 0.9781616 0.2050640 -0.0015783
3192840188.352792 -6.4643087 -1.1262259 20.8280945 0.0242900 0.9782487 0.1998234 -0.0501004
3192840188.517793 -6.4395084 -1.1561303 20.7594204 0.0203339 0.9767805 0.1969035 -0.0819470
3192840188.781756 -6.4515390 -1.1548867 20.6203766 0.0353156 0.9723728 0.2074347 -0.1010679
3192840189.144636 -6.5036087 -1.1392241 20.3893986 0.0511888 0.9762874 0.1857452 -0.0986983
3192840189.474458 -6.5101228 -1.1043701 20.1497173 0.0448340 0.9784610 0.1863041 -0.0767769
3192840189.837466 -6.4453602 -1.0792384 19.8994675 0.0308580 0.9783346 0.1860318 -0.0854480
3192840190.035470 -6.4140806 -1.0430913 19.7230148 0.0257592 0.9800664 0.1844452 -0.0691830
3192840190.167474 -6.4158182 -1.0143676 19.6124268 0.0194804 0.9802375 0.1908178 -0.0484101
3192840190.332475 -6.4301863 -0.9778228 19.4820652 0.0236609 0.9803988 0.1943911 -0.0216904
3192840190.497478 -6.4533863 -0.9455137 19.3620567 0.0260853 0.9809602 0.1924219 -0.0032172
3192840190.662479 -6.4747925 -0.9481282 19.2508144 0.0234294 0.9824538 0.1846076 0.0124731
3192840190.860479 -6.4931130 -0.9394541 19.1173019 0.0264246 0.9834282 0.1772720 0.0273016
3192840191.223705 -6.4715705 -0.9011140 18.9020424 0.0267647 0.9799464 0.1957304 0.0260454
3192840191.487710 -6.4202881 -0.9357948 18.8002014 0.0298659 0.9791569 0.1976579 -0.0359317
3192840191.685711 -6.4072151 -0.9602861 18.7302933 0.0454916 0.9730531 0.2111638 -0.0806721
3192840191.850714 -6.4102054 -0.9748573 18.6868553 0.0644674 0.9641311 0.2224556 -0.1296488
3192840192.016052 -6.4208002 -0.9897261 18.6614666 0.0818758 0.9467523 0.2406437 -0.1976033
3192840192.181054 -6.4634895 -1.0206757 18.6217690 0.0955056 0.9317782 0.2409331 -0.2542033
3192840192.609719 -6.5089002 -1.0788174 18.5619965 0.1157904 0.8885985 0.2204250 -0.3852248
3192840192.807545 -6.5179577 -1.0611881 18.5624084 0.1516442 0.8390177 0.1922439 -0.4858968
3192840193.235939 -6.4456549 -1.0986701 18.4198608 -0.1960188 -0.7021828 -0.1292752 0.6721636
3192840193.565712 -6.3499346 -1.1658912 18.3413811 -0.2043192 -0.5912654 -0.1127252 0.7719792
3192840193.895613 -6.3344345 -1.1858549 18.2971992 -0.2080171 -0.5041662 -0.0772035 0.8346167
3192840194.423547 -7.1125870 -0.8446212 18.4682999 -0.1673312 -0.2425752 -0.0411165 0.9547078
3192840194.720761 -7.5570540 -0.6027064 18.6494770 -0.1373960 -0.0908568 -0.0288868 0.9859173
3192840194.951802 -7.5709190 -0.5868735 18.5627556 -0.1167508 -0.0271161 -0.0274060 0.9924126
3192840195.117049 -7.5709343 -0.5787725 18.4762745 -0.1036439 0.0176439 -0.0319499 0.9939446
3192840195.249150 -7.5769119 -0.5817528 18.4004650 -0.0915897 0.0518616 -0.0300311 0.9939919
3192840195.447457 -7.5734415 -0.5826571 18.2893181 -0.0867201 0.0885149 -0.0168598 0.9921494
3192840195.579639 -7.5875053 -0.5896695 18.2720222 -0.0974170 0.1092729 -0.0112415 0.9891628
3192840195.711808 -7.5902367 -0.5958793 18.2065430 -0.0990215 0.1324082 -0.0012222 0.9862359
3192840195.943046 -7.6670265 -0.6288049 18.0607986 -0.0804443 0.1892233 -0.0031306 0.9786283
3192840196.174048 -7.7794495 -0.6279957 17.9528885 -0.0740910 0.2338691 0.0081158 0.9694070
3192840196.933051 -8.0528984 -0.6563094 17.7078342 -0.0798703 0.4312325 0.0565171 0.8969198
3192840197.065052 -8.1156511 -0.6722713 17.6206207 -0.0807072 0.4776200 0.0670668 0.8722773
3192840197.197053 -8.1856556 -0.6953999 17.5335426 -0.0861956 0.5192240 0.0768529 0.8468001
3192840197.395053 -8.2765741 -0.7169776 17.3878155 -0.0877203 0.5577413 0.0891721 0.8205353
3192840197.626056 -8.3848028 -0.7505338 17.2290916 -0.0831507 0.6052041 0.1030634 0.7849789
3192840197.791056 -8.4581051 -0.8090682 17.1393604 -0.0733575 0.6621074 0.1223050 0.7357132
3192840197.923057 -8.5407495 -0.8710033 17.0741539 -0.0627410 0.7057399 0.1424837 0.6911535
3192840198.022056 -8.5996037 -0.9089439 17.0523529 -0.0563441 0.7365839 0.1517675 0.6566857
3192840198.121057 -8.6362047 -0.9167044 17.0421371 -0.0515542 0.7661853 0.1583903 0.6206567
3192840198.286056 -8.6851387 -0.9428692 17.0318146 -0.0513481 0.8063485 0.1630232 0.5662056
3192840198.715055 -8.6510639 -0.9992747 16.8882523 -0.0611526 0.8418961 0.1611248 0.5113806
3192840199.144056 -8.6349792 -0.9972150 16.6230278 -0.0483102 0.8420548 0.1730743 0.5085815
3192840199.507059 -8.6578941 -1.0265296 16.3721924 -0.0410802 0.8407008 0.1487411 0.5190479
3192840199.969059 -8.5485029 -1.0370023 16.0752048 -0.0631794 0.8440462 0.1288666 0.5167086
3192840200.365063 -8.4109249 -1.0548611 15.7973566 -0.0702001 0.8327212 0.1294546 0.5337498
3192840200.662067 -8.2228880 -1.0078232 15.5539379 -0.0863029 0.7683719 0.1219001 0.6223317
3192840200.893069 -8.1086054 -1.0097626 15.3929949 -0.0943240 0.7173846 0.1094052 0.6815371
3192840201.157069 -7.9349899 -0.9685011 15.2400036 -0.1197415 0.6297552 0.0991526 0.7610776
3192840201.388071 -7.7706013 -0.9451531 15.1424046 -0.1317246 0.5660011 0.0719393 0.8106270
3192840201.586073 -7.6135416 -0.9033834 15.0707760 -0.1288460 0.4747430 0.0536904 0.8689851
3192840201.817076 -7.4815078 -0.8386108 15.0371571 -0.1217711 0.3993990 0.0397546 0.9077840
3192840201.982076 -7.3635135 -0.8226078 14.9997549 -0.1165967 0.3285183 0.0209076 0.9370399
3192840202.114075 -7.2554150 -0.8310720 14.9862080 -0.1067000 0.2640774 0.0061482 0.9585617
3192840202.180077 -7.2195711 -0.8284217 14.9811649 -0.0958656 0.2387398 -0.0043529 0.9663302
3192840202.279076 -7.1595860 -0.8355976 14.9763584 -0.0851729 0.2072318 -0.0095254 0.9745306
3192840204.589091 -5.8884878 -0.9795929 14.7807512 -0.0146993 0.1445107 -0.0309217 0.9889107
3192840205.183095 -5.5432816 -1.0142791 14.8406239 0.0033325 0.1101281 -0.0283342 0.9935079
3192840206.140101 -5.4924583 -1.0341556 14.8774948 -0.0293839 0.1605180 -0.0281902 0.9861926
3192840206.668104 -5.5618310 -1.0023115 14.8559971 -0.1180587 0.2739924 0.0259940 0.9541041
3192840206.734105 -5.5783195 -1.0135384 14.8338337 -0.1298068 0.2926999 0.0312950 0.9468356
3192840206.833105 -5.5773802 -0.9957235 14.8163939 -0.1398497 0.3167027 0.0355440 0.9374850
3192840206.965103 -5.6311817 -1.0386711 14.7711420 -0.1458141 0.3561855 0.0495691 0.9216361
3192840207.262103 -5.7651968 -1.1114777 14.7655516 -0.1621926 0.4501465 0.0672285 0.8755239
3192840208.351110 -5.8825951 -1.3032554 14.5691833 -0.1124060 0.7063692 0.1898498 0.6725806
3192840210.100120 -4.9054432 -1.2906380 14.3559427 -0.0333009 0.7638140 0.0852258 0.6389178
3192840210.991126 -4.2682981 -1.3016357 14.2189550 0.0057588 0.7873651 0.0717668 0.6122685
3192840211.519130 -3.8661709 -1.2893200 14.1742582 -0.0128536 0.7931917 0.0840172 0.6030115
3192840211.915133 -3.6298137 -1.3009021 14.1308737 -0.0065847 0.8152338 0.0898451 0.5720825
3192840212.674138 -3.2002697 -1.2776024 13.9261265 -0.0072473 0.8270812 0.0756477 0.5569215
3192840213.433145 -2.7452526 -1.2544816 13.7808819 -0.0076739 0.8572305 0.0898201 0.5069807
3192840213.730145 -2.5934730 -1.2496629 13.6807384 0.0131568 0.8625189 0.0761716 0.5000859
3192840214.060148 -2.3520322 -1.2540748 13.5678787 -0.0019149 0.8543980 0.0767358 0.5139182
3192840216.337166 -0.8165369 -1.1882591 12.5262384 0.0222227 0.8576573 0.0815959 0.5072202
3192840216.766169 -0.5623269 -1.1634953 12.3167648 0.0210093 0.8639283 0.0789632 0.4969420
3192840217.030170 -0.4108243 -1.1935518 12.2117558 0.0175574 0.8783025 0.0852935 0.4701079
3192840217.327174 -0.2925496 -1.1981449 12.0833302 0.0287285 0.8883634 0.0797101 0.4512555
3192840217.591175 -0.1926603 -1.1599882 11.9207706 0.0309399 0.8934318 0.0771757 0.4414365
3192840218.284180 0.1727929 -1.1264322 11.4601784 0.0170247 0.9010636 0.0757112 0.4266877
3192840219.604190 0.7829833 -1.0950048 10.5813465 0.0221540 0.9066269 0.0775087 0.4141608
3192840219.835193 0.8974833 -1.0944657 10.4352713 0.0212639 0.9036894 0.0828141 0.4195655
3192840220.132195 1.0229726 -1.0667653 10.2433376 0.0271461 0.8980336 0.0806159 0.4316247
3192840220.396196 1.1363411 -1.0604897 10.0831461 0.0330286 0.8938242 0.0711390 0.4415050
3192840220.825201 1.3899980 -1.0492451 9.8725309 0.0141175 0.8908128 0.0966141 0.4437556
3192840221.386204 1.5570891 -1.0701122 9.7044754 0.0321817 0.9014428 0.0796288 0.4242929
3192840221.683207 1.5782986 -1.0587533 9.6803646 0.0342177 0.9158641 0.0508895 0.3967776
3192840222.079210 1.5795612 -1.0630336 9.6857090 0.0199343 0.9333900 0.0428310 0.3557405
3192840222.343212 1.5825887 -1.1008449 9.6935825 0.0082822 0.9410622 0.1218279 0.3154226
3192840222.541214 1.5322454 -1.1431568 9.7843819 0.0078318 0.9535243 0.1481385 0.2622690
3192840223.300218 1.6525698 -1.1076282 9.8101778 0.0227060 0.9588198 0.0321036 0.2812799
3192840223.498220 1.6542137 -1.1007438 9.8331861 0.0319685 0.9595936 0.0024484 0.2795571
3192840223.861222 1.6247606 -1.0981209 9.8511887 0.0340252 0.9638199 -0.0304319 0.2626162
3192840224.389226 1.6234941 -1.0973798 9.8518209 0.0250678 0.9815007 -0.0196129 0.1887946
3192840224.587227 1.6180060 -1.1095984 9.8876076 0.0238776 0.9892203 -0.0093086 0.1441748
3192840224.785229 1.6177812 -1.1116810 9.8956137 0.0233172 0.9948402 -0.0061927 0.0985442
3192840224.950229 1.6132610 -1.1233993 9.9329500 0.0229265 0.9979508 -0.0031587 0.0596545
3192840225.115231 1.6337889 -1.1324326 9.9880648 0.0200532 0.9996070 -0.0015063 0.0195299
3192840225.412232 1.6402005 -1.1414044 10.0310488 0.0173962 0.9995780 0.0097925 -0.0211019
3192840225.610233 1.6419582 -1.1422532 10.0360937 0.0219958 0.9977605 0.0284138 -0.0564168
3192840225.841236 1.6457587 -1.1453764 10.0440435 0.0266021 0.9954519 0.0400503 -0.0822419
3192840225.907237 1.6503154 -1.1472602 10.0509615 0.0295858 0.9947257 0.0479474 -0.0857118
3192840226.138237 1.6483519 -1.1458886 10.0482731 0.0347254 0.9926267 0.0664096 -0.0952691
3192840226.600240 1.6486993 -1.1472509 10.0521088 0.0410916 0.9833961 0.0853990 -0.1547597
3192840226.732241 1.6550194 -1.1501900 10.0628757 0.0454647 0.9787061 0.0955988 -0.1758642
3192840226.864242 1.6611209 -1.1541052 10.0722980 0.0506282 0.9720621 0.1081917 -0.2020563
3192840226.996243 1.6889629 -1.1680309 10.1163931 0.0540943 0.9655302 0.1207640 -0.2241456
3192840227.557247 1.5852677 -1.1134565 9.9511099 0.0552995 0.9774109 0.1652103 -0.1196476
3192840227.722248 1.5597126 -1.1106606 9.9087648 0.0452155 0.9826792 0.1715919 -0.0534168
3192840228.184251 1.5057690 -1.0618939 9.7219944 0.0322215 0.9761138 0.1772026 0.1215023
3192840228.514253 1.5803370 -1.0116513 9.6485128 0.0184882 0.9620811 0.1751900 0.2082462
3192840229.405259 1.6426024 -1.0419301 9.4550848 -0.0232535 0.8909281 0.1966961 0.4086772
3192840229.636261 1.7939417 -0.9867226 9.3602076 -0.0422085 0.8610422 0.1897123 0.4699298
3192840230.098264 1.9822544 -0.9786505 9.3983278 -0.0594508 0.8158436 0.1785253 0.5468030
3192840230.461267 2.1495106 -0.9797036 9.5005808 -0.0560984 0.7903513 0.1605943 0.5885637
3192840230.890269 2.3585966 -1.0006493 9.5607538 -0.0514554 0.7697221 0.1435934 0.6198881
3192840231.418272 2.7306962 -1.0213674 9.5168104 -0.0128450 0.7497809 0.1094559 0.6524439
3192840231.946276 3.1394055 -1.0120814 9.5527010 -0.0225104 0.7534611 0.1096790 0.6478890
3192840232.441279 3.5292628 -1.0442082 9.5344915 -0.0000321 0.7616687 0.0951688 0.6409397
3192840232.837282 3.8647780 -1.0635126 9.4509964 0.0269136 0.7557098 0.0842812 0.6489030
3192840233.134283 4.1226439 -1.0510389 9.4368114 0.0013664 0.7577273 0.0886505 0.6465204
3192840233.431286 4.3729801 -1.0711455 9.4248457 0.0149673 0.7711630 0.0793944 0.6314904
3192840233.893289 4.7592907 -1.0428447 9.2900610 0.0078335 0.7745505 0.0982709 0.6247823
3192840234.586294 5.3221874 -1.0491934 9.1304092 0.0041982 0.7680990 0.1011804 0.6322727
3192840235.147298 5.7311997 -1.0409511 8.9630966 -0.0061621 0.7483191 0.1137539 0.6534835
3192840235.378298 5.8824463 -1.0553983 8.8523388 -0.0013589 0.7156100 0.1046668 0.6906124
3192840235.543301 6.0437984 -1.0385876 8.8138628 -0.0140470 0.7032397 0.1090914 0.7023928
3192840236.170305 6.6906834 -0.9923414 8.6657782 -0.0380482 0.6431500 0.0942507 0.7589646
3192840236.467308 7.0004416 -0.9512334 8.6153688 -0.0341818 0.5896556 0.1042442 0.8001693
3192840236.731309 7.2505512 -0.9374211 8.5800219 -0.0126135 0.5364991 0.0843544 0.8395796
3192840236.896309 7.3736558 -0.9297884 8.5732393 -0.0041807 0.5179923 0.0824575 0.8513914
3192840237.325314 7.6540918 -0.9274189 8.5898981 -0.0322122 0.5141488 0.0931208 0.8520222
3192840237.556315 7.7149382 -0.9637480 8.6164942 -0.0093330 0.5601081 0.0729610 0.8251476
3192840237.853317 7.8460894 -0.9774473 8.6070690 -0.0051278 0.5877488 0.0762364 0.8054273
3192840238.084319 7.9634962 -0.9804921 8.5807896 -0.0102093 0.6069960 0.0863323 0.7899357
3192840238.348321 8.0820770 -1.0051419 8.5788670 -0.0002305 0.6377452 0.0791350 0.7661715
3192840238.711324 8.3648062 -0.9977622 8.6268091 -0.0294873 0.6333775 0.0964646 0.7672405
3192840239.008325 8.4982052 -1.0457548 8.6077299 -0.0325385 0.6627789 0.1087176 0.7401661
3192840239.404328 8.7500992 -1.0408612 8.5614100 -0.0302696 0.6715817 0.1260169 0.7295077
3192840239.965333 9.1667624 -1.0553598 8.5956650 -0.0076006 0.6766474 0.0918741 0.7305133
3192840240.196333 9.3087845 -1.0927560 8.6336222 -0.0114458 0.6872924 0.0876738 0.7209795
3192840240.526336 9.6345224 -1.0728018 8.6492500 -0.0078906 0.6650985 0.0950060 0.7406454
3192840240.790338 9.9166803 -1.0489461 8.6406164 -0.0284162 0.6402397 0.1146547 0.7590389
3192840241.153342 10.2196226 -1.0541553 8.6619005 -0.0277815 0.6333169 0.1060829 0.7660838
3192840241.648345 10.5970678 -1.0880985 8.7146997 -0.0319427 0.6421085 0.0947138 0.7600695
3192840242.011349 10.8986130 -1.0618351 8.6960087 -0.0378545 0.6372895 0.1234811 0.7597246
3192840242.440352 11.2717018 -1.0689881 8.7491970 -0.0558586 0.6122864 0.1211565 0.7792985
3192840242.737355 11.4576302 -1.0937185 8.7912626 -0.0607216 0.6333908 0.1187228 0.7622557
3192840243.034357 11.6046782 -1.1363447 8.7872400 -0.0596509 0.6639214 0.1335661 0.7333555
3192840243.331359 11.7601109 -1.1212311 8.7627487 -0.0557994 0.6849141 0.1487696 0.7110885
3192840243.529361 11.8438807 -1.1668580 8.7452755 -0.0362358 0.7111122 0.1512712 0.6856555
3192840243.727363 11.9464989 -1.1915901 8.7324333 -0.0468760 0.7285382 0.1573518 0.6650378
3192840243.958364 12.0683193 -1.2041545 8.7496548 -0.0598098 0.7533200 0.1751117 0.6310846
3192840244.090365 12.1361256 -1.2311935 8.7814064 -0.0616579 0.7744521 0.1790366 0.6036291
3192840244.255367 12.2278576 -1.2469692 8.8193111 -0.0467787 0.7973611 0.1553348 0.5812901
3192840244.387368 12.2554846 -1.2411995 8.7954693 -0.0469473 0.8070413 0.1667217 0.5645211
3192840244.552370 12.3109655 -1.2291451 8.7506847 -0.0434618 0.8128565 0.1908485 0.5485911
3192840244.750371 12.4169006 -1.2287755 8.7009220 -0.0464467 0.8191252 0.2054059 0.5335587
3192840244.915372 12.4976006 -1.2391102 8.6655941 -0.0386188 0.8297874 0.2024010 0.5186475
3192840245.014373 12.5518074 -1.2491891 8.6490316 -0.0461929 0.8348604 0.2103487 0.5065845
3192840245.113374 12.5982895 -1.2528298 8.6372347 -0.0463366 0.8432444 0.2112891 0.4920861
3192840245.179375 12.6304960 -1.2554870 8.6316824 -0.0470120 0.8495136 0.2188402 0.4777294
3192840245.377377 12.7339573 -1.2536302 8.6206017 -0.0425113 0.8752166 0.2306231 0.4230858
3192840245.542377 12.8285208 -1.2780914 8.6040554 -0.0328148 0.8943824 0.2372351 0.3777869
3192840245.905381 13.0255270 -1.2606716 8.5022268 -0.0258580 0.9028258 0.2546678 0.3455159
3192840246.499386 13.3143063 -1.2718118 8.3014660 0.0022558 0.9082904 0.2799466 0.3108589
3192840246.664387 13.3898039 -1.2639605 8.2611742 -0.0000582 0.9177050 0.2825505 0.2792539
3192840246.763389 13.4436159 -1.2615973 8.2479334 -0.0011091 0.9267049 0.2774124 0.2534938
3192840246.829388 13.4825649 -1.2678063 8.2432842 0.0013259 0.9328436 0.2742845 0.2336002
3192840246.928389 13.5484476 -1.2826648 8.2297935 -0.0035000 0.9406208 0.2659374 0.2109444
3192840247.192390 13.6734934 -1.2901984 8.1629152 -0.0003860 0.9503339 0.2705925 0.1537695
3192840247.489392 13.7229738 -1.2733186 8.0414896 0.0266735 0.9483789 0.3003515 0.0982600
3192840247.885396 13.7743282 -1.2858887 7.9023919 0.0673636 0.9393728 0.3356569 0.0193743
