3192918780.358208 1.0524666 -3.3166857 -0.1054657 -0.0280517 -0.0337173 -0.0225973 0.9987820
3192918783.196229 1.0946194 -3.3463078 -0.0063143 -0.0785723 -0.0534049 -0.0362459 0.9948168
3192918783.229229 1.0955143 -3.3469994 -0.0023749 -0.0812967 -0.0555048 -0.0359797 0.9944926
3192918783.493232 1.1293551 -3.3479609 0.0541016 -0.1158241 -0.0965255 -0.0450314 0.9875423
3192918783.724233 1.1397593 -3.3401828 0.1000906 -0.1416972 -0.1348096 -0.0689848 0.9782583
3192918784.620690 1.1309696 -3.3578172 0.0323169 -0.0974875 -0.0320405 -0.0141045 0.9946209
3192918784.851692 1.0172780 -3.3439553 0.0087303 -0.0684209 0.0399766 0.0128630 0.9967723
3192918785.082694 0.8833492 -3.3371367 0.0307745 -0.0639861 0.0806260 0.0112631 0.9946247
3192918785.511698 0.7463542 -3.3260477 0.0700656 -0.0690650 0.1436028 0.0254806 0.9868936
3192918786.171703 0.7526960 -3.3584883 0.1940854 -0.0024809 0.1938740 0.0685774 0.9786234
3192918786.633707 0.7190824 -3.4257903 0.3368558 0.0153921 0.2997591 0.1259205 0.9455431
3192918786.765707 0.6841073 -3.4446282 0.3987444 0.0178817 0.3522291 0.1396854 0.9252583
3192918786.930707 0.6286283 -3.4918513 0.4522118 0.0277959 0.4016913 0.1520198 0.9026414
3192918787.425713 0.6992868 -3.5749693 0.5968328 0.0334801 0.4310208 0.1787638 0.8838233
3192918787.953717 0.9695740 -3.6565416 0.7323208 0.0671807 0.3954912 0.1525606 0.9032158
3192918788.580721 1.2773893 -3.7737687 0.8586660 0.0558727 0.4120638 0.1431305 0.8981065
3192918788.976724 1.5071857 -3.8265057 0.8850182 0.0720126 0.3976735 0.1506738 0.9022014
3192918789.372727 1.7608653 -3.8902664 0.8966458 0.0833752 0.3841288 0.1532511 0.9066464
3192918789.966733 2.0059576 -4.0215235 1.0534397 0.0753475 0.4170649 0.1428270 0.8944161
3192918790.626738 2.4051452 -4.1228199 1.1703625 0.0678329 0.3834895 0.1259123 0.9124038
3192918791.022740 2.6589997 -4.1667542 1.2972937 0.0450447 0.3361057 0.1172058 0.9334167
3192918791.385745 2.7451560 -4.2559633 1.3806607 0.0847920 0.3732347 0.1123370 0.9169987
3192918791.814747 2.9458451 -4.3158302 1.4786363 0.0730983 0.2857163 0.0880999 0.9514522
3192918792.012749 3.0468781 -4.3359561 1.4850918 0.0678204 0.2301114 0.0689718 0.9683450
3192918792.177751 3.1262338 -4.3443565 1.4921521 0.0669954 0.2042481 0.0608614 0.9747257
3192918792.375752 3.1807759 -4.3492837 1.4828584 0.0484309 0.1742800 0.0546890 0.9819827
3192918792.474753 3.1994538 -4.3568215 1.4922510 0.0319128 0.1552200 0.0538000 0.9858975
3192918793.134758 3.2570255 -4.3625379 1.5543262 -0.0044132 0.1393008 0.0572844 0.9885820
3192918793.233759 3.3044002 -4.3636408 1.5698916 -0.0075152 0.1178817 0.0525930 0.9916055
3192918793.530762 3.4493728 -4.3770604 1.6281765 0.0041340 0.0640760 0.0178131 0.9977775
3192918793.695763 3.5017388 -4.4008117 1.6448407 0.0061195 0.0537290 0.0107053 0.9984794
3192918793.761764 3.5172164 -4.4120998 1.6412795 0.0170083 0.0588489 0.0102474 0.9980694
3192918793.926764 3.5482593 -4.4223037 1.6692505 0.0393011 0.0602158 0.0095723 0.9973655
3192918794.124765 3.5823879 -4.4627047 1.7106909 0.0543920 0.0641689 0.0030203 0.9964511
3192918794.289767 3.6261153 -4.4845586 1.7673483 0.0591720 0.0598675 -0.0129190 0.9963672
3192918794.454768 3.6313164 -4.5084391 1.8132141 0.0501532 0.0438019 -0.0203434 0.9975731
3192918794.619770 3.6614461 -4.5150228 1.8752115 0.0434888 0.0111727 -0.0366743 0.9983180
3192918794.751771 3.6884348 -4.5379977 1.9273453 0.0188903 -0.0321876 -0.0635329 0.9972817
3192918795.642777 4.0679598 -4.7085524 1.7748914 -0.0700873 -0.1797597 -0.1661855 0.9670350
3192918796.335783 4.0281539 -4.6974688 1.8635286 -0.1003554 -0.3335297 -0.2741910 0.8963850
3192918796.896787 4.0717955 -4.8068748 2.1065898 -0.1102700 -0.3230711 -0.3249317 0.8819779
3192918797.325791 4.1559000 -4.8864632 2.2425327 -0.0550094 -0.2717072 -0.2350912 0.9316015
3192918797.688793 4.2621527 -5.0416446 2.4388793 -0.0366651 -0.2663769 -0.2185159 0.9380564
3192918798.018796 4.2703328 -5.1300569 2.6024015 -0.0182771 -0.2380281 -0.2229684 0.9451421
3192918798.348798 4.3209205 -5.2396388 2.7934592 -0.0200076 -0.2593827 -0.2132862 0.9417161
3192918798.513800 4.3943367 -5.2911348 2.8892424 -0.0046484 -0.2679213 -0.1931989 0.9438595
3192918798.645801 4.4604435 -5.3538709 2.9585741 -0.0025964 -0.2589201 -0.1760859 0.9497091
3192918798.810802 4.5181875 -5.4092855 3.0129139 0.0062649 -0.2235611 -0.1514923 0.9628246
3192918799.074804 4.5096140 -5.4608541 3.1530778 0.0525887 -0.2030051 -0.1375409 0.9680423
3192918799.338807 4.4361520 -5.5399070 3.2950501 0.0619632 -0.1748157 -0.1465839 0.9716549
3192918799.800809 4.3253698 -5.6883178 3.6767378 0.0335748 -0.1983328 -0.1266454 0.9713382
3192918800.163814 4.2132478 -5.7932529 3.9215417 0.0541260 -0.1848989 -0.1471151 0.9701752
3192918800.427815 4.0884433 -5.8305779 4.1029625 0.1095969 -0.2239399 -0.1427417 0.9578435
3192918800.757818 3.9537146 -5.9329619 4.2887230 0.0753756 -0.1748776 -0.1307074 0.9729604
3192918801.054820 3.8354895 -6.0152245 4.5787220 0.0672732 -0.1977340 -0.1317047 0.9690353
3192918801.153821 3.7665071 -6.0782380 4.7259846 0.0679234 -0.2630030 -0.1326227 0.9532193
3192918801.516825 3.6423402 -6.1414957 4.9711514 0.1207255 -0.2209376 -0.1229248 0.9599487
3192918801.912828 3.4550018 -6.2853746 5.2987318 0.1071823 -0.1900473 -0.1083438 0.9698740
3192918802.209830 3.3535945 -6.3915586 5.6213298 0.0951476 -0.2074839 -0.0924642 0.9691995
3192918802.572834 3.1783974 -6.5206852 5.9952822 0.1263973 -0.2293688 -0.1166296 0.9580246
3192918802.968837 3.0082674 -6.6599236 6.3525386 0.1121931 -0.1785936 -0.0888440 0.9734597
3192918803.232839 2.8830473 -6.7554450 6.6749115 0.1040603 -0.1826986 -0.0847129 0.9739694
3192918803.661842 2.5867777 -6.9398532 7.2347693 0.0984311 -0.2034279 -0.1402169 0.9639853
3192918803.991846 2.4185629 -7.0884957 7.5630622 0.0947538 -0.1984827 -0.1405272 0.9653385
3192918804.189848 2.3714247 -7.1521158 7.7733731 0.0958553 -0.1951771 -0.1113246 0.9697033
3192918804.420849 2.2731049 -7.2837868 8.0400887 0.0880726 -0.2128236 -0.1059444 0.9673288
3192918804.651851 2.1560628 -7.3456788 8.2944517 0.0930900 -0.2092431 -0.1162041 0.9664617
3192918804.849853 2.0531139 -7.4335232 8.4670477 0.1003241 -0.1786351 -0.1378118 0.9690369
3192918805.080854 1.9612384 -7.5359058 8.7256603 0.0786012 -0.1936568 -0.1227177 0.9701852
3192918805.311856 1.8796706 -7.6327276 9.0062675 0.0723309 -0.2181255 -0.1272095 0.9648871
3192918805.707860 1.7270749 -7.7787428 9.4024010 0.0766585 -0.2211490 -0.1360034 0.9626628
3192918806.004862 1.6259248 -7.8957849 9.6200027 0.0859843 -0.1837622 -0.1234660 0.9713878
3192918806.466866 1.5245051 -8.0748205 10.0556936 0.0848767 -0.1860241 -0.0980116 0.9739531
3192918806.763869 1.4120748 -8.1611395 10.3314724 0.0956005 -0.1946881 -0.1285660 0.9676920
3192918806.994870 1.2995958 -8.2522516 10.5367527 0.0985352 -0.1966155 -0.1504977 0.9638380
3192918807.258872 1.2275858 -8.3475866 10.7942333 0.0724477 -0.1921610 -0.1634213 0.9649451
3192918807.522874 1.1656947 -8.4677677 11.0717125 0.0624145 -0.2275707 -0.1448582 0.9609017
3192918807.753876 1.0866218 -8.5582514 11.2892990 0.0562163 -0.2379400 -0.1551595 0.9571571
3192918807.984878 0.9925098 -8.6146517 11.4750023 0.0680483 -0.2380831 -0.1332019 0.9596578
3192918808.545882 0.8162956 -8.7898207 11.9118996 0.0881579 -0.2146306 -0.1011453 0.9674355
3192918808.842885 0.7024498 -8.9205847 12.1946259 0.0682410 -0.2453997 -0.1166106 0.9599605
3192918809.139888 0.5692315 -9.0003834 12.4505978 0.0595442 -0.2402327 -0.1191470 0.9615335
3192918809.502890 0.4641500 -9.1102219 12.7145491 0.0681462 -0.2145521 -0.1065154 0.9684926
3192918809.733893 0.4245524 -9.1839628 12.9175110 0.0754970 -0.2271599 -0.0952221 0.9662460
3192918810.063896 0.3249178 -9.2967110 13.2000027 0.0785326 -0.2391139 -0.1123413 0.9612682
3192918810.294897 0.2272816 -9.3664703 13.3793135 0.0928355 -0.2265243 -0.1068806 0.9636622
3192918810.591900 0.1288943 -9.4582672 13.6067877 0.1005580 -0.1943212 -0.1203431 0.9683207
3192918811.020903 0.0002694 -9.6317501 14.0272322 0.1060142 -0.2184101 -0.1119671 0.9635981
3192918811.317905 -0.1279607 -9.7037802 14.2978659 0.1341739 -0.2083612 -0.1395116 0.9587072
3192918811.515907 -0.2344995 -9.7971296 14.5093937 0.0944772 -0.1922029 -0.1459160 0.9658368
3192918811.845910 -0.3674026 -9.9228640 14.9194374 0.0542419 -0.2217300 -0.1280261 0.9651440
3192918812.208913 -0.5151591 -10.0776320 15.2896299 0.0656991 -0.2300692 -0.1355813 0.9614413
3192918812.340914 -0.5752292 -10.1017847 15.4048462 0.0767195 -0.2129634 -0.1345397 0.9647071
3192918812.439915 -0.6280289 -10.1390715 15.4830866 0.0782285 -0.1952026 -0.1374204 0.9679317
3192918812.802917 -0.7910829 -10.2834530 15.8808079 0.0616126 -0.2130050 -0.1291214 0.9665197
3192918813.000919 -0.8550873 -10.3883505 16.0947742 0.0568872 -0.2229642 -0.1018228 0.9678238
3192918813.429923 -1.1009407 -10.5285912 16.5532093 0.0798041 -0.2026800 -0.1860508 0.9580904
3192918813.693924 -1.2278209 -10.6234961 16.7616444 0.0696127 -0.1566240 -0.1938915 0.9659343
3192918814.023927 -1.3619962 -10.7602959 17.1772976 0.0698945 -0.1841265 -0.1532130 0.9683687
3192918814.188928 -1.4514136 -10.8549986 17.3659515 0.0530868 -0.2069097 -0.1456718 0.9659969
3192918814.419930 -1.5674682 -10.9053736 17.5904980 0.0559589 -0.1819383 -0.1521386 0.9698561
3192918814.584931 -1.6703877 -10.9780397 17.7354622 0.0582543 -0.1606614 -0.1587349 0.9724184
3192918815.112935 -1.8495684 -11.1973915 18.2667866 0.0714197 -0.1710829 -0.0984982 0.9777157
3192918815.442937 -1.9904194 -11.3191977 18.6217728 0.0744083 -0.1645434 -0.1319066 0.9746740
3192918815.607940 -2.0936079 -11.3925571 18.8086700 0.0721629 -0.1638249 -0.1499467 0.9723528
3192918815.805942 -2.1828427 -11.4981728 19.0096664 0.0576191 -0.1676190 -0.1518582 0.9723800
3192918815.937943 -2.2221513 -11.5445900 19.1499653 0.0553894 -0.1745541 -0.1418435 0.9728018
3192918816.102943 -2.2637634 -11.6139736 19.3547897 0.0556394 -0.1905664 -0.1446358 0.9693654
3192918816.267945 -2.3165207 -11.7207327 19.5441322 0.0517873 -0.2117617 -0.1413352 0.9656601
3192918816.465947 -2.3827686 -11.7952204 19.7551765 0.0612443 -0.2204713 -0.1612438 0.9600219
3192918816.696948 -2.4892607 -11.8670082 19.9686050 0.0739820 -0.1920840 -0.1477289 0.9673710
3192918816.927950 -2.5645070 -11.9692936 20.1485825 0.0933340 -0.1688409 -0.1295543 0.9726239
3192918817.158952 -2.6200280 -12.0347805 20.4049816 0.1209823 -0.1814363 -0.1161140 0.9690003
3192918817.323953 -2.6662846 -12.1238804 20.5857372 0.1306883 -0.1993742 -0.1078097 0.9651671
3192918817.488955 -2.7396054 -12.1921377 20.7668247 0.1257305 -0.2001522 -0.1328804 0.9625350
3192918817.620955 -2.7973061 -12.2191916 20.9159775 0.1429486 -0.2038065 -0.1571294 0.9556877
3192918817.752956 -2.8778467 -12.2737484 21.0629597 0.1517264 -0.2062232 -0.1664593 0.9522302
3192918817.851957 -2.9326425 -12.3281078 21.1611061 0.1381536 -0.1927026 -0.1881093 0.9530972
3192918818.049958 -2.9993553 -12.4276924 21.3925610 0.1193353 -0.1960804 -0.1681690 0.9586609
3192918818.247960 -3.0300055 -12.5145693 21.6725960 0.1185628 -0.2294128 -0.1455950 0.9550470
3192918818.346960 -3.0539341 -12.5856724 21.8338928 0.0969568 -0.2604429 -0.1147096 0.9537351
3192918818.742963 -3.2173996 -12.7390814 22.2789211 0.1030933 -0.2470060 -0.1402926 0.9532459
3192918819.039965 -3.3676119 -12.8973885 22.5928059 0.0743617 -0.2450841 -0.1246527 0.9585749
3192918819.336967 -3.4640331 -13.0090189 22.9269848 0.0954752 -0.2276301 -0.1121363 0.9625458
3192918819.600969 -3.5855207 -13.1330414 23.1954727 0.0899562 -0.2025900 -0.1275532 0.9667447
3192918819.798970 -3.6997705 -13.1948633 23.4059715 0.0965632 -0.1755149 -0.1226153 0.9720265
3192918820.095973 -3.8543525 -13.3558645 23.7122059 0.0643266 -0.1614838 -0.1105908 0.9785473
3192918820.359974 -3.9503336 -13.4610348 24.0489159 0.0722595 -0.1673478 -0.0931230 0.9788265
3192918820.656976 -4.1023407 -13.6012001 24.3838711 0.0753163 -0.1450733 -0.1062359 0.9808135
3192918820.887979 -4.2614365 -13.6961260 24.6640396 0.0825327 -0.1315226 -0.1173626 0.9808752
3192918821.085979 -4.3636355 -13.8095102 24.9188690 0.0614125 -0.1425615 -0.1025124 0.9825456
3192918821.283981 -4.4542942 -13.8674183 25.2059460 0.0693101 -0.1625350 -0.0948627 0.9796834
3192918821.514982 -4.5629120 -14.0039501 25.4836884 0.0617902 -0.1652926 -0.0949062 0.9797210
3192918821.811985 -4.7423296 -14.0961456 25.8468723 0.0801611 -0.1591386 -0.1415860 0.9737569
3192918821.943985 -4.8258038 -14.1700411 25.9970989 0.0742857 -0.1556956 -0.1550870 0.9727222
3192918822.339989 -4.9897728 -14.3423414 26.4624729 0.0851737 -0.1683961 -0.1357455 0.9726055
3192918822.471990 -5.0547414 -14.4247103 26.6301346 0.0804326 -0.1817667 -0.1190927 0.9727839
3192918822.702991 -5.1650858 -14.5102262 26.8872299 0.0831843 -0.1723003 -0.1496676 0.9700478
3192918822.867992 -5.2688193 -14.5792904 27.0784721 0.0882922 -0.1584119 -0.1521253 0.9715801
3192918823.032994 -5.3590026 -14.6624498 27.2430649 0.0809202 -0.1461687 -0.1678709 0.9715483
3192918823.197995 -5.4266825 -14.7251844 27.4270000 0.0804632 -0.1513324 -0.1433022 0.9747249
3192918823.329997 -5.4724350 -14.7756071 27.5859451 0.0893731 -0.1570055 -0.1377177 0.9738560
3192918823.494997 -5.5519505 -14.8723364 27.7857971 0.0882766 -0.1755670 -0.1210921 0.9729955
3192918823.659999 -5.6414375 -14.9439144 27.9611282 0.0859693 -0.1830557 -0.1371060 0.9696916
3192918823.858001 -5.7553129 -14.9916744 28.1752644 0.0896070 -0.1704077 -0.1443166 0.9706207
3192918824.155003 -5.9085732 -15.1029558 28.4305058 0.0789837 -0.1342399 -0.1320922 0.9789243
3192918824.518007 -6.0562181 -15.2155857 28.7793522 0.0855925 -0.1497690 -0.1076162 0.9791128
3192918824.947011 -6.2376432 -15.3398991 29.1523495 0.0886273 -0.1310126 -0.1229516 0.9797264
3192918825.277014 -6.3586473 -15.4528255 29.4000835 0.0753993 -0.0895875 -0.1085933 0.9871659
3192918825.739018 -6.4597597 -15.5947475 29.8169136 0.0751574 -0.0569165 -0.0751769 0.9927036
3192918826.069021 -6.5708051 -15.6856003 30.1108818 0.0817106 -0.0059425 -0.0755538 0.9937704
3192918826.498025 -6.7241154 -15.8437862 30.4954395 0.0643180 0.0150129 -0.0788888 0.9946931
3192918827.026030 -6.8518915 -16.0402470 30.9477959 0.0920900 0.0599459 -0.0418466 0.9930633
3192918827.455034 -7.0166178 -16.1849556 31.3083878 0.0893073 0.1235493 -0.0330339 0.9877594
3192918827.917038 -7.1552911 -16.3450146 31.7372055 0.1036578 0.1196028 0.0248232 0.9870836
3192918828.379043 -7.3904161 -16.4962502 32.1544685 0.1124151 0.1357669 0.0063476 0.9843221
3192918828.874048 -7.5351992 -16.6676235 32.5717010 0.1246988 0.1399029 0.0473866 0.9811381
3192918829.270051 -7.6645632 -16.8232765 32.9238586 0.1159109 0.1447048 0.0350696 0.9820363
3192918829.468052 -7.7623196 -16.8799553 33.0658798 0.1216312 0.1693394 0.0417649 0.9771314
3192918829.798054 -7.8503914 -16.9678211 33.2395668 0.1118828 0.2258074 0.0567194 0.9660622
3192918830.359057 -7.8542957 -17.1096973 33.4741974 0.1270429 0.3021249 0.1057265 0.9388304
3192918832.075069 -7.8276029 -17.1605759 33.8255386 0.0608937 0.0996926 -0.0024396 0.9931502
3192918832.240071 -7.7051911 -17.1860600 33.8193741 0.0629322 0.0894382 0.0023044 0.9939995
3192918832.438073 -7.6162348 -17.2102413 33.8659515 0.0475976 0.0504768 -0.0234273 0.9973153
3192918832.537073 -7.5808101 -17.2271767 33.9064560 0.0427767 0.0277474 -0.0421403 0.9978098
3192918832.702075 -7.5266709 -17.2617607 33.9853325 0.0297069 0.0062791 -0.0734839 0.9968341
3192918832.933075 -7.4823513 -17.3259392 34.0995064 0.0244177 -0.0314819 -0.1102894 0.9931006
3192918833.065076 -7.4745889 -17.3666325 34.1569595 0.0287240 -0.0684352 -0.1152666 0.9905580
3192918833.230078 -7.4507360 -17.4100151 34.2692261 0.0401584 -0.1154923 -0.1253487 0.9845489
3192918833.362079 -7.4231730 -17.4733753 34.4141655 0.0469083 -0.1542860 -0.1358076 0.9775233
3192918833.527080 -7.4334927 -17.5769291 34.6306458 0.0387085 -0.1985023 -0.1357325 0.9698841
3192918833.659081 -7.4602461 -17.6205978 34.8021164 0.0303718 -0.2385246 -0.1556281 0.9581041
3192918833.791081 -7.4944496 -17.6695080 34.9544334 0.0358134 -0.2828146 -0.1702138 0.9432712
3192918833.989083 -7.5561895 -17.7541199 35.1371422 0.0547107 -0.3260914 -0.1778230 0.9268495
3192918834.253085 -7.6297283 -17.8813667 35.3644753 0.0455280 -0.3366205 -0.1675353 0.9254975
3192918834.616088 -7.7173004 -18.0102558 35.6916275 0.0697013 -0.3145020 -0.1460990 0.9353530
3192918834.913089 -7.8393621 -18.0779762 35.9677048 0.0892208 -0.2754040 -0.1290133 0.9484450
3192918835.045091 -7.9023037 -18.1039562 36.0444527 0.0965878 -0.2338974 -0.1101801 0.9611572
3192918835.144091 -7.9273071 -18.1281738 36.0922661 0.0866365 -0.1969505 -0.1061706 0.9707896
3192918835.243091 -7.9340563 -18.1407185 36.1342926 0.0815122 -0.1704064 -0.0841914 0.9783809
3192918835.441091 -7.9293413 -18.1632881 36.2443275 0.0811767 -0.1354981 -0.0492928 0.9862154
3192918835.606092 -7.9514499 -18.2486553 36.4062080 0.0603290 -0.1227569 -0.0076301 0.9905720
3192918835.870091 -8.1113281 -18.4108601 36.8297844 0.0616492 -0.1629922 -0.0520537 0.9833226
3192918836.035093 -8.2538948 -18.4896545 37.1003304 0.0716315 -0.1861077 -0.0713658 0.9773125
3192918836.167093 -8.3478584 -18.5860405 37.2984352 0.0553477 -0.2045243 -0.0978415 0.9723855
3192918836.299092 -8.4150143 -18.6735420 37.4860497 0.0603341 -0.2383099 -0.0941570 0.9647293
3192918836.398094 -8.4608707 -18.7215137 37.6519814 0.0645549 -0.2662829 -0.1042861 0.9560599
3192918836.530094 -8.5351315 -18.8122196 37.9304428 0.0494774 -0.3100613 -0.1156969 0.9423525
3192918836.860094 -8.6917400 -18.9859066 38.3572617 0.0282908 -0.3206553 -0.1231945 0.9387241
3192918837.025093 -8.7764826 -19.0762329 38.5057869 0.0283149 -0.2996142 -0.1159116 0.9465697
3192918837.157094 -8.8008022 -19.0962124 38.6351089 0.0100775 -0.3014935 -0.1090474 0.9471583
3192918837.454095 -8.9331436 -19.2455101 39.0235596 0.0206924 -0.3135542 -0.1223821 0.9414235
3192918837.685097 -9.0256252 -19.3985004 39.3597717 0.0084546 -0.3254590 -0.1194616 0.9379413
3192918837.817097 -9.0437336 -19.4101639 39.4049950 0.0175206 -0.3257858 -0.1350853 0.9355793
3192918837.949099 -9.0585155 -19.4260311 39.4530487 0.0178382 -0.3224054 -0.1371628 0.9364417
3192918838.081100 -9.0735092 -19.4493198 39.4933510 0.0172089 -0.3130878 -0.1406195 0.9390985
3192918838.213100 -9.0845852 -19.4669895 39.5343590 0.0175524 -0.3130557 -0.1274482 0.9409809
3192918838.378102 -9.1001339 -19.4828663 39.6005249 0.0152966 -0.3332447 -0.1270690 0.9341132
3192918838.510102 -9.1129379 -19.5051308 39.6486549 0.0128201 -0.3466815 -0.1243676 0.9296130
3192918838.675103 -9.1304474 -19.5283508 39.7014465 0.0067966 -0.3416291 -0.1328907 0.9303674
3192918838.873105 -9.1629391 -19.5448494 39.7670288 0.0142552 -0.3381647 -0.1446925 0.9297879
3192918839.038105 -9.1963921 -19.5720730 39.8074875 0.0153255 -0.3145082 -0.1521179 0.9368617
3192918839.203107 -9.2220383 -19.5770054 39.8405685 0.0346185 -0.3009947 -0.1317416 0.9438474
3192918839.401109 -9.2688046 -19.5986996 39.8943825 0.0405460 -0.2842090 -0.1260668 0.9495727
3192918839.632110 -9.3086977 -19.6148796 39.9486809 0.0520024 -0.2424973 -0.1043681 0.9631190
3192918839.896111 -9.4301910 -19.7841492 40.3013878 0.0665591 -0.2230934 -0.1198835 0.9651048
3192918840.160111 -9.6473074 -19.9107361 40.5514107 0.0601766 -0.1763792 -0.1106866 0.9762262
3192918840.556114 -9.9166012 -20.1117382 41.1334915 0.0465251 -0.2085586 -0.0778957 0.9737921
3192918840.952116 -10.2232218 -20.2570705 41.6369705 0.0676756 -0.2059332 -0.1136890 0.9695805
3192918841.282116 -10.4137230 -20.4254456 42.0790138 0.0535309 -0.2145660 -0.1048872 0.9695848
3192918841.612116 -10.5608120 -20.6471157 42.5347710 0.0523101 -0.2655340 -0.0855152 0.9588757
3192918841.843117 -10.7109747 -20.7328968 42.8753433 0.0790605 -0.3114963 -0.1346521 0.9373304
3192918842.041117 -10.8524475 -20.8596859 43.1156082 0.0655525 -0.3151787 -0.1743240 0.9305785
3192918842.305118 -10.9211464 -20.9598923 43.4249802 0.0668351 -0.3117609 -0.1237009 0.9397001
3192918842.701118 -11.0519152 -21.1613541 43.8856506 0.0503920 -0.2801207 -0.0992684 0.9534877
3192918843.130118 -11.2615776 -21.3519077 44.3388748 0.0454579 -0.2559044 -0.0945349 0.9609941
3192918843.493119 -11.3661861 -21.5163593 44.7763214 0.0439841 -0.2621848 -0.0680171 0.9616123
3192918843.856119 -11.5358744 -21.6627274 45.1963882 0.0462468 -0.2515034 -0.0795796 0.9634700
3192918844.186120 -11.6890621 -21.8231030 45.5413361 0.0652969 -0.2408020 -0.0811129 0.9649723
3192918844.483121 -11.8139973 -21.9795113 45.9495964 0.0449574 -0.2624351 -0.0935644 0.9593499
3192918844.780121 -11.9613714 -22.1019611 46.3128052 0.0477244 -0.2735113 -0.1395293 0.9504975
3192918845.044121 -12.1140871 -22.2379055 46.5939751 0.0504319 -0.2577764 -0.1331784 0.9556524
3192918845.407122 -12.2746048 -22.3874531 47.0372772 0.0541826 -0.2641149 -0.0915615 0.9586053
3192918845.638123 -12.4070072 -22.4952717 47.2770348 0.0487882 -0.2405502 -0.1021045 0.9640176
3192918845.869123 -12.5794239 -22.5747318 47.5495567 0.0558714 -0.2324662 -0.1165478 0.9639785
3192918846.100123 -12.7297087 -22.6927299 47.7915459 0.0626371 -0.2275529 -0.1125912 0.9652044
3192918846.430124 -12.8783960 -22.8296738 48.1920357 0.0854086 -0.2368766 -0.0901294 0.9635723
3192918846.892124 -13.1721315 -23.0195789 48.7192268 0.0983758 -0.2162294 -0.1151479 0.9645247
3192918847.387131 -13.3880825 -23.2595940 49.2792091 0.1217332 -0.2161091 -0.1039609 0.9631563
3192918847.816136 -13.5647402 -23.4169121 49.6924896 0.1383541 -0.1704764 -0.1084139 0.9695578
3192918848.047140 -13.6449375 -23.5120850 49.8794250 0.1282771 -0.1269881 -0.1110255 0.9772882
3192918848.344143 -13.7138376 -23.6322613 50.2200241 0.1206443 -0.1111701 -0.0858687 0.9827068
3192918849.070153 -14.0266333 -24.0279121 50.8084450 0.1129235 0.0337701 -0.0234619 0.9927524
3192918849.334156 -14.1017246 -24.0859108 51.0573044 0.1357091 0.0535683 -0.0062964 0.9892794
3192918849.532158 -14.1219378 -24.1241875 51.2780685 0.1666330 0.0217628 0.0005336 0.9857786
3192918849.730161 -14.1707106 -24.1767864 51.4555931 0.1830339 -0.0024437 -0.0174412 0.9829488
3192918849.862163 -14.2435160 -24.2235184 51.5868149 0.1979356 -0.0276490 -0.0244606 0.9795196
3192918849.994165 -14.3357544 -24.2657185 51.7271996 0.1960853 -0.0517141 -0.0295125 0.9787774
3192918850.192168 -14.4677744 -24.3360062 51.9107323 0.1788082 -0.0651444 -0.0458806 0.9806523
3192918850.324170 -14.5516691 -24.3607330 52.0579491 0.1362336 -0.0822683 -0.0659171 0.9850519
3192918850.555173 -14.6534309 -24.4201984 52.3068275 0.1051613 -0.1197198 -0.0778020 0.9841520
3192918850.819176 -14.7357006 -24.5314217 52.5663147 0.0775058 -0.1300182 -0.0840051 0.9849017
3192918851.017179 -14.8121500 -24.5857754 52.7458954 0.0675527 -0.1354938 -0.0920912 0.9841734
3192918851.347184 -14.9725981 -24.7067852 53.0505219 0.0589402 -0.1387344 -0.1016138 0.9833379
3192918851.545187 -15.0667639 -24.7682228 53.2822533 0.0332283 -0.1608495 -0.0912830 0.9821867
3192918851.809190 -15.1917238 -24.8791485 53.5889816 0.0333922 -0.1890247 -0.0938014 0.9769114
3192918852.007193 -15.2774525 -24.9697189 53.8286095 0.0291725 -0.1970253 -0.1176487 0.9728765
3192918852.139195 -15.3458538 -25.0087223 54.0152550 0.0184091 -0.2056279 -0.1238459 0.9705877
3192918852.502199 -15.4699402 -25.1956673 54.3984642 0.0010031 -0.2051110 -0.1282889 0.9702940
3192918852.733202 -15.4713821 -25.2756691 54.6577644 -0.0065766 -0.2007273 -0.1259565 0.9714938
3192918853.063206 -15.5226803 -25.4402199 54.9997025 0.0065899 -0.2040734 -0.1467950 0.9678646
3192918853.327207 -15.6144276 -25.5743771 55.3149109 0.0187138 -0.2375708 -0.1562414 0.9585398
3192918853.492208 -15.6459246 -25.6728725 55.4952087 0.0174601 -0.2682044 -0.1439891 0.9523805
3192918853.690210 -15.6578255 -25.7402325 55.7332611 0.0189997 -0.3005894 -0.1438635 0.9426496
3192918853.789210 -15.6520805 -25.8055229 55.8532867 0.0152459 -0.3312766 -0.1639684 0.9290521
3192918853.921212 -15.6854248 -25.8871326 56.0082512 0.0061112 -0.3789619 -0.1806211 0.9075938
3192918854.053213 -15.7392082 -25.9387665 56.1584625 -0.0025651 -0.4208162 -0.2277332 0.8780915
3192918854.251215 -15.8216934 -25.9891834 56.3483734 -0.0024546 -0.4392054 -0.2540324 0.8617193
3192918854.482217 -15.8829002 -26.0717659 56.5110626 -0.0015198 -0.4191742 -0.2771355 0.8645731
3192918854.680219 -15.9406261 -26.1398258 56.6777344 0.0027689 -0.4350497 -0.2632543 0.8610582
3192918854.878221 -15.9900646 -26.2160797 56.8676071 0.0047156 -0.4519169 -0.2701605 0.8501542
3192918855.010221 -16.0215969 -26.2775345 56.9968681 0.0014787 -0.4655419 -0.2493083 0.8491843
3192918855.142222 -16.0770264 -26.3119640 57.1250000 -0.0156807 -0.4725692 -0.2651108 0.8403265
3192918855.340224 -16.1700191 -26.3433800 57.2991638 -0.0248523 -0.4800119 -0.2737266 0.8330934
3192918855.538226 -16.2835846 -26.3949299 57.4319916 -0.0193558 -0.4946046 -0.3016992 0.8148431
3192918855.736228 -16.4097900 -26.4272041 57.5390968 -0.0143281 -0.5556408 -0.3204412 0.7670563
3192918855.868229 -16.4751816 -26.4312744 57.6339607 -0.0170656 -0.5860448 -0.3363304 0.7369817
3192918856.066230 -16.5854149 -26.4634266 57.7825890 -0.0360656 -0.6261677 -0.3440867 0.6987257
3192918856.330233 -16.7500725 -26.4939899 57.9018059 -0.0401248 -0.6524093 -0.3431256 0.6745494
3192918856.759236 -17.1646996 -26.4456959 57.9729652 -0.0645331 -0.6496747 -0.3431942 0.6752600
3192918857.122239 -17.5902061 -26.3933086 58.0690346 -0.0837307 -0.6394384 -0.3074159 0.6997165
3192918857.353240 -17.8896179 -26.3672466 58.0336380 -0.0812909 -0.6681516 -0.3130698 0.6700392
3192918857.518242 -18.1181946 -26.2761822 57.9944572 -0.0616936 -0.6990347 -0.3386668 0.6267768
3192918857.683243 -18.3377571 -26.2155724 57.9247055 -0.0736176 -0.7207876 -0.3472860 0.5953470
3192918857.782244 -18.4962387 -26.1952019 57.9066925 -0.0859638 -0.7270879 -0.3666131 0.5740629
3192918857.881245 -18.6582451 -26.1539192 57.9059830 -0.1145579 -0.7341361 -0.3765197 0.5533115
3192918858.046247 -18.9010143 -26.0627708 57.9142036 -0.1389028 -0.7489939 -0.3750662 0.5282419
3192918858.211248 -19.1424065 -26.0243778 57.9151497 0.1344851 0.7705683 0.3740871 -0.4981939
3192918858.409249 -19.4280148 -25.9811821 57.8654289 0.1104020 0.7894140 0.3740751 -0.4740303
3192918858.739253 -19.8347054 -25.8534164 57.7426720 0.0324900 0.8106863 0.3540902 -0.4651368
3192918859.036255 -20.1935883 -25.7657471 57.7083511 0.0453039 0.8159459 0.3153911 -0.4823985
3192918859.267256 -20.5678520 -25.6876240 57.6642685 0.0507568 0.8398840 0.3107294 -0.4421153
3192918859.498258 -20.8815403 -25.5823517 57.5844078 0.0121804 0.8652194 0.3217744 -0.3843283
3192918859.795260 -21.2544117 -25.4773331 57.4278717 0.0105847 0.8509600 0.3350626 -0.4043366
3192918860.026262 -21.4872284 -25.4018135 57.4075089 0.0509060 0.8363765 0.2695000 -0.4746079
3192918860.191264 -21.6796932 -25.3624496 57.3982277 -0.0622518 -0.8146153 -0.2611195 0.5141432
3192918860.356265 -21.8882141 -25.3252487 57.3329430 -0.0764117 -0.7969175 -0.2819607 0.5287550
3192918860.653267 -22.2993374 -25.1262989 57.1629143 -0.0396528 -0.8094290 -0.2988304 0.5039372
3192918860.917269 -22.6634769 -25.0249138 57.0137596 0.0592913 0.8087249 0.3153239 -0.4929699
3192918861.148271 -22.9881592 -24.9097500 56.9603653 0.0914275 0.8152814 0.2836808 -0.4964700
3192918861.346273 -23.2998409 -24.8426514 56.8728638 0.1245000 0.8193811 0.2907585 -0.4780939
3192918861.643274 -23.7024517 -24.6555386 56.7056808 0.0733031 0.8290896 0.3129865 -0.4574675
3192918861.841276 -23.9750786 -24.6049881 56.6101761 0.0939364 0.8295888 0.3353963 -0.4364260
3192918862.105278 -24.3215923 -24.4845581 56.5665970 0.1013256 0.8329595 0.3097071 -0.4472059
3192918862.435280 -24.7540283 -24.3721867 56.4389725 0.0761840 0.8316156 0.3401335 -0.4323432
3192918862.666283 -25.0351410 -24.2625427 56.3250160 0.0555278 0.8177354 0.3614875 -0.4444685
3192918862.864284 -25.3025246 -24.2129288 56.2503471 0.0954977 0.8189545 0.3640867 -0.4331682
3192918863.161286 -25.7064629 -24.0770264 56.1808319 0.1057693 0.8322576 0.3516062 -0.4153711
3192918863.425288 -26.0100861 -23.9929733 56.0671425 0.0905116 0.8303323 0.3631680 -0.4128740
3192918863.557289 -26.1283417 -23.9258709 56.0117340 0.0874940 0.8233522 0.3576040 -0.4319206
3192918863.722291 -26.2759953 -23.8904896 55.9368896 0.0872606 0.8084055 0.3660118 -0.4526605
3192918863.821291 -26.3322163 -23.9045200 55.9103928 0.0914156 0.7954503 0.3501061 -0.4861355
3192918863.986293 -26.4404869 -23.8920555 55.9048691 -0.0903737 -0.7792503 -0.3316717 0.5240185
3192918864.415296 -26.7134552 -23.8568401 55.9253845 -0.1342415 -0.7377662 -0.3242106 0.5766869
3192918865.405303 -26.6709747 -23.8683643 56.1166267 -0.1626287 -0.6939557 -0.3804631 0.5892583
3192918867.055317 -26.9235687 -23.7423420 55.8997726 -0.1556577 -0.7358897 -0.3896040 0.5314562
3192918867.484322 -27.1969910 -23.6523266 55.7813377 -0.1840536 -0.7179854 -0.3643638 0.5637909
3192918867.616323 -27.2575855 -23.6219864 55.7049904 -0.1800363 -0.7245342 -0.3695155 0.5532590
3192918867.880325 -27.3191566 -23.5398979 55.5542145 -0.1723844 -0.7295256 -0.3641917 0.5526667
3192918868.111327 -27.3660297 -23.4587574 55.3802605 -0.1491909 -0.7424920 -0.3731392 0.5359243
3192918868.474330 -27.5461273 -23.2723236 55.2008400 -0.1529919 -0.7698115 -0.3477213 0.5129071
3192918868.837333 -27.7138996 -23.1749306 55.0106087 -0.1396779 -0.7626388 -0.3604630 0.5185928
3192918869.101335 -27.8193150 -23.1270332 54.8958855 -0.1399874 -0.7588556 -0.3703742 0.5170732
3192918869.332337 -27.8560028 -23.1306820 54.9097710 -0.1559361 -0.7399366 -0.3596248 0.5466697
3192918869.464339 -27.8593845 -23.1460133 54.9321404 -0.1539319 -0.7377788 -0.3506713 0.5558930
3192918869.563339 -27.8588161 -23.1575489 54.9485016 -0.1534380 -0.7353058 -0.3413199 0.5650513
3192918869.662341 -27.7119560 -23.1932869 54.9295883 -0.1580978 -0.7330797 -0.3235109 0.5770095
3192918869.761341 -27.5731010 -23.2228909 54.9086838 -0.1640386 -0.7356791 -0.3087553 0.5801188
3192918869.893342 -27.5858498 -23.3000164 55.0877457 -0.1804175 -0.7732050 -0.3114544 0.5221108
3192918870.058344 -27.6278648 -23.4101715 55.2439613 0.2042106 0.8030263 0.3224352 -0.4576925
3192918870.421346 -27.5710869 -23.2598190 54.8756943 0.2007004 0.8186968 0.3228194 -0.4303981
3192918873.358368 -28.1786575 -23.0431824 54.8944817 -0.1178145 -0.7583976 -0.3735350 0.5209841
3192918873.688371 -28.3618660 -22.9918537 54.8039589 -0.1175185 -0.7441624 -0.3833598 0.5342724
3192918873.919372 -28.5273132 -22.9471626 54.7931976 -0.1223387 -0.7394586 -0.3838909 0.5393163
3192918874.249375 -28.8184605 -22.8868542 54.7432861 -0.1213245 -0.7559600 -0.3873055 0.5136139
3192918874.645377 -29.1224976 -22.7563381 54.6294518 0.1049722 0.7649654 0.3931580 -0.4992351
3192918875.074380 -29.4851151 -22.6698990 54.5815125 0.1399689 0.7701573 0.4016668 -0.4753211
3192918875.569384 -29.8583908 -22.5966930 54.6268120 0.1464832 0.7875041 0.4371614 -0.4089864
3192918875.932387 -30.0931854 -22.5247459 54.6502342 0.1215921 0.7710859 0.4982381 -0.3773603
3192918876.328390 -30.2813377 -22.5475502 54.7437401 0.1172507 0.7935808 0.5085549 -0.3128158
3192918876.592391 -30.4086208 -22.5429001 54.8213425 0.1313589 0.8513486 0.4795437 -0.1672966
3192918877.054395 -30.4037018 -22.7364445 55.0206528 0.1223986 0.8980198 0.3777264 -0.1894778
3192918877.681400 -30.4664040 -22.7119884 55.1136093 0.1089901 0.8666837 0.4848468 -0.0436353
3192918878.143403 -30.5361900 -22.7063560 55.1336060 0.1012032 0.8668767 0.4842903 0.0612018
3192918879.859417 -30.7036114 -22.4419918 54.8181229 0.1108728 0.8821828 0.3417370 0.3044283
3192918879.991417 -30.4780350 -22.2378750 54.5618629 0.1151300 0.8824486 0.3651831 0.2732599
3192918880.420422 -30.2050171 -22.0783443 54.1068954 0.1031830 0.8928376 0.3510193 0.2626397
3192918880.651424 -29.9086266 -21.9458122 53.8116188 0.0990957 0.8825200 0.3421223 0.3070681
3192918881.014427 -29.6728611 -21.8865089 53.5175476 0.1134942 0.9175661 0.2848823 0.2530486
3192918881.674432 -29.2387047 -21.6371002 52.7822990 0.1048575 0.9426106 0.2428674 0.2037293
3192918882.367438 -28.8709259 -21.3063831 51.8200607 0.1025261 0.9334909 0.2714311 0.2107326
3192918882.730441 -28.6114864 -21.1281643 51.2539825 0.0930182 0.9274299 0.2802362 0.2295411
3192918882.994442 -28.5283699 -20.9554691 50.8982887 0.1242394 0.9232764 0.2784240 0.2336780
3192918883.324445 -28.3746605 -20.7806263 50.4282913 0.1051473 0.9211820 0.2800154 0.2489159
3192918883.588448 -28.1006527 -20.6128807 49.9861946 0.0684005 0.9158674 0.2544293 0.3029422
3192918883.819449 -28.0657654 -20.4710350 49.7029419 0.0927795 0.9067829 0.2366751 0.3363355
3192918884.116451 -27.9570236 -20.3401070 49.2672195 0.1272036 0.9033358 0.2626768 0.3143321
3192918884.413454 -27.8064747 -20.1888580 48.9266853 0.1090182 0.9158983 0.2641682 0.2818876
3192918884.677455 -27.7048988 -20.0986080 48.5798111 0.1213990 0.9145770 0.2838555 0.2612227
3192918884.842456 -27.6527023 -20.0071259 48.4257278 0.1357685 0.9232761 0.2886926 0.2139739
3192918885.040458 -27.6066151 -19.9007263 48.1292419 0.1669393 0.9188767 0.3137714 0.1713021
3192918885.370461 -27.3594475 -19.7528076 47.7371254 0.1271228 0.9305218 0.2923839 0.1802237
3192918885.634462 -27.1810226 -19.6418915 47.3566628 0.1211442 0.9255306 0.2996947 0.1972318
3192918885.898465 -27.0389042 -19.4766064 46.9934502 0.1523262 0.9247738 0.2756346 0.2135785
3192918886.261467 -26.8381329 -19.2949524 46.5148964 0.1274015 0.9292136 0.2663707 0.2222107
3192918886.657470 -26.5906525 -19.1473885 46.0005493 0.1216352 0.9288925 0.2661514 0.2269957
3192918886.954473 -26.4035473 -18.9767532 45.5687485 0.1591270 0.9267759 0.2663055 0.2117699
3192918887.284475 -26.2435875 -18.7757244 45.1524277 0.1317619 0.9310609 0.2607161 0.2186130
3192918887.647478 -26.0172253 -18.6185455 44.6548347 0.1355822 0.9254023 0.2761862 0.2212901
3192918887.911479 -25.9547653 -18.4768867 44.2730370 0.1462956 0.9214218 0.2720448 0.2357351
3192918888.175481 -25.7611599 -18.3527756 43.9266243 0.1230687 0.9285035 0.2634678 0.2309115
3192918888.406483 -25.6040421 -18.2766457 43.4928627 0.1074519 0.9219460 0.2796662 0.2454720
3192918888.571485 -25.5211182 -18.2138062 43.3248215 0.1102580 0.9149814 0.2996064 0.2467555
3192918888.769486 -25.4715786 -18.1028519 43.0981636 0.1209912 0.9129351 0.2936331 0.2563009
3192918889.033488 -25.4481030 -17.8633842 42.8354759 0.1199026 0.9147171 0.2864072 0.2586248
3192918889.495491 -25.0646973 -17.7528191 42.2416649 0.1084239 0.9156343 0.3041040 0.2395385
3192918889.693493 -24.9376602 -17.5737782 41.9345703 0.0947426 0.9207013 0.2843039 0.2500086
3192918889.957495 -24.8376007 -17.5200539 41.6334877 0.1104823 0.9115375 0.3084380 0.2485135
3192918890.122497 -24.7732620 -17.4031754 41.4594688 0.1074270 0.9162861 0.2919138 0.2523203
3192918890.287497 -24.6733170 -17.3348198 41.2734184 0.0975260 0.9183089 0.2932694 0.2473671
3192918890.518500 -24.5691547 -17.2535439 41.0122604 0.1106694 0.9150497 0.2975858 0.2487548
3192918890.749502 -24.4738846 -17.1128311 40.7327156 0.1113611 0.9165621 0.2845120 0.2580030
3192918891.013503 -24.3443527 -16.9900532 40.3986053 0.0989798 0.9099661 0.2992910 0.2694245
3192918891.244505 -24.2003498 -16.8655529 40.1463013 0.0931878 0.9120908 0.3010265 0.2622772
3192918891.442507 -24.1006432 -16.8080940 39.9234467 0.0932771 0.9106168 0.3077800 0.2595146
3192918891.574508 -24.0349178 -16.7361279 39.7889595 0.1023170 0.9133891 0.2916912 0.2648918
3192918891.739510 -23.9650230 -16.6465149 39.5922394 0.1066666 0.9146543 0.2932599 0.2569599
3192918892.003511 -23.8274307 -16.5412350 39.2827950 0.0926127 0.9161569 0.2938457 0.2563865
3192918892.201513 -23.6813202 -16.4290810 39.0631485 0.0964523 0.9194936 0.2833602 0.2548244
3192918892.366515 -23.5760460 -16.3781319 38.8441658 0.0888296 0.9157879 0.2929005 0.2600984
3192918892.564516 -23.4584389 -16.2460537 38.6047478 0.1093945 0.9134834 0.2773682 0.2768533
3192918892.762517 -23.3500938 -16.1419563 38.3278809 0.1154166 0.9049515 0.2975526 0.2814325
3192918892.993519 -23.1796780 -16.0221443 38.0498009 0.0954287 0.9139854 0.2815142 0.2761772
3192918893.225694 -23.1354561 -15.9951601 37.9784698 0.0631847 0.9203473 0.2800567 0.2655877
3192918893.456564 -23.1030121 -15.9624977 37.9003677 0.0860478 0.9135512 0.2843240 0.2778127
3192918893.687567 -23.0695343 -15.9271507 37.8219070 0.0821207 0.9134551 0.2882271 0.2752839
3192918893.951570 -23.0256386 -15.8924322 37.7349892 0.0733479 0.9144214 0.2966748 0.2654006
3192918894.083571 -23.0017796 -15.8755627 37.6945114 0.0857391 0.9179803 0.2882733 0.2585719
3192918894.215572 -22.9740810 -15.8550014 37.6461105 0.0723296 0.9135678 0.3028844 0.2615784
3192918894.380574 -22.8533096 -15.7728996 37.4247131 0.0777091 0.9147906 0.3085084 0.2488815
3192918894.809575 -22.6440010 -15.5102434 36.8138695 0.0897918 0.9083608 0.3145474 0.2605341
3192918895.040575 -22.4695740 -15.3518057 36.4867210 0.0607642 0.9081206 0.3103210 0.2744548
3192918895.172576 -22.3878021 -15.2882328 36.2635040 0.0553247 0.8955869 0.3245135 0.2992561
3192918895.436577 -22.2977066 -15.1078854 35.9292221 0.0950355 0.8944469 0.3157146 0.3020883
3192918895.568578 -22.2631474 -15.0372944 35.7428665 0.0990022 0.8911681 0.3210820 0.3048351
3192918895.799580 -22.1792488 -14.9262943 35.4508553 0.0917795 0.8952476 0.3244546 0.2912688
3192918895.997581 -22.0895500 -14.8127413 35.1913338 0.0972090 0.8984211 0.3138891 0.2913135
3192918896.162582 -22.0344887 -14.7483177 34.9443665 0.1045196 0.8865659 0.3303694 0.3064842
3192918896.426585 -21.9790821 -14.5829916 34.6256218 0.1277812 0.8918800 0.3191785 0.2938487
3192918896.657587 -21.9142609 -14.4831963 34.3097076 0.1417129 0.8850323 0.3217105 0.3051845
3192918896.855589 -21.8177681 -14.3446589 34.0628204 0.1407664 0.8785621 0.3167564 0.3286013
3192918897.053590 -21.7034111 -14.2604151 33.7926636 0.1326249 0.8722833 0.3141381 0.3504992
3192918897.152590 -21.6630898 -14.2228794 33.6660194 0.1383079 0.8670937 0.3204223 0.3554560
3192918897.383592 -21.5793571 -14.0716124 33.3969574 0.1440497 0.8658007 0.3120765 0.3636578
3192918897.581594 -21.4932632 -13.9881477 33.1297607 0.1583032 0.8598135 0.3123391 0.3716251
3192918897.812595 -21.3769188 -13.8499956 32.8773346 0.1507706 0.8524210 0.2975053 0.4026628
3192918898.043597 -21.2373924 -13.7689495 32.6145477 0.1472995 0.8458934 0.3021418 0.4140986
3192918898.241599 -21.1554680 -13.6722336 32.4165268 0.1653045 0.8451784 0.2859515 0.4202138
3192918898.406599 -21.0729961 -13.5632095 32.2302933 0.1731559 0.8376800 0.2794374 0.4361467
3192918898.538601 -21.0157776 -13.5104542 32.0771179 0.1905510 0.8280611 0.2879517 0.4416887
3192918898.967604 -20.6991444 -13.3366699 31.6279793 0.1560634 0.8354659 0.2781478 0.4475206
3192918899.363607 -20.4453411 -13.1512432 31.1976738 0.1683096 0.8212730 0.2677121 0.4748818
3192918899.726610 -20.1768703 -13.0014029 30.7876072 0.1560916 0.8140546 0.2584704 0.4961286
3192918900.155613 -19.8799210 -12.8606787 30.3024559 0.1456719 0.7952400 0.2591687 0.5283982
3192918900.452616 -19.7740059 -12.7202759 29.9775581 0.1494124 0.8053683 0.2314885 0.5248533
3192918900.881619 -19.5585117 -12.5662041 29.5069275 0.1228435 0.7824400 0.2410064 0.5609038
3192918901.343622 -19.4140587 -12.3851681 29.0241013 0.1194215 0.8101033 0.2479325 0.5176878
3192918901.805625 -19.2560120 -12.2335072 28.4327927 0.0986993 0.8131137 0.2623272 0.5101853
3192918902.300630 -19.1115246 -12.0419064 27.7595787 0.0913292 0.8139729 0.2614295 0.5106483
3192918902.729633 -18.9371243 -11.9374228 27.3044643 0.0627362 0.8178861 0.2751529 0.5014154
3192918902.927634 -18.8747864 -11.8988419 27.1863861 0.0783643 0.8561872 0.2676278 0.4349459
3192918902.993635 -18.8198318 -11.8948269 27.1301899 0.0776157 0.8657855 0.2774330 0.4091726
3192918903.257637 -18.6960945 -11.8337593 26.9252243 0.0748658 0.8789036 0.3106823 0.3541188
3192918903.686640 -18.5216408 -11.6801891 26.5322495 0.0769406 0.8919371 0.3196773 0.3103784
3192918904.082643 -18.3057880 -11.5380716 26.1514435 0.0483558 0.9010687 0.3224810 0.2859071
3192918904.412645 -18.1789780 -11.3970184 25.7926903 0.0466704 0.8978809 0.3355057 0.2811900
3192918904.742648 -18.0630550 -11.2730885 25.4041653 0.0480992 0.8966091 0.3370582 0.2831436
3192918904.973650 -17.9609985 -11.1738949 25.1758595 0.0408151 0.9105234 0.3279261 0.2484870
3192918905.270651 -17.8397293 -11.0637093 24.8183403 0.0380470 0.9091519 0.3347608 0.2448072
3192918905.600654 -17.7521973 -10.8990011 24.4086113 0.0453429 0.9095383 0.3379402 0.2376564
3192918905.930656 -17.6049042 -10.7355118 24.0042324 0.0426762 0.9123871 0.3373863 0.2278133
3192918906.161658 -17.5165939 -10.6546936 23.6999588 0.0494444 0.9094713 0.3510644 0.2171887
3192918906.491661 -17.3976460 -10.4696627 23.2638607 0.0613294 0.9109515 0.3364928 0.2306050
3192918906.722662 -17.3005543 -10.3525696 22.9510002 0.0522212 0.9066278 0.3404049 0.2437694
3192918906.986664 -17.1697693 -10.2257338 22.6293049 0.0409477 0.9113132 0.3332366 0.2382960
3192918907.349667 -17.0016479 -10.0065308 22.1303940 0.0427793 0.9092534 0.3295758 0.2506154
3192918907.616948 -16.8563633 -9.8731947 21.7468243 0.0398373 0.9037150 0.3468702 0.2477764
3192918907.847951 -16.6703224 -9.7345772 21.4378338 0.0360735 0.9104911 0.3395221 0.2333010
3192918908.045952 -16.5244560 -9.6555920 21.1505375 0.0368635 0.9015579 0.3604577 0.2364415
3192918908.342955 -16.3236256 -9.4856215 20.7396507 0.0545120 0.9109852 0.3373853 0.2308800
3192918908.639957 -16.0918980 -9.3309536 20.3391190 0.0389056 0.9103459 0.3187229 0.2610987
3192918908.837958 -15.9067020 -9.2415609 20.0369263 0.0276448 0.9044063 0.3346204 0.2632758
3192918909.068960 -15.7871799 -9.1121368 19.7212334 0.0604532 0.9117377 0.3393330 0.2234567
3192918909.299962 -15.6832676 -8.9906597 19.3754578 0.0800285 0.9124354 0.3463967 0.2026487
3192918909.563963 -15.5250645 -8.8184919 18.9909306 0.0693781 0.9169258 0.3395724 0.1977987
3192918909.794965 -15.4085712 -8.7170963 18.6220245 0.0623071 0.9121696 0.3549244 0.1951744
3192918910.289969 -15.2713861 -8.4257174 17.8632202 0.1013634 0.9174654 0.3475273 0.1649466
3192918910.619971 -15.0361023 -8.2023592 17.3172188 0.0712957 0.9169455 0.3260547 0.2186690
3192918910.982974 -14.9152431 -7.9769225 16.7561302 0.1300037 0.9152510 0.3216333 0.2048577
3192918911.279977 -14.7886715 -7.8406391 16.3252258 0.1265675 0.9183543 0.3205976 0.1944821
3192918911.477978 -14.6285038 -7.7166543 16.0158367 0.1154729 0.9250136 0.3014689 0.2003307
3192918911.774980 -14.4875364 -7.5672092 15.5677423 0.1578871 0.9133013 0.3134272 0.2066779
3192918911.972981 -14.4143028 -7.4331436 15.2770748 0.1796804 0.9079234 0.3235415 0.1967511
3192918912.236983 -14.2607565 -7.2954240 14.9113960 0.1577677 0.9107786 0.3244222 0.2008532
3192918912.566986 -14.0250835 -7.1536813 14.4715519 0.0864887 0.9246377 0.3243806 0.1798387
3192918912.863987 -13.8566303 -6.9765224 14.0737410 0.0884623 0.9288770 0.3152281 0.1731856
3192918913.094989 -13.7190161 -6.8853941 13.7630558 0.0827900 0.9267706 0.3306709 0.1577940
3192918913.358992 -13.5242481 -6.7533460 13.4378157 0.0898209 0.9312410 0.3281717 0.1304826
3192918913.655995 -13.3539362 -6.6343956 13.0653839 0.1035920 0.9316999 0.3234615 0.1287500
3192918913.952998 -13.2049294 -6.4799471 12.6454105 0.1225386 0.9186602 0.3461735 0.1456425
3192918914.250001 -13.0215054 -6.3595061 12.3283396 0.1143156 0.9250152 0.3427827 0.1173836
3192918914.514004 -12.8908901 -6.2765799 12.0231371 0.1045269 0.9226078 0.3482719 0.1287462
3192918914.877006 -12.7630367 -6.0603595 11.5400829 0.1200830 0.9265396 0.3273585 0.1412119
3192918915.174010 -12.5814257 -5.8525758 11.1011143 0.0824837 0.9229265 0.3306551 0.1790818
3192918915.339010 -12.4604502 -5.7705798 10.8400640 0.0369335 0.9157196 0.3442651 0.2038994
3192918915.702014 -12.3331242 -5.5689311 10.3427582 0.1016832 0.9207430 0.3374283 0.1674363
3192918915.999016 -12.1813059 -5.4377742 9.9049788 0.1170508 0.9206272 0.3198793 0.1908451
3192918916.263019 -11.9976044 -5.2985301 9.5327625 0.1173053 0.9223967 0.3143535 0.1913261
3192918916.494021 -11.8826542 -5.1981087 9.2062836 0.1415296 0.9154997 0.3189414 0.2002647
3192918916.626023 -11.8268785 -5.1023402 9.0290766 0.1477978 0.9174038 0.3146719 0.1936691
3192918916.890026 -11.7115402 -4.9917641 8.6514387 0.1239232 0.9238808 0.3166113 0.1756265
3192918917.088027 -11.5694790 -4.8589230 8.3690281 0.1122153 0.9311768 0.2951882 0.1821574
3192918917.253028 -11.4618969 -4.7927809 8.1190701 0.0987097 0.9270746 0.3110538 0.1844849
3192918917.550032 -11.2966537 -4.6128244 7.7089739 0.1023698 0.9300746 0.2987119 0.1877573
3192918917.880034 -11.0799589 -4.4353585 7.2057676 0.0673075 0.9309546 0.2929896 0.2072448
3192918918.078036 -10.9396429 -4.3119926 6.9306512 0.0888961 0.9361327 0.2843533 0.1868051
3192918918.243038 -10.8627663 -4.2564621 6.6955228 0.0995627 0.9271579 0.3181095 0.1710904
3192918918.474040 -10.7509594 -4.0841913 6.3769884 0.1168400 0.9277019 0.3125707 0.1673832
3192918918.738042 -10.6405210 -3.9390919 5.9600310 0.1143471 0.9203793 0.3362335 0.1636269
3192918919.038225 -10.4964828 -3.7439985 5.5248814 0.1040604 0.9264351 0.3282987 0.1520179
3192918919.206154 -10.4589882 -3.6750722 5.2705746 0.1168054 0.9202414 0.3379301 0.1591084
3192918919.371170 -10.4122257 -3.5225022 5.0225592 0.1079896 0.9134989 0.3464974 0.1838413
3192918919.503170 -10.3949795 -3.4323804 4.8025389 0.1085812 0.8981754 0.3773211 0.1977872
3192918919.734172 -10.3284473 -3.3183131 4.4974961 0.0928286 0.8957408 0.3862835 0.1995402
3192918919.998174 -10.1940975 -3.1938732 4.1629686 0.0934496 0.9130555 0.3542151 0.1792443
3192918920.196175 -10.1099796 -3.0901396 3.8801379 0.1075471 0.9026150 0.3676732 0.1963064
3192918920.460176 -10.0160837 -2.9290485 3.5096240 0.1207135 0.8966405 0.3813494 0.1898333
3192918920.658177 -9.9003916 -2.8506155 3.2384241 0.1040694 0.9065846 0.3588703 0.1961783
3192918920.790178 -9.7889032 -2.7523828 3.0596094 0.1029841 0.9091107 0.3444542 0.2103882
3192918920.955180 -9.6565933 -2.6666739 2.7996850 0.0897990 0.8985251 0.3552323 0.2416588
3192918921.153182 -9.5560265 -2.5319757 2.5272443 0.1075829 0.8907583 0.3450677 0.2755065
3192918921.318182 -9.4945450 -2.3807003 2.2863567 0.0878674 0.8760898 0.3354568 0.3349846
3192918921.450183 -9.4469929 -2.3124321 2.0892851 0.1035836 0.8588459 0.3520254 0.3573965
3192918921.615184 -9.3671846 -2.2333384 1.8943508 0.0728040 0.8606014 0.3355584 0.3761188
3192918921.747185 -9.2841606 -2.1507680 1.7457137 0.0473624 0.8586518 0.3250368 0.3934780
3192918921.912185 -9.1956081 -2.0952530 1.5350993 0.0171588 0.8467739 0.3321016 0.4151963
3192918922.044186 -9.1541615 -2.0539730 1.3712263 0.0261322 0.8377891 0.3450010 0.4223753
3192918922.242188 -9.1032324 -1.9344978 1.1484807 0.0317666 0.8292580 0.3378902 0.4440183
3192918922.440189 -9.0635262 -1.8760400 0.9081988 0.0371049 0.8150349 0.3521189 0.4586432
3192918922.737191 -8.9161987 -1.7308986 0.5870955 0.0134579 0.7785350 0.3527053 0.5189424
3192918923.067193 -8.7757654 -1.6151178 0.2599605 0.0033189 0.7306058 0.3578161 0.5815254
3192918923.331195 -8.7637844 -1.4865093 -0.0050046 0.0215239 0.7210674 0.3476861 0.5989265
3192918923.628196 -8.7248669 -1.3781598 -0.3034046 0.0310750 0.7052508 0.3288326 0.6273155
3192918923.925199 -8.6294832 -1.2469897 -0.5937137 0.0014571 0.6717277 0.3304707 0.6630000
3192918924.354201 -8.5944405 -1.0603352 -1.0056759 0.0009715 0.6168072 0.3105686 0.7232531
3192918924.750204 -8.5005131 -0.8823563 -1.3658950 0.0066207 0.5591977 0.2678246 0.7845535
3192918925.146206 -8.3100138 -0.7742248 -1.7084354 0.0178908 0.5413587 0.2397662 0.8056816
3192918925.476209 -8.0993824 -0.6478026 -1.9797258 0.0236253 0.4861245 0.2012792 0.8500656
3192918925.905213 -7.7809796 -0.5772630 -2.1954515 0.0131320 0.4262298 0.1820507 0.8860097
3192918926.235216 -7.5340519 -0.6030943 -2.3280811 -0.0003145 0.4391230 0.1677338 0.8826303
3192918926.565218 -7.2009368 -0.5718620 -2.4547913 0.0137871 0.4081630 0.1529847 0.8998936
3192918926.862220 -6.8459435 -0.6188225 -2.4806402 -0.0057059 0.2965468 0.1038154 0.9493418
3192918927.225223 -6.4729738 -0.7239099 -2.4036906 -0.0358390 0.2113154 0.0393811 0.9759665
3192918927.555226 -6.1295519 -0.8043015 -2.3246722 -0.0410844 0.1125085 -0.0075189 0.9927726
3192918927.786227 -5.9067497 -0.8935206 -2.2707880 -0.0537355 0.0466788 -0.0283830 0.9970596
3192918928.215231 -5.5791764 -1.0267272 -2.1010413 -0.0674580 0.0267701 -0.0588434 0.9956256
3192918928.677236 -5.1812477 -1.1716679 -2.0066416 -0.0608710 0.0223200 -0.0528257 0.9964969
3192918929.271240 -4.8125277 -1.3506637 -1.7765433 -0.0854819 -0.0222449 -0.0823807 0.9926789
3192918929.766932 -4.4378548 -1.4982367 -1.7784932 -0.0567863 0.0398615 -0.0167082 0.9974504
3192918930.129936 -4.2207675 -1.6040471 -1.7498538 -0.0223796 0.0834857 0.0201251 0.9960544
3192918930.591939 -4.0548725 -1.7625065 -1.5397865 -0.0117241 0.2004557 0.0998158 0.9745342
3192918930.954942 -3.8615687 -1.8698740 -1.4465512 0.0448623 0.3087327 0.1552627 0.9373180
3192918931.317945 -3.5816355 -2.0243027 -1.2510068 0.0586463 0.3253436 0.1407386 0.9332228
3192918931.614948 -3.3432178 -2.1708596 -1.0648750 0.0607257 0.3677997 0.1634516 0.9134108
3192918931.878951 -3.0593638 -2.2702625 -0.9358639 0.0892647 0.3769853 0.1803050 0.9041040
3192918932.175953 -2.6770859 -2.4042351 -0.8149685 0.1145033 0.3726592 0.1722642 0.9046210
3192918932.472955 -2.3338466 -2.5045166 -0.6230484 0.0973926 0.3820716 0.1467061 0.9072008
3192918932.769958 -1.9915302 -2.6634192 -0.4961258 0.1005570 0.3846718 0.1684499 0.9019648
3192918933.099962 -1.5459095 -2.7548864 -0.3547832 0.1028375 0.3691565 0.1957040 0.9026893
3192918933.405298 -1.1791142 -2.8726687 -0.1890319 0.0665470 0.3686604 0.1813535 0.9092700
3192918933.669377 -0.9211338 -3.0096803 -0.0698786 0.0559780 0.4084799 0.1898773 0.8910428
3192918933.900379 -0.6915629 -3.0795863 0.0120102 0.0758887 0.4442385 0.2154268 0.8663050
3192918934.270289 -0.2340855 -3.2464025 0.2149435 0.0558782 0.4261200 0.2152153 0.8769161
3192918934.600609 0.0722038 -3.3847568 0.4300423 0.0570283 0.4455104 0.1969294 0.8714856
3192918934.996613 0.4910450 -3.5165782 0.6308622 0.0648286 0.4090037 0.1902099 0.8901311
3192918935.458616 0.8638840 -3.6497054 0.8442042 0.0482218 0.3638103 0.1752661 0.9135636
3192918935.722619 1.1250889 -3.7457604 0.9717973 -0.0026827 0.2872750 0.1263003 0.9494810
3192918935.986621 1.3530531 -3.7937109 1.0117939 -0.0162839 0.2778176 0.1106275 0.9541036
3192918936.184855 1.5333917 -3.8367372 1.0132864 -0.0179916 0.2593698 0.1020067 0.9602074
3192918936.547935 1.8216629 -3.9228210 1.1094122 -0.0124959 0.2033484 0.0412355 0.9781579
3192918936.745936 1.9464772 -3.9906635 1.1180485 0.0213841 0.2232190 0.0291897 0.9740965
3192918936.910937 2.0520873 -4.0215502 1.1291758 0.0434547 0.2238066 0.0397209 0.9728538
3192918937.141939 2.2204273 -4.0591979 1.1545247 0.0417746 0.1703469 0.0129101 0.9844136
3192918937.339940 2.3398497 -4.1051435 1.1818134 0.0463469 0.1097559 -0.0086569 0.9928397
3192918937.570940 2.4762218 -4.1528540 1.2261802 0.0584881 0.0586468 -0.0264983 0.9962116
3192918937.834941 2.6087644 -4.2148552 1.3079932 0.0517570 0.0148877 -0.0489360 0.9973489
3192918937.966942 2.6722617 -4.2476521 1.3418002 0.0432455 -0.0073561 -0.0545314 0.9975480
3192918938.197944 2.7996180 -4.2907953 1.3985722 0.0267157 -0.0626015 -0.0921154 0.9934194
3192918938.428944 2.9423983 -4.3286004 1.4607339 -0.0039580 -0.1565238 -0.1509541 0.9760622
3192918938.692945 3.0882316 -4.3789258 1.5183586 -0.0293038 -0.2321315 -0.1917822 0.9531400
3192918938.923947 3.2207084 -4.4178452 1.5879954 -0.0315906 -0.2701130 -0.2107492 0.9389493
3192918939.154947 3.3428545 -4.4854851 1.6582701 -0.0445020 -0.2865203 -0.2413791 0.9261004
3192918939.484949 3.5633390 -4.5581241 1.7793056 -0.0605909 -0.3608491 -0.2529610 0.8956156
3192918939.847951 3.8238151 -4.6557989 1.8702965 -0.0685566 -0.3930697 -0.2621854 0.8786666
3192918940.441954 4.0869699 -4.7919583 2.0546212 -0.0712435 -0.3807456 -0.2597892 0.8845715
3192918941.332958 4.4612689 -5.0036654 2.2978861 -0.0332310 -0.3157606 -0.2703655 0.9088968
3192918947.306009 1.9052029 -7.5898972 8.9510365 0.1166363 -0.1999199 -0.1547724 0.9604548
3192918955.622075 -2.7251463 -11.9911575 20.2586155 0.0647722 -0.1103083 -0.1086371 0.9858167
3192918955.952077 -2.9766307 -12.1506672 20.7438259 0.0841139 -0.1235468 -0.1395780 0.9788662
3192918956.942085 -3.4795265 -12.6917906 22.1049118 0.0760407 -0.1062408 -0.1109576 0.9852000
3192918965.885268 -7.7090683 -17.0128708 33.3072166 0.1243447 0.1595057 0.0608521 0.9774423
3192918966.116276 -7.7476625 -17.0892601 33.5072746 0.1352425 0.1688480 0.0790348 0.9731153
3192918966.347282 -7.7465830 -17.1642971 33.6228485 0.1245979 0.2316447 0.0993000 0.9596643
3192918966.644292 -7.8294067 -17.2263870 33.7637749 0.1288856 0.2970951 0.1299638 0.9371406
3192918966.776296 -7.9009142 -17.2620144 33.8507118 0.1278694 0.3038465 0.1293462 0.9351985
3192918967.073294 -7.9649868 -17.3164692 33.9916992 0.1342825 0.3329544 0.1574242 0.9199604
3192918967.568287 -8.0396128 -17.3201523 34.0521164 0.1440589 0.4166672 0.1805566 0.8792239
3192918970.439241 -7.6512032 -17.2273521 33.8544235 0.0372172 0.2967581 0.0037773 0.9542197
3192918970.736237 -7.5918360 -17.1734791 33.7258224 0.0678419 0.1959987 -0.0006049 0.9782544
3192918970.901234 -7.5549555 -17.1430168 33.6418304 0.0864388 0.1358075 -0.0127659 0.9868747
3192918971.264228 -7.6213164 -17.0911961 33.5280418 0.1031666 0.0660109 -0.0270932 0.9921014
3192918971.429225 -7.6948071 -17.0755501 33.5386696 0.0897909 0.0027494 -0.0440661 0.9949815
3192918971.627223 -7.7739859 -17.0626450 33.5635109 0.0818326 -0.0613854 -0.0726415 0.9920980
3192918971.858218 -7.8416710 -17.1163311 33.7140732 0.0796225 -0.1390979 -0.1110098 0.9808103
3192918972.122214 -7.9068956 -17.2376041 34.0453300 0.0774721 -0.2190217 -0.1355918 0.9631420
3192918972.518208 -7.8847790 -17.3987999 34.3650475 0.0762997 -0.2446264 -0.1529009 0.9544410
3192918976.115221 -8.9381332 -18.9558868 38.2986374 0.0542886 -0.2720288 -0.1482857 0.9492441
3192918976.478221 -9.0610752 -19.1461067 38.8011475 0.0471716 -0.2605839 -0.1268680 0.9559160
3192918976.775224 -9.1083279 -19.1805382 38.9201431 0.0507219 -0.2319317 -0.1383621 0.9615045
3192918977.039227 -9.1512527 -19.2292042 39.0135193 0.0392385 -0.2281511 -0.1372446 0.9631050
3192918977.336227 -9.1935825 -19.2683945 39.1450119 0.0408352 -0.2688041 -0.1215924 0.9546162
3192918977.732229 -9.2705221 -19.3194962 39.3101425 0.0473022 -0.2859509 -0.1546567 0.9444977
3192918977.798230 -9.2822018 -19.3334656 39.3330841 0.0395924 -0.2795615 -0.1668131 0.9446964
3192918978.128232 -9.3341656 -19.3821640 39.4646034 0.0298636 -0.2779407 -0.1363100 0.9504087
3192918978.524235 -9.4040947 -19.4354210 39.6173515 0.0413719 -0.2646521 -0.1354108 0.9538928
3192918978.821237 -9.4898205 -19.4730797 39.7418518 0.0412603 -0.2849729 -0.1589434 0.9443648
3192918979.217239 -10.0579634 -20.2053528 41.3648300 0.0216599 -0.2848004 -0.0766545 0.9552715
3192918985.421285 -13.5274830 -23.6188316 50.2193336 0.0768916 -0.1897122 -0.0798087 0.9755653
3192918985.751288 -13.7303371 -23.8306561 50.7298088 0.0737244 -0.2154902 -0.0867425 0.9698476
3192918986.048291 -13.9530554 -24.0221214 51.1822815 0.0840233 -0.2258662 -0.1311592 0.9616246
3192918986.345293 -14.0986977 -24.1686745 51.6448021 0.0801861 -0.2423361 -0.1096834 0.9606315
3192918986.774297 -14.3431950 -24.4129162 52.2744064 0.0868473 -0.2317451 -0.1079581 0.9628587
3192918987.170301 -14.5949230 -24.6622543 52.8760567 0.0657506 -0.2466179 -0.0904036 0.9626441
3192918987.434302 -14.7677822 -24.8278599 53.2939606 0.0444575 -0.2836294 -0.0953937 0.9531411
3192918988.094307 -15.2017765 -25.2183285 54.3795853 0.0554431 -0.3101723 -0.1336948 0.9395983
3192918988.358310 -15.2454853 -25.3710899 54.7788277 0.0474959 -0.3661575 -0.1373276 0.9191377
3192918988.589311 -15.4258804 -25.4779778 55.1160889 0.0350010 -0.3586257 -0.1652701 0.9180678
3192918988.952313 -15.6327362 -25.6905594 55.5585403 -0.0197450 -0.3489874 -0.1769309 0.9200616
3192918991.394333 -16.6755314 -26.5354404 57.9518204 -0.0516587 -0.7048538 -0.3486334 0.6156032
3192918991.691336 -16.9604454 -26.5037022 58.0949059 -0.0565193 -0.7378733 -0.3575842 0.5696333
3192918992.318342 -17.6674290 -26.4384518 58.1445961 -0.0712273 -0.7675344 -0.3474135 0.5339677
3192919000.568404 -28.9758034 -22.8620853 54.6549110 -0.0830656 -0.7281426 -0.3856865 0.5604948
3192919001.195407 -29.5410843 -22.6232376 54.5855904 0.1402264 0.8005595 0.4180076 -0.4058457
3192919001.525410 -29.7860069 -22.5458355 54.5914650 0.1271363 0.7811624 0.4893332 -0.3662987
3192919001.921412 -30.0034161 -22.5711174 54.6800041 0.1066697 0.7972855 0.4853514 -0.3426243
3192919002.152414 -30.1364994 -22.5836754 54.7727661 0.0839033 0.8498568 0.4655119 -0.2323840
3192919002.581417 -30.2171555 -22.7849655 55.0523300 0.0897882 0.9116779 0.3517593 -0.1924758
3192919003.043420 -30.3176765 -22.8866482 55.3605194 0.0242129 0.9486836 0.3050523 -0.0797268
3192919003.307422 -30.4616470 -22.8618393 55.4306793 0.0379288 0.9395718 0.3402345 -0.0025956
3192919003.439423 -30.4917641 -22.8377819 55.4460068 0.0598742 0.9346175 0.3472832 0.0479551
3192919003.769425 -30.5573215 -22.8599625 55.5145721 0.0924395 0.9176083 0.3826536 0.0550115
3192919003.967427 -30.5600319 -22.8148022 55.5052109 0.0719234 0.8999516 0.4217308 0.0840069
3192919004.066428 -30.5381851 -22.7963161 55.4645157 0.0697382 0.8938785 0.4251705 0.1238870
3192919004.396431 -30.4307556 -22.7961826 55.2728691 0.0600829 0.9095132 0.3551234 0.2075166
3192919004.693433 -30.3014336 -22.6269608 54.9685898 0.0553333 0.9117464 0.3407644 0.2225675
3192919005.287437 -29.9242706 -22.3221645 54.1145477 0.0446318 0.9219777 0.2956492 0.2460826
3192919005.650441 -29.6785965 -22.0846806 53.4588470 0.0813906 0.9134105 0.2810559 0.2829565
3192919005.848442 -29.5374908 -22.0039215 53.0995331 0.1588080 0.8958358 0.2983811 0.2884908
3192919006.178445 -29.3564262 -21.7343597 52.5707550 0.1731920 0.8874941 0.2943116 0.3094180
3192919006.541448 -29.1694012 -21.5405369 52.1753349 0.1063457 0.9144836 0.2944131 0.2563811
3192919006.838450 -28.9617558 -21.4225445 51.7534523 0.0672588 0.9187625 0.3099818 0.2350809
3192919007.300455 -28.7033920 -21.0282822 50.9545021 0.1305105 0.9032487 0.3126456 0.2633658
3192919007.531456 -28.5674591 -20.8731079 50.6048965 0.1325047 0.9120419 0.2878933 0.2602681
3192919007.762457 -28.3005219 -20.7313118 50.1762123 0.1289190 0.9111140 0.2814437 0.2721039
3192919007.927458 -28.1782112 -20.5963707 49.8730698 0.1534830 0.9103996 0.2719734 0.2713781
3192919008.092461 -28.0966759 -20.5315742 49.6047134 0.1772644 0.9052663 0.2815202 0.2642283
3192919008.356462 -27.8775921 -20.3493385 49.2238312 0.1381990 0.9150124 0.2733910 0.2625087
3192919008.488464 -27.8062153 -20.3065872 49.0060501 0.1123454 0.9090891 0.2910578 0.2760814
3192919008.719465 -27.6354923 -20.1532898 48.6656494 0.1388083 0.9137889 0.2676715 0.2721655
3192919008.851466 -27.5886345 -20.0642872 48.4087181 0.1622685 0.9002150 0.2878448 0.2835971
3192919008.983467 -27.5004005 -20.0125122 48.2000046 0.1598652 0.8991476 0.3047370 0.2703927
3192919009.214469 -27.3409634 -19.8538284 47.8673325 0.1168618 0.9163531 0.2833835 0.2575541
3192919009.346469 -27.2276230 -19.8158779 47.6151047 0.0905445 0.9073204 0.3037501 0.2762376
3192919009.544472 -27.1207428 -19.6486168 47.2913513 0.1424839 0.8993176 0.2970587 0.2875453
3192919009.709472 -27.0388374 -19.5898609 46.9878273 0.1408943 0.8979463 0.3112811 0.2773902
3192919009.940474 -26.9134197 -19.4181385 46.6474457 0.1236026 0.9054294 0.2985219 0.2753267
3192919010.138476 -26.7442360 -19.2888374 46.3202324 0.1144991 0.9132516 0.2702127 0.2825712
3192919010.369477 -26.6149979 -19.1427269 45.9308624 0.1411837 0.9040725 0.2800189 0.2903609
3192919010.567478 -26.5000134 -19.0578518 45.5792160 0.1362033 0.9009967 0.2932161 0.2892713
3192919010.798480 -26.3563042 -18.8740616 45.2303772 0.1228568 0.9071351 0.2871723 0.2820357
3192919010.996481 -26.2065220 -18.7469978 44.9207458 0.1158642 0.9173532 0.2751049 0.2633550
3192919011.227483 -26.0868587 -18.6339989 44.5311241 0.1353178 0.9123833 0.2823124 0.2637149
3192919011.458485 -25.9424706 -18.4392262 44.1291084 0.1706968 0.9061726 0.2804992 0.2665220
3192919011.623486 -25.8402653 -18.3588486 43.8579330 0.1497247 0.9027738 0.3061573 0.2623923
3192919011.788488 -25.6889725 -18.2323036 43.5950356 0.1369366 0.9090716 0.2845987 0.2717366
3192919011.953488 -25.5687218 -18.1783638 43.3166542 0.1312236 0.9082533 0.2893188 0.2723067
3192919012.184490 -25.4183578 -18.0197086 42.9650879 0.1434560 0.9137043 0.2705709 0.2671256
3192919012.382492 -25.3051720 -17.8944359 42.6104965 0.1396071 0.9133923 0.2724018 0.2683684
3192919012.613493 -25.1373215 -17.7181816 42.2591476 0.1108290 0.9181677 0.2571113 0.2803190
3192919012.778495 -25.0132942 -17.6331329 41.9955063 0.0952102 0.9190499 0.2588743 0.2815429
3192919012.976496 -24.9104881 -17.5307121 41.7048950 0.1184019 0.9157247 0.2647759 0.2780702
3192919013.141497 -24.8248596 -17.4120884 41.4758682 0.1144225 0.9149160 0.2601831 0.2866025
3192919013.570501 -24.4894943 -17.1068897 40.7464485 0.1013416 0.9287464 0.2460045 0.2581507
3192919013.768502 -24.3251324 -17.0649872 40.5592690 0.0970644 0.9247371 0.2598578 0.2606027
3192919014.164505 -24.0951042 -16.7820911 39.8754005 0.1214564 0.9152594 0.2937995 0.2474477
3192919014.362505 -23.9226131 -16.6047859 39.5512009 0.0941093 0.9140735 0.2863375 0.2713373
3192919014.494506 -23.8098755 -16.5411053 39.3148422 0.0762044 0.9114553 0.2919564 0.2796489
3192919014.659508 -23.7223206 -16.4720249 39.0388184 0.1082634 0.9052194 0.2994820 0.2813671
3192919014.791509 -23.6455479 -16.3579178 38.8530807 0.1244562 0.9094157 0.2808271 0.2803747
3192919014.956510 -23.5723991 -16.2831268 38.5719414 0.1528152 0.9078062 0.2891262 0.2625671
3192919015.088511 -23.4886665 -16.2027359 38.3557167 0.1362226 0.9072180 0.2923410 0.2700661
3192919015.253512 -23.3561821 -16.0725403 38.0958786 0.1253877 0.9039401 0.2977417 0.2802143
3192919015.418514 -23.2451077 -16.0119991 37.8163910 0.1192892 0.8985002 0.3144319 0.2821348
3192919015.649515 -23.1321983 -15.8777285 37.5011520 0.1436008 0.9045957 0.3061606 0.2595210
3192919015.913517 -22.9860783 -15.7340651 37.0567055 0.1471145 0.9052234 0.3115652 0.2487066
3192919016.441521 -22.6207771 -15.3933020 36.2026939 0.1281854 0.9082432 0.3026467 0.2589743
3192919016.639521 -22.5241737 -15.2435207 35.8959198 0.1216527 0.9150469 0.2882083 0.2546090
3192919016.870522 -22.3603821 -15.1093216 35.5143890 0.1162474 0.9136759 0.2969116 0.2520443
3192919017.002522 -22.2548866 -15.0147820 35.3130989 0.1141753 0.9162241 0.2949378 0.2459858
3192919017.167521 -22.1316872 -14.9461880 35.0144386 0.1002393 0.9077979 0.3121957 0.2615126
3192919017.299521 -22.0577183 -14.8601055 34.8185806 0.1364794 0.9065851 0.3029653 0.2601709
3192919017.497524 -21.9377022 -14.7266417 34.5253029 0.1455289 0.9112689 0.2939566 0.2489974
3192919017.629524 -21.8491802 -14.6814194 34.3039627 0.1455829 0.9062752 0.3104769 0.2471338
3192919017.761527 -21.7473316 -14.5860243 34.1211853 0.1294706 0.9129690 0.2971999 0.2477847
3192919017.926528 -21.6151276 -14.5013180 33.8751869 0.1255006 0.9191282 0.2915231 0.2333821
3192919018.025528 -21.5444622 -14.4691048 33.7032509 0.1189861 0.9090113 0.3143159 0.2464674
3192919018.190529 -21.4370441 -14.3513832 33.4663582 0.1456340 0.9100498 0.2973105 0.2494124
3192919018.388531 -21.3194389 -14.2385597 33.1586647 0.1488111 0.9120274 0.2917848 0.2468256
3192919018.553531 -21.2079449 -14.1512814 32.9093704 0.1209938 0.9155881 0.2849384 0.2566497
3192919018.685532 -21.0995674 -14.0404043 32.7037964 0.1154799 0.9146061 0.2695617 0.2783821
3192919018.850534 -20.9803371 -13.9781408 32.4272385 0.0982727 0.9097005 0.2901350 0.2803732
3192919019.048536 -20.8799553 -13.8573685 32.1393623 0.1175446 0.9062378 0.2978818 0.2760121
3192919019.213536 -20.8105392 -13.7490616 31.8832989 0.1201179 0.9039200 0.2950109 0.2854277
3192919019.345538 -20.7437515 -13.6999426 31.6672783 0.1363333 0.8999250 0.3032515 0.2821112
3192919019.576540 -20.5762253 -13.5336456 31.3435993 0.1095704 0.9054383 0.2842244 0.2956219
3192919019.708540 -20.4905529 -13.4874258 31.1392956 0.0919905 0.9007536 0.2926545 0.3074638
3192919019.873542 -20.3988571 -13.4123192 30.8970604 0.1112913 0.8922905 0.2932568 0.3247035
3192919020.071544 -20.3050861 -13.2699499 30.6340561 0.1044268 0.8899390 0.2743703 0.3490337
3192919020.402922 -20.1161919 -13.1116409 30.2133961 0.1029631 0.9040717 0.2869438 0.2995268
3192919020.700382 -19.9283752 -13.0037155 29.8089104 0.1018591 0.9033371 0.2982564 0.2909466
3192919020.964383 -19.7757778 -12.8181076 29.4460030 0.1243403 0.9021857 0.2784348 0.3050811
3192919021.261385 -19.5861130 -12.6571560 29.0334892 0.1048800 0.9064536 0.2798747 0.2983491
3192919021.591388 -19.3666286 -12.4952202 28.5266094 0.0982760 0.8996427 0.3018605 0.2997749
3192919021.888391 -19.2166328 -12.2693443 28.0810795 0.1172987 0.9111002 0.2845778 0.2741404
3192919022.119392 -19.0717583 -12.1236620 27.7239990 0.0909586 0.9151432 0.2916374 0.2630344
3192919022.416396 -18.8591862 -11.9607372 27.2136383 0.0850326 0.9142435 0.2840552 0.2761177
3192919022.713398 -18.7113247 -11.7266407 26.7287426 0.1044402 0.9149336 0.2732569 0.2780638
3192919022.911399 -18.6400127 -11.6256027 26.3887749 0.1198887 0.9021320 0.3007655 0.2851747
3192919024.462413 -17.7511578 -10.7024117 23.9758244 0.0951194 0.9168430 0.2692890 0.2789887
3192919025.402001 -17.1855469 -10.1272087 22.4151878 0.1148887 0.9168742 0.2738462 0.2667408
3192919031.177013 -13.6406345 -6.6316113 13.1914358 0.0860199 0.9092064 0.3118970 0.2620393
3192919033.949034 -11.7788486 -5.0661011 8.8505917 0.1044644 0.8856256 0.3273735 0.3123796
3192919036.325054 -10.3336935 -3.7129064 5.3770137 0.1162295 0.9067975 0.3213355 0.2468859
3192919036.688057 -10.0415230 -3.4893515 4.7978067 0.0485857 0.8979970 0.3016222 0.3166466
3192919037.051060 -9.9299316 -3.2346964 4.3018947 0.1270396 0.9109506 0.2856076 0.2691808
3192919037.414063 -9.7369556 -3.0037932 3.7713013 0.0768157 0.9127560 0.2841925 0.2832145
3192919037.744066 -9.5930214 -2.8261490 3.2301269 0.0807852 0.8867108 0.3091762 0.3341078
3192919038.041068 -9.5329571 -2.6301677 2.7825079 0.1021039 0.8749534 0.3296244 0.3396752
3192919038.503071 -9.3078079 -2.3402433 2.1272516 0.0438387 0.8634448 0.3426846 0.3675711
3192919040.318083 -8.5702028 -1.3911819 -0.1613042 -0.0275279 0.6682283 0.3080156 0.6766384
3192919040.582085 -8.4444094 -1.3244326 -0.4579145 -0.0425479 0.6280984 0.3286615 0.7040340
3192919040.912087 -8.3721857 -1.1389049 -0.8256774 -0.0022808 0.6062957 0.2890582 0.7408413
3192919042.397096 -7.4935145 -0.6376938 -2.1437280 0.0666820 0.4001475 0.1266154 0.9052094
3192919044.806111 -5.0978956 -1.2099584 -2.1170361 -0.0322309 0.1094419 -0.0098776 0.9934214
3192919045.004113 -4.9256797 -1.2737445 -2.0833430 0.0040180 0.1610335 0.0062085 0.9869212
3192919045.202115 -4.7286205 -1.3527968 -2.0283628 0.0390784 0.1980731 0.0345358 0.9787989
3192919049.673875 0.1457365 -3.4014266 0.5716347 0.0091546 0.3563122 0.1756032 0.9176717
3192919050.300881 0.9104020 -3.6320655 0.7420728 -0.0106505 0.2484524 0.1233866 0.9606944
3192919050.564884 1.2052281 -3.6970198 0.8631969 -0.0011200 0.1986853 0.0604918 0.9781941
3192919050.798022 1.4388742 -3.8039763 0.9272153 0.0057764 0.1780635 0.0427501 0.9830729
3192919051.062163 1.7216450 -3.8734448 0.9980437 0.0220551 0.1112714 0.0192608 0.9933586
3192919051.260164 1.9062798 -3.9547696 1.0667739 0.0166072 0.0437003 -0.0103357 0.9988531
3192919051.491167 2.0800710 -4.0110598 1.1736529 0.0195450 -0.0175169 -0.0476835 0.9985176
3192919051.689167 2.2251048 -4.0765500 1.2729523 -0.0054156 -0.0311172 -0.0703448 0.9970226
3192919051.887169 2.3774624 -4.1448326 1.3291738 -0.0179917 -0.0382723 -0.0817767 0.9957530
3192919052.085170 2.5449641 -4.1800022 1.3830364 -0.0212319 -0.0910036 -0.1050110 0.9900708
3192919052.283172 2.7106299 -4.2290182 1.4379168 -0.0387418 -0.1716032 -0.1228336 0.9767104
3192919052.514173 2.8431087 -4.2621994 1.5262418 -0.0572311 -0.2725231 -0.1735481 0.9446358
3192919052.844176 3.0649490 -4.3630605 1.6583278 -0.1131597 -0.2759107 -0.2058081 0.9320468
3192919053.240178 3.2973018 -4.4517117 1.8063055 -0.1243515 -0.3671744 -0.2470466 0.8880809
3192919053.504180 3.4787645 -4.5294619 1.9088188 -0.1158507 -0.4203480 -0.2559261 0.8627792
3192919053.834182 3.6091101 -4.5856676 2.0997796 -0.1300507 -0.4635957 -0.3132420 0.8185629
3192919053.999184 3.6693294 -4.6365662 2.1875129 -0.1418162 -0.4163264 -0.3170536 0.8402604
3192919054.230185 3.7965708 -4.7010016 2.2568331 -0.1192023 -0.4043214 -0.2889919 0.8595340
3192919054.494186 4.0140438 -4.8409405 2.3398132 -0.0926338 -0.3904812 -0.2536949 0.8801036
3192919062.150242 0.0302734 -9.2813902 13.2954893 0.0643159 -0.1820364 -0.1312375 0.9723697
3192919062.975249 -0.6129255 -9.7896204 14.7244921 0.0667574 -0.2280983 -0.1646962 0.9572825
3192919063.371251 -0.8183236 -10.0639305 15.3712044 0.0294394 -0.2463400 -0.1029266 0.9632528
3192919063.833256 -1.1281528 -10.3185711 16.0877342 0.0118683 -0.1753075 -0.1054260 0.9787807
3192919070.829309 -5.4984660 -14.7400570 27.4533215 0.0674904 -0.0535889 -0.1100524 0.9901827
3192919071.225313 -5.7349606 -14.9654713 28.0761623 0.0713294 -0.0386702 -0.0875759 0.9928480
3192919072.017319 -6.2403336 -15.3762150 29.2553673 0.1070792 -0.0157870 -0.0457953 0.9930698
3192919074.360336 -7.5570874 -16.6596222 32.5977020 0.0914216 0.0891035 0.0175925 0.9916618
3192919074.525338 -7.6339469 -16.7409725 32.7884178 0.0946271 0.0870998 0.0390310 0.9909268
3192919074.756339 -7.7610912 -16.8285770 33.1286659 0.0785272 0.0437292 0.0117655 0.9958829
3192919076.142348 -7.9315367 -17.2553635 34.0777702 0.1416864 0.4293263 0.2583087 0.8537450
3192919076.571352 -8.2314873 -17.2534580 34.1669922 0.1124917 0.4981641 0.2301873 0.8283670
3192919077.297357 -8.7785120 -17.1107445 34.1678543 0.1477900 0.5973895 0.2691695 0.7408317
3192919078.947368 -9.1142836 -17.2088337 34.5893402 0.0949703 0.7506567 0.2132841 0.6180655
3192919080.168375 -8.8984957 -17.1770115 34.3369446 0.0585911 0.6493086 0.2973875 0.6975142
