3192924669.724661 -0.0266180 2.1405928 0.2086146 0.1091383 -0.0569559 -0.0334350 0.9918301
3192924669.955662 -0.0875475 2.1212778 0.3127833 0.1053565 -0.0543448 -0.0335189 0.9923825
3192924669.988664 -0.0883761 2.1191988 0.3143409 0.1047641 -0.0563775 -0.0332510 0.9923409
3192924670.087664 -0.0845634 2.0959835 0.3544974 0.0986884 -0.0683757 -0.0309133 0.9922851
3192924670.186665 -0.1108543 2.1014738 0.4280255 0.0947668 -0.0790969 -0.0340644 0.9917674
3192924670.384666 -0.1425913 2.0953796 0.5743269 0.0955105 -0.1139034 -0.0357155 0.9882450
3192924670.549668 -0.1685897 2.0655954 0.6833645 0.1081913 -0.1419825 -0.0373695 0.9832289
3192924670.747669 -0.1880792 2.0234194 0.7914314 0.1097974 -0.1622185 -0.0401512 0.9798049
3192924671.044672 -0.2354161 1.9732794 0.9149882 0.0971701 -0.1492618 -0.0401576 0.9831918
3192924671.374675 -0.3183832 1.9327446 1.0523589 0.1056324 -0.1165737 -0.0476276 0.9863995
3192924671.737677 -0.4062395 1.8305676 1.1892407 0.0923987 -0.0867056 -0.0480776 0.9907740
3192924671.902679 -0.4290597 1.7949971 1.2494812 0.0811722 -0.0694140 -0.0359348 0.9936305
3192924672.595685 -0.5461238 1.6595433 1.5041074 0.0622119 0.0074080 0.0322783 0.9975134
3192924672.793687 -0.6045477 1.6213963 1.5515503 0.0536179 0.0452753 0.0326164 0.9970012
3192924672.958688 -0.6535838 1.5806395 1.5547531 0.0496485 0.0921647 0.0428239 0.9935828
3192924673.024689 -0.6713215 1.5714331 1.5603416 0.0508168 0.1138030 0.0512928 0.9908762
3192924673.090690 -0.7172272 1.5259515 1.5588914 0.0438471 0.1404115 0.0578589 0.9874282
3192924673.123690 -0.7182795 1.5244501 1.5569177 0.0455916 0.1493619 0.0639023 0.9856617
3192924673.156690 -0.7194415 1.5234448 1.5565785 0.0491619 0.1574952 0.0697296 0.9838273
3192924673.189691 -0.7186655 1.5228482 1.5577261 0.0526589 0.1643577 0.0766252 0.9820092
3192924673.255691 -0.7191710 1.5210582 1.5584743 0.0583312 0.1764436 0.0867140 0.9787471
3192924673.387692 -0.7131209 1.5136347 1.5623271 0.0529177 0.1919316 0.0993409 0.9749325
3192924673.585694 -0.7127928 1.5139242 1.5617807 0.0584976 0.1992862 0.1096348 0.9720305
3192924673.651694 -0.7128501 1.5141015 1.5619290 0.0604467 0.2001873 0.1100103 0.9716836
3192924673.783696 -0.7129108 1.5151650 1.5623984 0.0592102 0.2008746 0.1074282 0.9719067
3192924673.849696 -0.7122698 1.5134209 1.5644026 0.0606912 0.1983762 0.1108034 0.9719496
3192924673.915697 -0.7095256 1.5110800 1.5672550 0.0627965 0.1923665 0.1126755 0.9728083
3192924674.014698 -0.7045572 1.5089796 1.5704354 0.0662723 0.1844976 0.1151666 0.9738097
3192924674.047697 -0.7040727 1.5100076 1.5713730 0.0708451 0.1822812 0.1172772 0.9736532
3192924674.113698 -0.7018398 1.5099431 1.5740423 0.0791167 0.1819540 0.1243607 0.9721974
3192924674.146698 -0.7014635 1.5101924 1.5748129 0.0836367 0.1833012 0.1275626 0.9711505
3192924674.245699 -0.7005898 1.5099105 1.5773964 0.0949851 0.1886484 0.1346965 0.9681149
3192924674.311700 -0.6997843 1.5108362 1.5781910 0.1004932 0.1914033 0.1371384 0.9666741
3192924674.344700 -0.6995742 1.5103579 1.5774492 0.1014709 0.1915399 0.1387812 0.9663104
3192924674.410701 -0.6995903 1.5111514 1.5785611 0.1013268 0.1928483 0.1411632 0.9657201
3192924674.476702 -0.6989093 1.5108316 1.5788649 0.0995653 0.1953040 0.1368825 0.9660260
3192924674.542702 -0.6991785 1.5109271 1.5783286 0.0996157 0.1950721 0.1348900 0.9663479
3192924674.575702 -0.6975563 1.5103964 1.5793071 0.1011098 0.1947266 0.1353374 0.9661999
3192924674.641702 -0.6992449 1.5120168 1.5770667 0.1021687 0.1981030 0.1372802 0.9651274
3192924674.707704 -0.7046796 1.5164262 1.5716796 0.1016239 0.2066027 0.1423556 0.9626644
3192924674.740704 -0.7057265 1.5170574 1.5703144 0.1015140 0.2120073 0.1461737 0.9609272
3192924674.773705 -0.7064136 1.5170555 1.5688484 0.1010625 0.2179319 0.1508313 0.9589275
3192924674.806705 -0.7063824 1.5183207 1.5661700 0.0993188 0.2233976 0.1535671 0.9574165
3192924674.839705 -0.7095152 1.5186881 1.5623428 0.0988463 0.2287127 0.1589787 0.9553249
3192924674.872705 -0.7107818 1.5191091 1.5601634 0.0984253 0.2349114 0.1626281 0.9532477
3192924674.905705 -0.7144910 1.5187119 1.5573094 0.0981333 0.2416255 0.1690459 0.9504790
3192924674.938705 -0.7130768 1.5192771 1.5564189 0.0962051 0.2466775 0.1733447 0.9486023
3192924674.971706 -0.7142678 1.5169538 1.5552418 0.0938447 0.2538313 0.1780565 0.9460754
3192924675.004706 -0.7157284 1.5146518 1.5551851 0.0932501 0.2624668 0.1854419 0.9423518
3192924675.037706 -0.7184120 1.5113175 1.5546291 0.0937005 0.2731032 0.1922279 0.9379143
3192924675.070708 -0.7214909 1.5078799 1.5529839 0.0937569 0.2833894 0.1973698 0.9337801
3192924675.202708 -0.7196699 1.5017743 1.5460995 0.0907264 0.3249753 0.2187176 0.9155995
3192924675.301709 -0.7292612 1.4998336 1.5398333 0.0869598 0.3554703 0.2285229 0.9021398
3192924675.400710 -0.7397269 1.4961183 1.5329627 0.0838028 0.3821764 0.2374803 0.8891127
3192924675.631711 -0.7557365 1.4873086 1.5216391 0.0889492 0.4035586 0.2527349 0.8748448
3192924675.895714 -0.7576376 1.4829704 1.5287337 0.0975269 0.3685466 0.2630132 0.8862765
3192924676.126716 -0.7551897 1.4812243 1.5352733 0.1088406 0.3106541 0.2959285 0.8967018
3192924676.357718 -0.7573771 1.4688394 1.5353441 0.1246571 0.2810111 0.2929295 0.9053650
3192924676.885723 -0.7657915 1.4624356 1.5347387 0.1302579 0.2763902 0.2971351 0.9046281
3192924677.380728 -0.8087878 1.4067438 1.5137961 0.1172630 0.2643473 0.3126266 0.9047842
3192924677.842731 -1.5493271 1.1653148 3.0890708 0.0667634 0.4251096 0.2300874 0.8728598
3192924678.238734 -1.5084617 1.0773588 3.3150504 0.0703947 0.4044167 0.2569297 0.8749165
3192924678.832741 -1.7069516 0.9112903 3.5695074 0.0761325 0.4900400 0.2487709 0.8319721
3192924679.261744 -1.8530476 0.7766925 3.7552257 0.0660300 0.5471602 0.2466764 0.7971238
3192924679.756749 -1.7309389 0.7316623 3.9288895 0.0721484 0.5422828 0.2554671 0.7971578
3192924680.053751 -1.5507710 0.7128819 4.0528831 0.0983090 0.5175949 0.2715830 0.8054027
3192924680.284754 -1.4797695 0.6675071 4.1327891 0.0651384 0.5246191 0.2639740 0.8067524
3192924680.746758 -1.3757648 0.5605719 4.3426180 0.0581906 0.5543643 0.2427477 0.7939570
3192924681.076761 -1.3418878 0.4306290 4.4678082 0.0630068 0.5979562 0.2317468 0.7647038
3192924681.802767 -1.0039037 0.4139358 4.5575590 0.0836132 0.5932286 0.2327051 0.7661182
3192924682.990777 -0.5947894 0.2352028 4.8267169 0.0726112 0.6396132 0.2104912 0.7357418
3192924683.287780 -0.4848412 0.1949676 4.8755803 0.0405292 0.6378176 0.2417412 0.7301419
3192924683.914786 -0.0705613 0.3510679 4.9250755 0.0760074 0.6154987 0.2266532 0.7510077
3192924684.739793 0.2863419 0.2367013 5.1359916 0.0820419 0.6513896 0.1950394 0.7286429
3192924685.597800 0.6952475 0.1986828 5.2042241 0.0836832 0.6542335 0.2347559 0.7140486
3192924686.422808 1.1226101 0.2665914 5.3729777 0.0689005 0.6301690 0.2210457 0.7411333
3192924687.280816 1.5056019 0.2168652 5.4115558 0.0850335 0.6537105 0.2273894 0.7167467
3192924687.643817 1.6836423 0.2105106 5.4184504 0.0851876 0.6532009 0.2288707 0.7167216
3192924687.973820 1.8321538 0.1948736 5.4929609 0.0826617 0.6646851 0.2219036 0.7086040
3192924688.138823 1.9066817 0.1537040 5.5429730 0.0886954 0.6763102 0.2240205 0.6960981
3192924689.920837 2.6938460 0.1493235 5.7429347 0.0820364 0.6975535 0.2258207 0.6750513
3192924690.085838 2.7950151 0.1294284 5.7770367 0.0766437 0.6978712 0.2250326 0.6756196
3192924690.316841 2.9085286 0.1033177 5.8063607 0.0658765 0.7042668 0.2386972 0.6653512
3192924690.580842 3.0184758 0.1106377 5.8155603 0.0637772 0.7008214 0.2549183 0.6631731
3192924691.075846 3.3212440 0.1605003 5.7641039 0.0920523 0.6785640 0.2472968 0.6855083
3192924691.306849 3.4248347 0.1601208 5.7474360 0.0906477 0.6768695 0.2505549 0.6861873
3192924691.537849 3.5275588 0.1668776 5.7622380 0.0731947 0.6726356 0.2551546 0.6907243
3192924692.626859 4.0209084 0.1784794 5.9243989 0.0669980 0.7062769 0.2581088 0.6557927
3192924692.989861 4.2462215 0.2047609 5.8815756 0.0886505 0.6881011 0.2481147 0.6760896
3192924693.121862 4.3106227 0.2101483 5.8782597 0.0901810 0.6851790 0.2505786 0.6779436
3192924693.484866 4.4569936 0.1749679 5.9307108 0.0682046 0.7047632 0.2565516 0.6579045
3192924693.649867 4.5293922 0.1596473 5.9870424 0.0637605 0.7200343 0.2602672 0.6401141
3192924694.012869 4.7004533 0.0654335 6.1396613 0.0677969 0.7493839 0.2580284 0.6060104
3192924694.276872 4.8265982 0.0402091 6.1919098 0.0584921 0.7499864 0.2597993 0.6054778
3192924694.540874 4.9756489 0.0788383 6.2035003 0.0636754 0.7355407 0.2644512 0.6204762
3192924694.705875 5.0720816 0.1278923 6.2123742 0.0782851 0.7186129 0.2581679 0.6409495
3192924694.936877 5.2262678 0.1602135 6.1827412 0.1088872 0.6999364 0.2608101 0.6559045
3192924695.134878 5.3365946 0.1702155 6.1823101 0.1113420 0.6874879 0.2587372 0.6693417
3192924695.563881 5.4899569 0.0926375 6.2989025 0.0777671 0.7408698 0.2690846 0.6104570
3192924695.761883 5.5489788 0.0196939 6.3750920 0.0702465 0.7728257 0.2567568 0.5760918
3192924695.992885 5.6489978 -0.0020807 6.4176183 0.0697955 0.7926117 0.2585432 0.5477689
3192924696.322887 5.7926950 0.0152431 6.4168153 0.0721007 0.7941126 0.2884092 0.5301008
3192924696.586890 5.8851213 0.0059454 6.4007263 0.0821423 0.8101826 0.2996319 0.4970689
3192924696.751892 5.9548368 -0.0005569 6.3889136 0.1088602 0.8210082 0.2952947 0.4763360
3192924697.015894 6.0510793 -0.0217755 6.4092598 0.0873941 0.8459595 0.2983135 0.4332711
3192924697.213896 6.1339798 -0.0303217 6.4380817 0.0669548 0.8695744 0.2996966 0.3867031
3192924697.444899 6.2416859 -0.0535345 6.4957690 0.0632592 0.8960039 0.3011564 0.3201251
3192924697.642901 6.1955476 -0.0655830 6.4332185 0.0874280 0.9004911 0.3094732 0.2927429
3192924697.840902 6.2142611 -0.0694677 6.4310584 0.0826636 0.8994591 0.3270907 0.2777619
3192924698.467908 6.2262697 -0.0330124 6.4134865 0.0823913 0.9073166 0.3122485 0.2692381
3192924699.028914 6.2871904 0.0166568 6.4048924 0.1117726 0.9163761 0.3008320 0.2392947
3192924699.655920 6.4169784 0.0695947 6.3542871 0.1538908 0.9388581 0.2903056 0.1028872
3192924700.579929 6.8350744 0.4413291 6.1524177 0.0894358 0.9215024 0.2771026 0.2569996
3192924700.909933 6.8031182 0.7367516 5.7420249 0.0907833 0.8646526 0.2588264 0.4208837
3192924701.074934 6.9089370 0.8043590 5.6426105 0.0795906 0.8337055 0.2689849 0.4756549
3192924701.503938 7.0664797 0.8720247 5.5096631 0.0351977 0.7751447 0.2476325 0.5801637
3192924701.998943 7.2355223 0.9029415 5.3572474 -0.0204466 0.6879566 0.2530184 0.6799113
3192924702.493947 7.3239641 0.9711931 5.2023611 -0.0276585 0.6084419 0.2306976 0.7588229
3192924702.724950 7.3385215 0.9927499 5.0851154 -0.0338138 0.5938984 0.2179209 0.7737259
3192924703.120953 7.4096546 1.0235548 4.9831982 -0.0380668 0.5299971 0.1990489 0.8234279
3192924703.516955 7.5344234 1.0318122 4.9377708 -0.0451651 0.5400164 0.2104349 0.8136705
3192924703.648956 7.5955725 1.0235705 4.8896704 -0.0401062 0.5838312 0.2276850 0.7782623
3192924703.747957 7.6421680 1.0172521 4.8357391 -0.0357014 0.6135639 0.2444553 0.7500042
3192924703.813958 7.6931210 1.0289578 4.8212242 -0.0357767 0.6360329 0.2563310 0.7269640
3192924703.945959 7.7630811 1.0403612 4.8027425 -0.0294084 0.6796798 0.2738365 0.6798413
3192924704.110961 7.8014402 0.9822752 4.7972803 -0.0327098 0.7333879 0.2845322 0.6165336
3192924704.407962 7.9913673 0.5746500 4.4986777 -0.0343460 0.7587880 0.3807369 0.5273523
3192924705.067967 8.0440187 0.7103453 4.1770282 0.0211949 0.8155891 0.3516788 0.4590067
3192924706.255977 8.3268881 0.8942028 3.9120016 0.0308675 0.8898280 0.2685658 0.3675945
3192924706.750981 8.5058689 0.9658141 3.7628913 0.0570164 0.8981229 0.2334583 0.3682683
3192924707.113983 8.6679802 1.0492779 3.6855979 0.0356135 0.8978108 0.2214869 0.3789605
3192924707.377985 8.8800163 1.0483059 3.6643367 0.0391703 0.9095259 0.2113089 0.3557763
3192924707.476987 8.8818216 1.0510061 3.6525266 0.0442575 0.9139398 0.2076641 0.3458769
3192924707.575987 8.8849382 1.0556512 3.6334496 0.0456853 0.9168103 0.2090570 0.3371452
3192924707.806990 9.0100327 1.0770233 3.5859504 0.0481492 0.9199913 0.2113488 0.3265415
3192924708.202992 9.1694403 1.1698186 3.4381189 0.0703091 0.9181961 0.2104602 0.3281447
3192924708.400994 9.2412558 1.1873832 3.3745930 0.0621072 0.9221873 0.2069258 0.3207726
3192924708.532994 9.2920904 1.1971931 3.3318462 0.0513785 0.9213253 0.2200403 0.3163895
3192924708.763997 9.3931227 1.2395625 3.2721641 0.0428461 0.9222166 0.2302084 0.3077090
3192924708.961998 9.5089140 1.2459214 3.2485452 0.0339223 0.9284019 0.2398619 0.2817540
3192924709.093999 9.5937290 1.2178704 3.2434814 0.0288881 0.9369584 0.2422246 0.2502033
3192924709.325002 9.7254143 1.2382107 3.2039623 0.0088291 0.9453576 0.2421698 0.2181168
3192924710.579012 10.1480541 1.4620266 2.7264485 0.0143259 0.9483525 0.2671988 0.1703732
3192924710.843014 10.3007431 1.4939551 2.6601245 0.0073416 0.9551256 0.2684360 0.1249932
3192924710.942014 10.3607750 1.4963708 2.6360190 0.0013035 0.9585114 0.2644687 0.1063508
3192924712.328026 10.7760220 1.7730365 2.0373197 0.0008859 0.9545110 0.2981715 0.0012681
3192924712.559029 10.9168062 1.7929518 1.9578718 0.0010788 0.9561331 0.2909933 -0.0336347
3192924712.955031 11.0947475 1.8425938 1.8183390 -0.0127388 0.9569021 0.2799858 -0.0760531
3192924713.252033 11.1373892 1.9442298 1.6667805 0.0120297 0.9554073 0.2838586 -0.0804766
3192924713.582036 11.1872797 1.9996464 1.4866846 0.0414998 0.9559630 0.2718147 -0.1026121
3192924713.879039 11.2612810 2.0506873 1.3668567 0.0149651 0.9515355 0.2842813 -0.1163637
3192924714.176041 11.3783035 2.1225834 1.2664198 -0.0028767 0.9489431 0.2724293 -0.1590000
3192924714.341043 11.4903669 2.0957680 1.2367678 -0.0117590 0.9428059 0.2651810 -0.2016377
3192924714.473044 11.5659266 2.0857806 1.2165551 -0.0269909 0.9367136 0.2599752 -0.2329207
3192924715.430052 11.6214752 2.2904072 0.8434722 0.0059461 0.9204501 0.2421261 -0.3067756
3192924715.859056 11.6910286 2.3418713 0.7069855 -0.0312192 0.8998883 0.2610831 -0.3479397
3192924716.090057 11.7829676 2.3728445 0.6417079 -0.0410778 0.8829878 0.2482167 -0.3962747
3192924716.222058 11.8673410 2.3568189 0.6006465 -0.0446343 0.8662542 0.2405102 -0.4356217
3192924716.321060 11.9407949 2.3458018 0.5788903 -0.0517492 0.8527676 0.2254515 -0.4682744
3192924716.453061 12.0163698 2.3411806 0.5381119 0.0671755 -0.8276129 -0.2262923 0.5092506
3192924716.585062 12.0643244 2.3286173 0.5331128 0.0791152 -0.8019814 -0.2282975 0.5463029
3192924716.684062 12.0683212 2.3254578 0.5343947 0.0834175 -0.7819714 -0.2261018 0.5748394
3192924716.783063 12.1149626 2.3083041 0.5048372 0.0898297 -0.7597179 -0.2219965 0.6045468
3192924716.948065 12.1284647 2.2942467 0.4986436 0.0860553 -0.7296771 -0.2060992 0.6462885
3192924717.146066 12.1192274 2.2901361 0.4928142 0.0757520 -0.7023118 -0.1816158 0.6841312
3192924717.410068 12.1452847 2.2654402 0.4220027 0.0736065 -0.6519443 -0.1628982 0.7368954
3192924717.575070 12.1897068 2.2417412 0.3309329 0.0876406 -0.6051681 -0.1607060 0.7747672
3192924717.707071 12.2389050 2.2360432 0.3008580 0.0922024 -0.5686609 -0.1487777 0.8037342
3192924717.839073 12.3017149 2.2236886 0.1976953 0.0951457 -0.5216422 -0.1412921 0.8359864
3192924717.971074 12.3599682 2.2289362 0.1022210 0.1006007 -0.4747317 -0.1325280 0.8642601
3192924718.103075 12.3937263 2.2629483 0.0332046 0.1096581 -0.4352295 -0.1267914 0.8845758
3192924718.169075 12.4182262 2.2656021 0.0056772 0.1120453 -0.4200588 -0.1223858 0.8921985
3192924718.334076 12.4389458 2.2979913 -0.0537267 0.1198465 -0.3831700 -0.1195137 0.9080386
3192924718.466078 12.4667892 2.3061843 -0.0945916 0.1260887 -0.3597426 -0.1163145 0.9171466
3192924718.928081 12.4674320 2.3041103 -0.0898409 0.1423337 -0.3684853 -0.1241256 0.9102486
3192924720.512095 12.1419783 2.3007224 0.2940757 0.0796435 -0.6279262 -0.2094850 0.7453064
3192924720.941099 12.0770512 2.3502381 0.3598569 0.0748335 -0.6734836 -0.2219170 0.7011224
3192924721.172101 12.0330191 2.3722839 0.3856647 0.0637079 -0.7003269 -0.2339776 0.6713703
3192924721.337103 11.9951534 2.3848038 0.4014863 0.0576144 -0.7192447 -0.2392565 0.6497107
3192924721.469104 11.9150476 2.3998387 0.4150122 0.0514826 -0.7398256 -0.2471733 0.6236290
3192924721.601106 11.8578396 2.4088562 0.4182874 0.0447326 -0.7576572 -0.2543020 0.5994040
3192924721.799107 11.7981071 2.4423668 0.3898193 0.0361283 -0.7686329 -0.2627212 0.5821304
3192924721.964108 11.7583513 2.4775805 0.3539540 0.0351395 -0.7751387 -0.2713068 0.5694891
3192924722.195111 11.7080536 2.5428576 0.2593474 0.0351519 -0.7801860 -0.2861291 0.5551615
3192924722.327112 11.6738281 2.5833273 0.1878097 0.0388904 -0.7873511 -0.2948831 0.5400090
3192924722.459112 11.6354523 2.6152427 0.1095648 0.0433437 -0.7949794 -0.2962466 0.5276051
3192924722.657115 11.5759869 2.6715784 0.0247583 0.0426538 -0.8103327 -0.2977507 0.5028778
3192924722.888116 11.4663200 2.7362792 -0.0532157 -0.0333242 0.8295110 0.3094172 -0.4637477
3192924723.086118 11.3560867 2.8055775 -0.1280169 -0.0246847 0.8439008 0.3200694 -0.4298578
3192924723.284120 11.2327671 2.8944995 -0.2088678 -0.0147861 0.8572804 0.3293820 -0.3954229
3192924723.449121 11.1397924 2.9290020 -0.2865977 -0.0035458 0.8697566 0.3171929 -0.3780205
3192924723.680124 11.0441256 2.9738936 -0.3874047 0.0067389 0.8774526 0.3125851 -0.3637612
3192924723.878125 10.9874201 3.0384126 -0.4934669 0.0027971 0.8863024 0.3185986 -0.3360881
3192924724.142127 10.9732685 3.1174521 -0.6364300 0.0003276 0.8882062 0.3209148 -0.3287907
3192924724.340129 11.0163040 3.1438301 -0.7625718 -0.0055168 0.8835527 0.3150744 -0.3464568
3192924724.769133 11.0441027 3.2078865 -1.0077369 -0.0160051 0.8754575 0.3165946 -0.3648094
3192924725.132135 10.9414167 3.3007102 -1.1882465 0.0117264 0.8708743 0.3320474 -0.3621947
3192924725.363138 10.8467369 3.3757341 -1.3609946 0.0329528 0.8811445 0.3109632 -0.3546836
3192924725.561140 10.7967472 3.3816853 -1.5069525 0.0301769 0.8922774 0.2885290 -0.3459501
3192924725.891143 10.7379379 3.4051633 -1.6529241 0.0280137 0.8896877 0.2988093 -0.3440697
3192924726.287147 10.7842255 3.4493349 -1.8378556 0.0204126 0.8607178 0.3053257 -0.4068468
3192924726.485148 10.8290167 3.4577496 -1.9987266 0.0086908 0.8464048 0.2911041 -0.4458495
3192924726.650149 10.8515987 3.4734049 -2.1016970 -0.0072490 0.8408300 0.2774664 -0.4647201
3192924726.980152 10.8094826 3.5164223 -2.2489483 -0.0068341 0.8236670 0.2811701 -0.4924117
3192924727.376155 10.6961517 3.5704956 -2.4253454 -0.0215567 -0.8036921 -0.2770875 0.5261528
3192924727.673158 10.6330624 3.5293932 -2.5762367 -0.0166993 -0.7903799 -0.2441866 0.5615992
3192924728.036160 10.6184072 3.5410168 -2.6955032 -0.0082977 -0.7542925 -0.2455555 0.6088321
3192924728.201162 10.6198387 3.5702946 -2.7711835 -0.0015430 -0.7258455 -0.2396145 0.6447718
3192924728.333163 10.6415081 3.5936513 -2.8530126 0.0047365 -0.6927894 -0.2285395 0.6839519
3192924728.465164 10.6524916 3.6014748 -2.9534802 0.0134531 -0.6502371 -0.2135123 0.7289878
3192924728.597166 10.6581373 3.6193013 -3.0329261 0.0256238 -0.6144521 -0.1967408 0.7636002
3192924728.729167 10.6548395 3.6421375 -3.0838449 0.0374420 -0.5830455 -0.1988803 0.7868308
3192924728.828167 10.6432648 3.6502256 -3.1198258 0.0438605 -0.5646874 -0.1947442 0.8007990
3192924729.059170 10.5872164 3.6679368 -3.1702328 0.0568469 -0.5269653 -0.1943014 0.8254229
3192924729.224171 10.5645447 3.6733165 -3.1565378 0.0569622 -0.5161499 -0.1880808 0.8336487
3192924729.389172 10.5306416 3.6847057 -3.1162140 0.0492532 -0.5189928 -0.1660269 0.8370518
3192924729.521173 10.5168524 3.6859946 -3.1014390 0.0593074 -0.5265608 -0.1423956 0.8360263
3192924729.686174 10.5080137 3.6851025 -3.0948768 0.0543982 -0.5272084 -0.1290377 0.8381178
3192924729.851175 10.5013819 3.6840582 -3.0904157 0.0590522 -0.5176522 -0.1220371 0.8447816
3192924730.016177 10.4975662 3.6818535 -3.0876877 0.0574781 -0.4998129 -0.1218953 0.8555845
3192924730.181179 10.4937773 3.6800175 -3.0837593 0.0588939 -0.4856519 -0.1081396 0.8654360
3192924730.346179 10.4822054 3.6828618 -3.0757399 0.0660464 -0.4683922 -0.1017231 0.8751565
3192924730.478180 10.4844446 3.6786246 -3.0840709 0.0766537 -0.4613080 -0.0925294 0.8790662
3192924730.643182 10.4775963 3.6806717 -3.0778062 0.0886156 -0.4529410 -0.0808943 0.8834296
3192924730.841184 10.4853649 3.6730700 -3.0958097 0.0950671 -0.4314799 -0.0797663 0.8935462
3192924731.831192 10.4477186 3.6838613 -3.0503616 0.0862249 -0.5068959 -0.1001339 0.8518187
3192924732.425197 10.2857904 3.7375259 -2.9138203 0.0780807 -0.6186997 -0.1329692 0.7703462
3192924733.085202 10.1806040 3.7709584 -2.8160496 0.0617519 -0.7373416 -0.1695277 0.6509796
3192924733.547207 10.0532475 3.8108549 -2.7844658 0.0399114 -0.8244699 -0.2029314 0.5267593
3192924733.877210 9.8811970 3.9152861 -2.8000722 -0.0305918 0.8861967 0.2114892 -0.4110862
3192924734.471215 9.7763357 4.0644965 -3.0754681 -0.0363470 0.9223502 0.2059060 -0.3248872
3192924734.900218 9.8093491 4.0819783 -3.3683538 -0.0383845 0.9292356 0.1901036 -0.3144970
3192924735.329222 9.7440987 4.1367078 -3.5636423 -0.0170610 0.9334300 0.2149852 -0.2867034
3192924735.593225 9.6758919 4.1850815 -3.6949306 0.0105789 0.9359473 0.2036877 -0.2870575
3192924735.791226 9.6466284 4.2067580 -3.8284407 0.0218499 0.9392528 0.1832578 -0.2893844
3192924736.088228 9.6441212 4.2300448 -3.9901764 -0.0040998 0.9354077 0.1938218 -0.2956834
3192924736.451231 9.6783772 4.2886648 -4.2264571 -0.0079224 0.9215921 0.2012901 -0.3317945
3192924736.649233 9.7259150 4.2890239 -4.3786297 -0.0025963 0.9136776 0.1961423 -0.3559701
3192924737.012236 9.7103252 4.3118868 -4.5832944 -0.0119871 0.8967639 0.2105671 -0.3890146
3192924737.342239 9.6105289 4.3157077 -4.7567673 0.0195864 0.8696304 0.2029177 -0.4496485
3192924737.573241 9.5692062 4.2419043 -4.9094439 -0.0321299 -0.8357036 -0.1884977 0.5148162
3192924737.936244 9.4713869 4.2651129 -5.1723413 -0.0019598 -0.7966468 -0.1879847 0.5744665
3192924738.299247 9.4380274 4.3272305 -5.4592342 0.0089651 -0.7380413 -0.1697168 0.6530014
3192924738.530248 9.4421787 4.3168020 -5.7056913 0.0264399 -0.6757361 -0.1472809 0.7217964
3192924738.893252 9.3287621 4.3440804 -5.9356585 0.0251102 -0.6178002 -0.1672458 0.7679331
3192924739.355256 9.0828810 4.3630505 -6.2082319 0.0024202 -0.5402692 -0.1448130 0.8289346
3192924739.949261 8.8982925 4.3767509 -6.4719973 0.0405296 -0.4861152 -0.1261854 0.8637862
3192924740.345263 8.8306952 4.4528241 -6.7106605 0.0592440 -0.4094195 -0.1017811 0.9047135
3192924740.741267 8.7149115 4.5308447 -6.9108267 0.0792972 -0.3560171 -0.1005264 0.9256663
3192924741.071270 8.7252674 4.5273480 -7.0023279 0.0810825 -0.3437157 -0.0925660 0.9309762
3192924741.302271 8.7225637 4.5264978 -7.0273428 0.0726068 -0.3635928 -0.0726674 0.9258769
3192924741.566273 8.5995111 4.5462828 -7.0336752 0.0824267 -0.3889048 -0.0445886 0.9164991
3192924742.094277 8.3787823 4.6041145 -7.1462350 0.1011373 -0.3517141 -0.0833402 0.9268888
3192924742.457281 8.2335424 4.6315608 -7.3197856 0.1051837 -0.3051095 -0.0745229 0.9435523
3192924743.084285 7.9375868 4.6537504 -7.2462139 0.0935088 -0.3028669 -0.0862443 0.9445050
3192924743.348288 7.7972007 4.6284065 -7.1434040 0.1110398 -0.3282244 -0.0616369 0.9360234
3192924743.480289 7.7177558 4.6269073 -7.0896573 0.1275030 -0.3476373 -0.0588515 0.9270533
3192924743.678290 7.6145878 4.6130486 -7.0302844 0.1196047 -0.3481816 -0.0815096 0.9261860
3192924743.975293 7.4419994 4.6153145 -6.9918118 0.1194411 -0.3140537 -0.0994732 0.9365944
3192924744.206295 7.2901111 4.5936146 -7.0102615 0.1317324 -0.2799611 -0.0881740 0.9468335
3192924744.536297 7.1209331 4.5574074 -6.9288731 0.1165409 -0.2657524 -0.0887159 0.9528501
3192924744.866300 6.9604921 4.5347586 -6.7571416 0.1069239 -0.2784885 -0.0882757 0.9503782
3192924745.064301 6.8623357 4.5053940 -6.6330533 0.1178623 -0.3031428 -0.0806228 0.9421852
3192924745.361304 6.7303519 4.4613223 -6.5017443 0.1192565 -0.3224634 -0.0859731 0.9350957
3192924745.757308 6.5353813 4.4449587 -6.4167023 0.1255535 -0.2985712 -0.0978447 0.9410197
3192924746.021309 6.3887720 4.4153051 -6.3994541 0.1391307 -0.2705906 -0.0870992 0.9485974
3192924746.351313 6.2771044 4.3626761 -6.3371716 0.1217748 -0.2326154 -0.0782469 0.9617372
3192924746.681316 6.1381550 4.3290677 -6.1457787 0.1045497 -0.2562991 -0.0738437 0.9580852
3192924747.011318 5.9758172 4.2785177 -5.9583244 0.1378837 -0.2995668 -0.0553590 0.9424347
3192924747.506322 5.7179704 4.2504950 -5.8022842 0.1311767 -0.2827248 -0.0878390 0.9461203
3192924747.737325 5.5753312 4.2277298 -5.7682552 0.1494935 -0.2677929 -0.0835867 0.9481308
3192924748.232328 5.3453622 4.1590805 -5.5858870 0.1293475 -0.2476889 -0.0847762 0.9564164
3192924748.496331 5.2311087 4.1140170 -5.4378657 0.1375085 -0.2675115 -0.0718663 0.9509807
3192924748.793333 5.0946002 4.0695052 -5.3069487 0.1465331 -0.2772703 -0.0753908 0.9465545
3192924749.024335 4.9636707 4.0566521 -5.2082682 0.1390909 -0.2824999 -0.0926012 0.9446018
3192924749.354338 4.7497416 4.0366001 -5.1128912 0.1621588 -0.2722071 -0.0842017 0.9447317
3192924749.816341 4.5323977 3.9706335 -4.9533701 0.1370618 -0.2474979 -0.0806490 0.9557482
3192924750.113345 4.4207587 3.9238825 -4.7917891 0.1374560 -0.2623864 -0.0701404 0.9525437
3192924750.476348 4.2643080 3.8505156 -4.6018071 0.1257358 -0.2796775 -0.0805502 0.9484106
3192924750.839351 4.0637746 3.8239169 -4.4521103 0.1334177 -0.2646423 -0.0891122 0.9509065
3192924751.268353 3.8529451 3.7389536 -4.3130293 0.1248510 -0.2285443 -0.0814162 0.9620557
3192924751.631358 3.7274296 3.6898088 -4.1219678 0.1204401 -0.2347292 -0.0718088 0.9618939
3192924751.961360 3.5788095 3.6300488 -3.8962867 0.1355124 -0.2694082 -0.0613730 0.9514667
3192924752.555366 3.3011956 3.5692306 -3.6733825 0.1249421 -0.2565499 -0.0803105 0.9550507
3192924753.050369 3.0795696 3.4785204 -3.5270569 0.1224230 -0.2200076 -0.0768425 0.9647303
3192924753.677374 2.8486540 3.3698518 -3.2097082 0.1185703 -0.2262792 -0.0528808 0.9653717
3192924754.073378 2.6565521 3.3210206 -3.0499985 0.1032390 -0.2084600 -0.0782651 0.9694126
3192924754.337380 2.5022888 3.2881262 -2.9932423 0.1227574 -0.1896065 -0.0786143 0.9709788
3192924754.733384 2.3446243 3.2243683 -2.8498597 0.1174468 -0.1674820 -0.0681349 0.9764802
3192924755.030385 2.2440214 3.1794481 -2.6416478 0.1012004 -0.1843907 -0.0601063 0.9757796
3192924755.261388 2.1589069 3.1318059 -2.5246744 0.1255100 -0.1967159 -0.0460761 0.9713017
3192924755.690391 1.9812555 3.0743303 -2.3230672 0.0973920 -0.1856210 -0.0721756 0.9751155
3192924755.921393 1.8548996 3.0369587 -2.2436018 0.1078165 -0.1688150 -0.0717256 0.9771042
3192924756.284396 1.7056199 2.9635949 -2.0967679 0.1155609 -0.1481681 -0.0631427 0.9801555
3192924756.614399 1.5986979 2.9241738 -1.8879406 0.1145738 -0.1577487 -0.0489441 0.9795880
3192924756.845402 1.5148480 2.8672166 -1.7313774 0.1258012 -0.1718764 -0.0407484 0.9762029
3192924757.076403 1.4317243 2.8234277 -1.5988761 0.1153767 -0.1787238 -0.0542670 0.9756030
3192924757.406406 1.2663647 2.7890389 -1.4274919 0.1222560 -0.1720018 -0.0682739 0.9750936
3192924757.571408 1.1813904 2.7525134 -1.3505580 0.1281643 -0.1649623 -0.0667197 0.9756587
3192924757.802409 1.1084696 2.6962979 -1.2599170 0.1327967 -0.1442281 -0.0670226 0.9783002
3192924758.099412 1.0372257 2.6478295 -1.0743999 0.1202893 -0.1453598 -0.0595621 0.9802313
3192924758.297414 0.9964428 2.6020110 -0.9373780 0.1292431 -0.1667230 -0.0602466 0.9756383
3192924758.561417 0.9176198 2.5509324 -0.7606437 0.1223975 -0.1832435 -0.0687258 0.9729941
3192924758.990419 0.7324815 2.4965689 -0.5770192 0.1220213 -0.1625888 -0.0740669 0.9763144
3192924759.221422 0.6227218 2.4350469 -0.5191340 0.1208060 -0.1237210 -0.0586355 0.9831892
3192924759.584425 0.4932830 2.3695645 -0.3599200 0.1202937 -0.1205999 -0.0486885 0.9841822
3192924759.914427 0.4093649 2.3175998 -0.1186581 0.1214381 -0.1487475 -0.0385883 0.9806314
3192924760.178430 0.3332658 2.2489796 0.0131112 0.1165925 -0.1426827 -0.0264261 0.9825220
3192924760.508432 0.2037886 2.2117052 0.1807305 0.1130236 -0.1314197 -0.0455631 0.9838082
3192924760.706434 0.0994744 2.1905422 0.2818196 0.1227312 -0.1326802 -0.0484483 0.9823369
3192924761.597443 -0.1691641 2.0298154 0.7532312 0.1391707 -0.1274737 -0.0257480 0.9816920
3192924763.214455 -0.5880919 1.6966791 1.5590750 0.0875498 -0.0638906 -0.0209441 0.9938885
3192924763.247457 -0.5939071 1.6925317 1.5746549 0.0864443 -0.0646388 -0.0210721 0.9939342
3192924763.478458 -0.6436373 1.6436373 1.6950254 0.0808146 -0.0438590 -0.0230861 0.9954961
3192924763.808460 -0.7271012 1.5978948 1.8250316 0.0722716 -0.0062722 -0.0195507 0.9971736
3192924763.940461 -0.7756966 1.5811621 1.8773141 0.0675645 0.0213475 -0.0088535 0.9974472
3192924764.072462 -0.8213728 1.5564424 1.9199890 0.0812631 0.0444876 0.0002900 0.9956993
3192924764.204464 -0.8515248 1.5449045 1.9721613 0.0880117 0.0669142 0.0106136 0.9938127
3192924764.402465 -0.8907309 1.5121013 2.0469918 0.0863440 0.0944844 0.0238696 0.9914876
3192924764.567467 -0.8955613 1.5023158 2.1197593 0.0844311 0.1101529 0.0308078 0.9898427
3192924764.699468 -0.9086779 1.4853241 2.1884506 0.0783112 0.1213889 0.0463023 0.9884271
3192924764.864469 -0.9152249 1.4510716 2.2730761 0.0792613 0.1325600 0.0674316 0.9856970
3192924764.996470 -0.9254091 1.4294542 2.3272934 0.0925064 0.1370603 0.0796922 0.9830087
3192924765.161472 -0.9500301 1.4053559 2.3920631 0.0881580 0.1419366 0.0764312 0.9829753
3192924765.293473 -0.9738395 1.3860903 2.4369340 0.0896558 0.1555077 0.0776433 0.9806889
3192924765.458474 -1.0087607 1.3755081 2.5007405 0.0842036 0.1878961 0.0848907 0.9748838
3192924765.590475 -1.0382764 1.3495752 2.5298166 0.0864461 0.2180903 0.0985814 0.9670808
3192924765.722476 -1.0535229 1.3412720 2.5678697 0.0973745 0.2506497 0.1112668 0.9567198
3192924766.877486 -1.1802919 1.2092377 2.9760885 0.1246373 0.4282457 0.1962336 0.8732488
3192924767.042486 -1.2816997 1.1682491 3.0126157 0.1192199 0.4794022 0.1900661 0.8484309
3192924767.141488 -1.4020654 1.1226683 3.0194581 0.1181078 0.5201245 0.1924651 0.8236979
3192924767.339489 -1.6583164 1.0185988 3.0450654 0.1150651 0.5737274 0.2158508 0.7816683
3192924767.504490 -1.7790933 0.9412097 3.1111817 0.1074218 0.5991864 0.2268093 0.7602590
3192924767.867494 -1.8528733 0.8587127 3.2689362 0.0875543 0.6092877 0.2250500 0.7552849
3192924768.197497 -1.7404799 0.8569073 3.4369826 0.1048436 0.5801548 0.2422331 0.7705527
3192924768.362497 -1.6238773 0.8519837 3.5465906 0.1080803 0.5583543 0.2528171 0.7827150
3192924768.725501 -1.4624474 0.8171103 3.7638474 0.0964357 0.5274318 0.2246028 0.8136765
3192924768.956502 -1.4225043 0.7817537 3.8843665 0.0929437 0.5246904 0.2166016 0.8180129
3192924769.253505 -1.4282827 0.6877350 4.0496063 0.0887149 0.5413935 0.2326711 0.8030485
3192924769.451506 -1.4274379 0.6288317 4.1337814 0.0653186 0.5555035 0.2399928 0.7934436
3192924770.507515 -1.0308843 0.5851343 4.2776051 0.0471609 0.5442061 0.2377855 0.8031648
3192924771.431523 -0.6882566 0.4515594 4.4901953 0.0297162 0.5808347 0.2104473 0.7857862
3192924771.992527 -0.4340094 0.4589251 4.5067081 0.0761632 0.5891138 0.2021145 0.7786487
3192924772.454530 -0.2284267 0.4540866 4.5468063 0.0804993 0.5794024 0.1997257 0.7860804
3192924773.114536 0.0200764 0.4228613 4.7721663 0.1077183 0.6223028 0.1912937 0.7513606
3192924774.368546 0.7197150 0.3904394 4.9331408 0.0980010 0.6223993 0.1888047 0.7532381
3192924776.513566 1.8604704 0.2821571 5.2969642 0.0970643 0.6567736 0.2168693 0.7156778
3192924777.074569 2.2211449 0.3203729 5.2680240 0.1015262 0.6361440 0.2221382 0.7318934
3192924777.734576 2.5841479 0.3357134 5.4427004 0.0921072 0.6621819 0.1997825 0.7163228
3192924778.130579 2.8259573 0.3254265 5.4739265 0.0848545 0.6494393 0.2318194 0.7192274
3192924778.559583 3.1046565 0.3240166 5.4752488 0.1021623 0.6463459 0.2268377 0.7213491
3192924778.955586 3.3215778 0.2998107 5.5537372 0.0889340 0.6546517 0.2177354 0.7184102
3192924779.384590 3.5234466 0.2510767 5.6178012 0.0793354 0.6676757 0.2050582 0.7112428
3192924779.813593 3.7495246 0.3205848 5.6321597 0.0964829 0.6544139 0.2126249 0.7191830
3192924780.209597 3.9835038 0.3532464 5.6206799 0.1243308 0.6441198 0.1951715 0.7290814
3192924780.638601 4.2567229 0.3495287 5.6978593 0.0834800 0.6543553 0.2192169 0.7188839
3192924780.968604 4.4509282 0.3002250 5.7343936 0.0693303 0.6644191 0.2302905 0.7076064
3192924781.727611 4.9007325 0.3273196 5.6894908 0.1125391 0.6492706 0.2223906 0.7185577
3192924782.123614 5.0968418 0.3257613 5.6952696 0.0891432 0.6479155 0.2260356 0.7219189
3192924782.552619 5.3175511 0.3119184 5.8457842 0.0850361 0.7085305 0.2307489 0.6614441
3192924783.014622 5.5715237 0.2813767 5.8619270 0.0579665 0.7290728 0.2670132 0.6275322
3192924783.311626 5.7456150 0.3018217 5.8185692 0.0638006 0.7295216 0.2882993 0.6169370
3192924783.707630 5.9399562 0.2922828 5.8111610 0.0395361 0.7428809 0.3152726 0.5892097
3192924784.004632 6.0823812 0.2692372 5.8574991 0.0413606 0.7738912 0.3296609 0.5391710
3192924784.202633 6.1883092 0.2418227 5.8903875 0.0432265 0.8024254 0.3461407 0.4841813
3192924784.499637 6.3233571 0.2365476 5.8961496 0.0318690 0.8205131 0.3648256 0.4389134
3192924785.027641 6.5367584 0.3263179 5.7350955 0.0439850 0.8120707 0.3804832 0.4402714
3192924785.423645 6.6787829 0.3966980 5.6164021 0.0303281 0.7821987 0.3947556 0.4810545
3192924785.786648 6.7842722 0.4516139 5.5395880 0.0130043 0.7808532 0.4009906 0.4788588
3192924786.050651 6.8686290 0.4688921 5.4616389 -0.0272120 0.7944685 0.3766350 0.4756316
3192924786.314653 6.9543467 0.5205796 5.3666086 -0.0504949 0.7704859 0.3941023 0.4984827
3192924786.545655 6.9815683 0.5873888 5.2800722 -0.0531521 0.7214895 0.4063821 0.5581051
3192924786.743656 6.9954677 0.6398497 5.2002330 -0.0467028 0.6633640 0.3857651 0.6394938
3192924786.941658 7.0058970 0.6900566 5.1140566 -0.0480875 0.5929907 0.3400629 0.7282904
3192924787.139659 7.0194058 0.7310700 5.0285220 -0.0472118 0.5314449 0.3043658 0.7891127
3192924787.931665 7.1434417 0.7913845 4.9707184 -0.0387189 0.4498354 0.2487388 0.8569002
3192924788.558671 7.1695471 0.8865193 4.8024120 -0.0637766 0.3697107 0.2429500 0.8945512
3192924789.878680 7.1536283 0.9109085 4.6981454 0.0875847 0.3336431 0.1510464 0.9263888
3192924790.076682 7.1437082 0.9119362 4.6943183 0.1336117 0.3261079 0.1182637 0.9283400
3192924790.439684 7.1058636 0.8985837 4.6674604 0.1997175 0.3700033 0.0871754 0.9031118
3192924790.637686 7.0898795 0.8928823 4.6561275 0.2076475 0.4372662 0.0994924 0.8693573
3192924790.835688 7.0741053 0.8847682 4.6501694 0.2020855 0.5093152 0.1183120 0.8281074
3192924791.066689 6.9751191 0.8034053 4.6232872 0.1722609 0.6044514 0.1497338 0.7632460
3192924791.561693 7.0416613 0.7485079 4.6522260 0.1290898 0.7476575 0.1957472 0.6213108
3192924791.891695 7.3380995 0.6977818 4.7910395 0.0936499 0.8174581 0.2179139 0.5248861
3192924792.254699 7.3993254 0.4268291 4.8359432 0.0519976 0.8565667 0.2498329 0.4485235
3192924792.551701 7.4128027 0.4022142 4.8016515 0.0377802 0.8678359 0.2684452 0.4163780
3192924793.244707 7.4772134 0.4894176 4.6516132 0.0568549 0.8639100 0.2642624 0.4249617
3192924793.673710 7.5600138 0.5058309 4.6121483 0.0419362 0.8763143 0.2569959 0.4052995
3192924794.003713 7.6821284 0.5283972 4.5742502 0.0299059 0.8863940 0.2542691 0.3856923
3192924794.333715 7.7957416 0.4960145 4.5649576 0.0168062 0.9006466 0.2427469 0.3600377
3192924794.762719 7.9019766 0.6059606 4.4267397 0.0253541 0.8917856 0.2688965 0.3630018
3192924795.092722 8.0088692 0.7045686 4.2860518 0.0604145 0.8909008 0.2420984 0.3795184
3192924795.422725 8.1173162 0.8331414 4.1248913 0.0514923 0.8709314 0.2560888 0.4162278
3192924795.785728 8.2590733 0.9003133 4.0513859 0.0275235 0.8681621 0.2615159 0.4208877
3192924796.148731 8.4296446 0.9106918 3.9754150 0.0128561 0.8815021 0.2496268 0.4005936
3192924796.841737 8.6379490 1.0097740 3.7612541 0.0277675 0.8792838 0.2755729 0.3874899
3192924798.161748 9.0890856 1.1739595 3.3566587 0.0202075 0.9142746 0.2565877 0.3128201
3192924798.359750 9.1638298 1.2040921 3.2804663 0.0193083 0.9131146 0.2764617 0.2990281
3192924799.151756 9.4890804 1.3629071 2.9789715 0.0267778 0.9137874 0.2690785 0.3031043
3192924799.415758 9.6317730 1.4063741 2.9179289 0.0167620 0.9164102 0.2881787 0.2772443
3192924799.646759 9.7778101 1.3804147 2.8851852 0.0120873 0.9319422 0.2761191 0.2347250
