3192830887.608968 0.0000000 0.0000000 0.0000000 0.0000000 0.0000000 0.0000000 1.0000000
3192830887.908013 0.0428596 -0.0698937 0.0605045 0.0276513 0.1106222 0.0467414 0.9923776
3192830887.974038 0.0632706 -0.0829471 0.0836588 0.0355579 0.1208734 0.0434968 0.9910768
3192830888.205047 0.1488499 -0.1543549 0.1706079 0.0489886 0.1289103 0.0424737 0.9895344
3192830888.700049 0.2841168 -0.2729692 0.4398478 0.0583149 0.1031695 0.0104996 0.9928974
3192830888.964050 0.3200745 -0.3325797 0.5221862 0.0807503 0.1566573 0.0304352 0.9838758
3192830889.129052 0.3491693 -0.3592982 0.5409716 0.0832084 0.2075303 0.0619135 0.9727149
3192830889.228051 0.3578514 -0.3611917 0.5563011 0.0854415 0.2309701 0.0742848 0.9663510
3192830889.624053 0.4773073 -0.4307019 0.6881996 0.0955318 0.2084340 0.0871687 0.9694486
3192830890.086056 0.5029683 -0.4905935 0.7779746 0.1163866 0.2322070 0.0656487 0.9634440
3192830890.284057 0.4444767 -0.5443420 0.7316310 0.1118106 0.2863399 0.0861216 0.9476766
3192830890.548059 0.3738682 -0.6074722 0.7167253 0.1032757 0.3315642 0.1116216 0.9310961
3192830890.713060 0.3313246 -0.6335449 0.7090076 0.0999226 0.3594439 0.1180866 0.9202560
3192830890.779061 0.3150734 -0.6522913 0.6961759 0.0972715 0.3722192 0.1243201 0.9146233
3192830890.977062 0.2501194 -0.6982042 0.6531561 0.0899804 0.4143889 0.1362107 0.8953390
3192830891.439064 0.0727098 -0.8207763 0.5619402 0.0790001 0.5039557 0.1710690 0.8429253
3192830891.901068 -0.1252474 -0.9435408 0.5476344 0.0715666 0.5852250 0.1857496 0.7860579
3192830892.099070 -0.2264948 -0.9710166 0.5409166 0.0712967 0.6179838 0.1979150 0.7575240
3192830892.462071 -0.3420274 -0.9929827 0.5212714 0.0802524 0.6539978 0.2189703 0.7196516
3192830893.386077 0.1122067 -0.9584586 0.4869306 0.1075550 0.6134754 0.2219656 0.7502074
3192830893.683080 0.3989286 -0.9446564 0.4733028 0.0970152 0.5873111 0.2170646 0.7736515
3192830893.947082 0.5383034 -0.9631763 0.4903428 0.0933205 0.6253379 0.2315395 0.7393465
3192830894.178083 0.6713167 -1.0088050 0.4783897 0.0943233 0.6482688 0.2400234 0.7164073
3192830894.640087 0.9841244 -1.0094278 0.4389935 0.1237825 0.6443873 0.2443417 0.7139608
3192830894.937089 1.2606995 -1.0070467 0.3940162 0.1166279 0.6119291 0.2298952 0.7477225
3192830895.234091 1.5370367 -0.9640203 0.3828874 0.1049872 0.5724575 0.2063352 0.7865722
3192830895.597095 1.8406579 -0.9591399 0.3672730 0.1091396 0.5266708 0.1778527 0.8240600
3192830896.026096 2.0817685 -0.9496831 0.3069627 0.1069121 0.4595039 0.1595331 0.8671650
3192830896.158097 2.1994326 -0.9077353 0.2846467 0.1097585 0.3886687 0.1345254 0.9048716
3192830896.290099 2.3140523 -0.8976563 0.2689173 0.1072126 0.3232801 0.1151900 0.9331274
3192830896.422100 2.3886752 -0.8824240 0.2742090 0.1012007 0.2722169 0.1164535 0.9497868
3192830896.521100 2.4454429 -0.8925464 0.2555223 0.0952936 0.2301453 0.1124999 0.9619231
3192830896.620100 2.4933121 -0.8803178 0.2681050 0.0931436 0.1944585 0.1090656 0.9703684
3192830896.785103 2.5506859 -0.8831192 0.2876680 0.0838032 0.1455733 0.0988864 0.9808195
3192830896.917104 2.5616968 -0.8772827 0.2941456 0.0770406 0.1105275 0.0936092 0.9864511
3192830897.181105 2.5621901 -0.8685663 0.2985784 0.0860157 0.0466316 0.0781273 0.9921305
3192830897.413053 2.5594115 -0.8378127 0.3473981 0.0798659 -0.0259691 0.0478631 0.9953171
3192830897.512406 2.5663929 -0.8185188 0.3759870 0.0730110 -0.0645264 0.0292590 0.9948114
3192830897.644369 2.5856035 -0.7486497 0.5110056 0.0644211 -0.1211185 -0.0046478 0.9905345
3192830897.809369 2.5975120 -0.7099678 0.5936454 0.0411827 -0.1778336 -0.0339412 0.9826124
3192830898.238371 2.6089907 -0.6957128 0.6381308 0.0569798 -0.2462784 -0.0824231 0.9640055
3192830898.570924 2.7580698 -0.7018105 0.6831494 0.0664823 -0.3079293 -0.1320398 0.9398538
3192830899.131849 2.9098053 -0.7572237 0.8822676 0.0736443 -0.3933165 -0.1463215 0.9046926
3192830899.494853 2.9130161 -0.8857055 1.0582093 0.0261135 -0.3895965 -0.1839365 0.9020532
3192830899.857854 2.9747574 -0.9759225 1.2781748 -0.0164908 -0.4287387 -0.2056020 0.8795675
3192830900.154858 3.0723629 -1.0760307 1.4654229 -0.0050261 -0.4662178 -0.2339062 0.8531727
3192830900.484859 3.1284733 -1.1468629 1.6849999 0.0025889 -0.5198895 -0.2302672 0.8226088
3192830900.748861 3.1283450 -1.2348301 1.8129926 0.0113186 -0.4793710 -0.2623499 0.8374054
3192830901.182370 3.1228077 -1.3721485 2.1034670 0.0011283 -0.5231464 -0.2616130 0.8110951
3192830901.479338 3.1689072 -1.4649528 2.3736992 0.0435884 -0.6081368 -0.2637751 0.7474573
3192830901.842341 3.1697581 -1.5922122 2.6309819 0.0579252 -0.6820350 -0.2465942 0.6860498
3192830902.541352 3.0399075 -1.7476856 3.0102675 0.0883481 -0.7228633 -0.2522223 0.6372184
3192830902.938665 2.9887285 -1.8068393 3.1696186 0.0807641 -0.7885340 -0.2498195 0.5561308
3192830903.499668 2.9439991 -1.9465338 3.4174292 0.0494499 -0.8171232 -0.2241576 0.5287890
3192830904.159672 2.8473248 -1.9230951 3.4858894 -0.0073872 -0.7706898 -0.2807494 0.5719811
3192830905.116678 2.9512568 -1.9370317 3.4250350 0.0447150 -0.6921322 -0.2238972 0.6847070
3192830905.380680 2.9820967 -1.9227347 3.3854747 0.0662321 -0.6352834 -0.2277776 0.7349461
3192830905.644681 2.9729161 -1.9047289 3.3267879 0.0861643 -0.5922842 -0.2398617 0.7643569
3192830905.809681 2.9818888 -1.9026940 3.3264792 0.0789631 -0.5617442 -0.2508046 0.7844140
3192830906.073683 3.1076016 -1.8964071 3.2814245 0.0956498 -0.4957107 -0.2102956 0.8371964
3192830906.304686 3.2604103 -1.8589096 3.2047553 0.0863906 -0.4452034 -0.1771146 0.8734764
3192830906.601686 3.3209679 -1.8503710 3.0474322 0.0628147 -0.3783793 -0.1485390 0.9114931
3192830907.657692 3.3164239 -1.7515807 2.7006116 0.0532701 -0.1026562 -0.0550217 0.9917644
3192830908.911700 2.8371077 -1.6087614 2.4241486 -0.0177670 0.0197689 -0.0284735 0.9992411
3192830910.132710 2.3258429 -1.4432771 2.1500187 0.0571338 0.1120319 0.0884867 0.9881066
3192830910.693714 1.9136126 -1.5430350 2.3301377 0.0568088 0.2300106 0.1524499 0.9594930
3192830911.982246 1.8261926 -1.8390538 2.9427123 0.0731290 0.2400339 0.1472864 0.9567354
3192830912.547771 1.7551973 -1.9316450 3.2544966 0.1018767 0.3015771 0.1894926 0.9288514
3192830912.811766 1.7126724 -2.0127025 3.4212971 0.0845720 0.3593745 0.1738249 0.9129526
3192830912.943767 1.6905905 -2.0384734 3.5133994 0.0894827 0.4073339 0.1749249 0.8918930
3192830913.075769 1.6755393 -2.0678003 3.6185532 0.0944658 0.4444904 0.1814494 0.8721128
3192830913.273770 1.6430262 -2.1485391 3.7588251 0.0923289 0.5023736 0.1915848 0.8380879
3192830913.471771 1.6484783 -2.2007189 3.8531976 0.0968614 0.5571570 0.2013801 0.7997749
3192830913.867775 1.8736688 -2.2456124 4.0018687 0.1176549 0.5937890 0.2184576 0.7654073
3192830914.164777 2.1367183 -2.3135979 4.1534491 0.0963515 0.5818610 0.1986130 0.7827561
3192830914.428780 2.4357171 -2.3527617 4.3181844 0.0859005 0.5573617 0.1654277 0.8090752
3192830914.760215 2.8154967 -2.4494452 4.4655633 0.0677451 0.5288901 0.1442951 0.8335855
3192830915.222229 3.3325920 -2.4909599 4.5688353 0.0785422 0.4836144 0.1187795 0.8636201
3192830915.717233 3.8788190 -2.5262609 4.6939840 0.0607327 0.4813834 0.1262996 0.8652341
3192830916.311237 4.5809422 -2.5835745 4.7795658 0.0982706 0.4805318 0.1503067 0.8583938
3192830916.707240 5.0790787 -2.6323633 4.9353094 0.0779910 0.4838727 0.0932360 0.8666555
3192830916.938241 5.3828802 -2.7093887 5.0480475 0.0685344 0.4650365 0.0742950 0.8795024
3192830917.268244 5.7803741 -2.7242262 5.1324897 0.0889611 0.4722508 0.1333070 0.8667724
3192830917.565246 6.1586051 -2.7914398 5.2142181 0.0806716 0.4699598 0.1537804 0.8654372
3192830917.829247 6.4692268 -2.8164859 5.3605924 0.0794697 0.4741610 0.1292298 0.8672690
3192830918.159250 6.8073130 -2.9122550 5.4695082 0.0946005 0.4970050 0.1356670 0.8518399
3192830918.489253 7.2121596 -2.9453073 5.5921021 0.1101121 0.4787939 0.1315786 0.8609987
3192830918.786253 7.5681505 -2.9956172 5.7357907 0.0993753 0.4601133 0.1067231 0.8758028
3192830919.017256 7.8147354 -3.0389824 5.8573208 0.0975109 0.4731238 0.1073679 0.8689750
3192830919.281258 8.1095610 -3.0958185 5.9511285 0.1076532 0.4577658 0.1140423 0.8751317
3192830919.512259 8.3819580 -3.1005907 6.0177178 0.1242040 0.4361202 0.1120128 0.8842091
3192830919.710259 8.5826864 -3.1726084 6.0691495 0.1075889 0.4624314 0.1514907 0.8669674
3192830919.875262 8.7357874 -3.1912918 6.1446409 0.0798239 0.4833130 0.1434150 0.8599238
3192830920.073263 8.9224863 -3.2164688 6.2547984 0.0693272 0.4942548 0.1472956 0.8539379
3192830920.337265 9.1503286 -3.2972529 6.3520885 0.0780639 0.5070161 0.1621880 0.8429328
3192830920.601266 9.4090538 -3.3011620 6.4531217 0.0970272 0.4961193 0.1670943 0.8464814
3192830920.799268 9.6162720 -3.3560224 6.5273366 0.0871173 0.4716633 0.1789829 0.8590165
3192830921.030269 9.8291168 -3.3737693 6.6588283 0.0508599 0.4710533 0.1768658 0.8626938
3192830921.228270 9.9971838 -3.3991561 6.7606640 0.0442552 0.4813040 0.1872091 0.8551846
3192830921.459272 10.1216717 -3.4542289 6.7820392 0.0397215 0.5123931 0.2245297 0.8279263
3192830921.723274 10.3845425 -3.4470935 6.8553796 0.0340423 0.4955688 0.2458278 0.8323589
3192830922.020276 10.7206507 -3.4710140 6.9396944 0.0183737 0.4361408 0.2323740 0.8691639
3192830922.416278 11.0443726 -3.5028136 7.0050912 -0.0035483 0.3974003 0.2208299 0.8906708
3192830922.911283 11.4184771 -3.5225060 7.1062942 -0.0647259 0.3041608 0.1979942 0.9295672
3192830923.340284 11.7738504 -3.5323887 7.1705370 -0.0941062 0.1888165 0.1597248 0.9643549
3192830923.868288 12.1410189 -3.5644236 7.3258042 -0.1114335 0.0874972 0.0778540 0.9868463
3192830924.462292 12.5956717 -3.6036649 7.4145851 -0.0973501 0.0009292 0.0566226 0.9936377
3192830924.990295 12.9684381 -3.6376269 7.5534821 -0.1166573 -0.0996729 0.0130011 0.9880726
3192830925.485299 13.2494516 -3.7189920 7.7324376 -0.1468070 -0.1334785 -0.0280035 0.9797178
3192830925.881301 13.5035944 -3.7559104 7.8145547 -0.1078530 -0.2350311 -0.1054276 0.9602152
3192830926.244304 13.5967674 -3.8005714 7.9073453 -0.0713641 -0.3472288 -0.1564002 0.9218885
3192830926.574306 13.7578039 -3.8845882 8.0329762 -0.0402801 -0.3482216 -0.1763863 0.9197865
3192830927.102309 14.0009947 -3.8953457 8.1340084 -0.0287178 -0.4510902 -0.1944822 0.8705571
3192830927.894641 14.2004423 -3.7030284 8.0769997 -0.0892699 -0.5569021 -0.2799319 0.7768714
3192830928.653608 14.3355103 -3.6831064 8.1292057 -0.0625332 -0.7030487 -0.3607315 0.6096597
3192830928.884610 14.3500299 -3.6213183 8.0992146 -0.0415426 -0.7556430 -0.3667327 0.5410962
3192830929.973617 13.9359856 -3.5060973 7.8598838 -0.0072597 -0.7721355 -0.3524530 0.5287069
3192830930.402620 13.6336632 -3.5232053 7.8057861 -0.0320862 0.7983305 0.3367881 -0.4982094
3192830930.930624 13.2468462 -3.4548473 7.6327333 0.0632966 -0.8011329 -0.3133274 0.5059699
3192830931.359626 12.8912497 -3.4031558 7.5095377 0.0480122 -0.8140667 -0.2647917 0.5146607
3192830931.689627 12.5745707 -3.3897314 7.3909826 0.0571682 -0.8181076 -0.2560629 0.5117261
3192830931.953629 12.3150930 -3.3249514 7.3101754 0.0734473 -0.8202547 -0.2587890 0.5047930
3192830932.349632 11.9097290 -3.3131068 7.1725602 0.0788609 -0.8248688 -0.2405101 0.5054971
3192830932.712635 11.4926958 -3.2990422 7.1378770 0.0613590 -0.8283832 -0.2336394 0.5053998
3192830933.075637 11.0704956 -3.2334867 7.0248413 -0.0837240 0.8360945 0.2709179 -0.4696166
3192830933.438640 10.6998720 -3.2205000 6.9067225 -0.0841562 0.8266311 0.2689978 -0.4870719
3192830933.834642 10.2714434 -3.2071753 6.8680787 -0.0484514 0.8351688 0.2316016 -0.4964940
3192830934.197644 9.8704491 -3.1320698 6.7553973 -0.0630372 0.8322163 0.2493613 -0.4911836
3192830934.593647 9.4933786 -3.1172991 6.6357670 0.0584821 -0.8232020 -0.2355619 0.5132533
3192830934.956650 9.0757504 -3.0946255 6.5555682 -0.0408825 0.8382733 0.2266677 -0.4942147
3192830935.253652 8.7473078 -3.0268614 6.4470806 -0.0618550 0.8371269 0.2598743 -0.4773447
3192830935.649654 8.3848896 -2.9950464 6.2995825 0.0606296 -0.8241671 -0.2418746 0.5084971
3192830935.880657 8.1466579 -2.9569890 6.2636056 0.0378008 -0.8300261 -0.2161513 0.5127439
3192830936.144659 7.8377090 -2.9465170 6.1646943 -0.0244615 0.8431417 0.2206476 -0.4897227
3192830936.474661 7.5077868 -2.8470507 6.0388365 -0.0691777 0.8374536 0.2348441 -0.4886043
3192830936.804664 7.1654344 -2.8351173 5.9284372 0.0525777 -0.8258142 -0.2527985 0.5013576
3192830937.101665 6.7958450 -2.7877011 5.8438425 -0.0337285 0.8516827 0.2419103 -0.4636576
3192830937.299666 6.5535040 -2.7607415 5.7490125 -0.0347050 0.8623145 0.2628828 -0.4313953
3192830937.662670 6.2651477 -2.6872945 5.6190376 -0.0689313 0.8289729 0.2694899 -0.4852087
3192830937.893671 6.0618825 -2.6830704 5.5391998 0.0716470 -0.8175766 -0.2536311 0.5119632
3192830938.256674 5.6746459 -2.6549497 5.4508905 0.0402268 -0.8306549 -0.2004413 0.5178972
3192830938.520676 5.3918266 -2.5932322 5.3370914 -0.0811676 0.8322528 0.2328361 -0.4965425
3192830938.784678 5.1367865 -2.5421176 5.2252321 0.1026986 -0.8157521 -0.2454047 0.5135934
3192830939.048679 4.8713083 -2.5318847 5.1500206 0.0764836 -0.8127279 -0.2358608 0.5272508
3192830939.378682 4.5063691 -2.5064960 5.0549717 0.0508905 -0.8213894 -0.2221024 0.5228767
3192830939.708684 4.2044458 -2.4350181 4.9373035 0.0730671 -0.8027158 -0.2419074 0.5401753
3192830939.972686 3.9620185 -2.4119730 4.8010693 0.0865203 -0.7961512 -0.2489309 0.5446935
3192830940.302689 3.6127799 -2.3533273 4.7113595 0.0621096 -0.8125782 -0.2203487 0.5360089
3192830940.665690 3.2068057 -2.3202326 4.5595460 0.0670379 -0.8267735 -0.2275365 0.5100771
3192830940.962694 2.9077232 -2.2453890 4.4328685 0.0872795 -0.8160388 -0.2249342 0.5252309
3192830941.228252 2.6226301 -2.2278004 4.3437395 0.0784933 -0.8170454 -0.2195636 0.5273210
3192830941.492242 2.3127384 -2.2032108 4.2924709 0.0536048 -0.8271725 -0.1865676 0.5273563
3192830941.888245 1.8524430 -2.1236961 4.1344233 0.0789495 -0.8269745 -0.2023358 0.5185946
3192830942.218247 1.5040078 -2.0989256 4.0017366 0.0969129 -0.8174039 -0.2080095 0.5283851
3192830942.449248 1.2283087 -2.0530899 3.9661245 0.0786362 -0.8285269 -0.1817747 0.5237533
3192830942.779251 0.7969549 -2.0251176 3.8316383 0.0736472 -0.8382288 -0.1902288 0.5057288
3192830943.043253 0.4796516 -1.9487860 3.7277505 0.0969413 -0.8250076 -0.2087232 0.5161390
3192830943.472257 -0.0695722 -1.9051239 3.6074042 0.0683284 -0.8334075 -0.2072323 0.5077577
3192830943.703258 -0.3779843 -1.9059520 3.5127242 -0.0475679 0.8417494 0.2149897 -0.4929245
3192830944.000261 -0.7337216 -1.8180346 3.4054356 -0.0809626 0.8379707 0.2285606 -0.4888867
3192830944.495264 -1.3214889 -1.7617692 3.2536802 -0.0840473 0.8324336 0.2291482 -0.4974752
3192830944.792267 -1.7026951 -1.7545329 3.1450365 -0.0661272 0.8373820 0.2272689 -0.4927144
3192830945.155269 -2.1212449 -1.6678963 2.9924226 0.1100559 -0.8169768 -0.2486683 0.5085279
3192830945.485271 -2.5264006 -1.6287251 2.8938532 0.0904136 -0.8233255 -0.2395356 0.5065404
3192830945.749274 -2.8887081 -1.6202865 2.7867062 -0.0798944 0.8408014 0.2200768 -0.4880944
3192830946.013275 -3.2443786 -1.5264456 2.6597595 -0.1048039 0.8508791 0.2332149 -0.4589463
3192830946.343277 -3.6281581 -1.5082377 2.5078309 -0.0975285 0.8377668 0.2328081 -0.4841852
3192830946.706280 -4.0698028 -1.4765530 2.4238863 0.0589239 -0.8364771 -0.2039820 0.5051984
3192830947.069282 -4.5017862 -1.3904520 2.2724676 -0.0866444 0.8363460 0.2262072 -0.4917808
3192830947.366284 -4.8171329 -1.3791670 2.1372361 0.0951372 -0.8194196 -0.2385440 0.5124424
3192830947.663286 -5.2022867 -1.3150545 2.0602288 0.0740660 -0.8340968 -0.2101698 0.5046042
3192830947.960288 -5.5730748 -1.2839094 1.9183019 -0.0741235 0.8344449 0.2304572 -0.4950726
3192830948.290289 -5.9502525 -1.2052989 1.7619778 0.0877793 -0.8206878 -0.2315667 0.5149207
3192830948.554292 -6.2632656 -1.1631361 1.6735005 0.0781333 -0.8245702 -0.2119045 0.5187250
3192830948.752293 -6.5405073 -1.1264026 1.6033802 0.0714273 -0.8268013 -0.2188507 0.5132272
3192830949.082296 -6.9666548 -1.0384259 1.4296584 0.0805321 -0.8308064 -0.2276593 0.5014444
3192830949.544298 -7.5076771 -0.9629707 1.2005539 0.0696994 -0.8166653 -0.2047292 0.5350567
3192830949.973300 -8.0754166 -0.8950737 1.0116992 0.0705831 -0.8239143 -0.2184364 0.5181397
3192830950.369303 -8.5470114 -0.8166238 0.8309100 0.1087467 -0.8143097 -0.2314902 0.5210433
3192830950.732306 -9.0301247 -0.7602173 0.7355022 0.0770288 -0.8328415 -0.1906782 0.5138906
3192830951.161309 -9.5891781 -0.6859572 0.5547512 0.0936432 -0.8316002 -0.2038070 0.5080697
3192830951.623311 -10.1381903 -0.6408794 0.4025638 0.0924845 -0.8211483 -0.1917499 0.5295225
3192830951.986315 -10.6212635 -0.6124253 0.2665031 0.0803011 -0.8213716 -0.2025273 0.5271463
3192830952.349318 -11.0629921 -0.5339637 0.1107934 0.0915835 -0.8118699 -0.2123123 0.5361000
3192830952.580319 -11.3372259 -0.5153885 0.0335155 0.0787463 -0.8139613 -0.1977477 0.5405199
3192830952.811321 -11.6374454 -0.4840007 -0.0249350 0.0787105 -0.8197282 -0.1847608 0.5363896
3192830953.141324 -12.0681334 -0.4261537 -0.1641386 0.0888539 -0.8175762 -0.2079129 0.5295720
3192830953.405325 -12.3751736 -0.4013920 -0.2769330 0.0799485 -0.7989756 -0.2228215 0.5528080
3192830953.702327 -12.7311649 -0.3496912 -0.3539405 0.0849875 -0.7974120 -0.2210250 0.5550308
3192830954.032330 -13.1659985 -0.3330593 -0.4729280 0.0894642 -0.8022493 -0.2372969 0.5404465
3192830954.329332 -13.5162630 -0.2573745 -0.5739431 0.0946605 -0.7964219 -0.2409914 0.5465113
3192830954.725334 -13.9371986 -0.2304919 -0.6730947 0.0701322 -0.7901195 -0.2213322 0.5672784
3192830955.055337 -14.2978687 -0.2143247 -0.7803748 0.0772696 -0.7845840 -0.2276086 0.5715346
3192830955.319339 -14.5533419 -0.1416306 -0.8621044 0.0805579 -0.7641206 -0.2249527 0.5991881
3192830955.682343 -14.9186001 -0.1276407 -0.9785113 0.0839366 -0.7415175 -0.2028153 0.6340129
3192830956.144346 -15.3687124 -0.0947037 -1.0778363 0.0866137 -0.7098680 -0.1808110 0.6751984
3192830956.606349 -15.7471914 -0.0411013 -1.2351971 0.1117292 -0.6437134 -0.1638024 0.7391336
3192830957.431355 -16.0826340 -0.0785644 -1.2771859 0.1378681 -0.4845762 -0.0814394 0.8599685
3192830958.190361 -16.2604370 0.0493623 -1.4475398 0.1285809 -0.4794534 -0.1367434 0.8572588
3192830959.015366 -16.3780613 0.1636425 -1.6466489 0.1053305 -0.5246789 -0.1524362 0.8308915
3192830959.576370 -16.7573700 0.2296517 -1.8260503 0.0920738 -0.5230346 -0.1347982 0.8365325
3192830960.269375 -17.3252754 0.2473548 -1.8944111 0.0898444 -0.5540701 -0.1425574 0.8152372
3192830962.810392 -17.4753361 0.0879211 -1.5056456 0.0528980 -0.7646191 -0.2521265 0.5907552
3192830963.107394 -17.5874481 0.0856719 -1.4778719 0.0438110 -0.8094996 -0.2867927 0.5104321
3192830963.701397 -17.9207211 0.1584663 -1.6270769 -0.0414389 0.8244126 0.3044460 -0.4753307
3192830964.361403 -18.3853855 0.2425241 -1.8459573 0.0646738 -0.8217326 -0.2617524 0.5020542
3192830964.592404 -18.5912762 0.3287759 -1.9535046 0.0678946 -0.8165243 -0.2597696 0.5110754
3192830964.757406 -18.7290325 0.3526750 -2.0607612 0.0641369 -0.8008306 -0.2656697 0.5328944
3192830965.054408 -19.0069923 0.4052148 -2.1978729 0.0664297 -0.8014455 -0.2477183 0.5402850
3192830965.285409 -19.2616749 0.4476709 -2.2993412 0.0569568 -0.8180827 -0.2404684 0.5192991
3192830965.648412 -19.5929985 0.5330648 -2.4636226 0.0756821 -0.8139929 -0.2503247 0.5186765
3192830965.945413 -19.8493500 0.5632367 -2.6047516 0.0731974 -0.7990409 -0.2506664 0.5416107
3192830966.242416 -20.1197205 0.6014709 -2.6756201 0.0735104 -0.8160429 -0.2255242 0.5270759
3192830966.572419 -20.4404545 0.6206951 -2.7670598 -0.0786625 0.8304226 0.2357190 -0.4986451
3192830966.836421 -20.6905212 0.6915216 -2.8547344 -0.0873977 0.8300613 0.2333990 -0.4988836
3192830967.034421 -20.8729134 0.6977220 -2.9429312 0.0871026 -0.8212588 -0.2404646 0.5100235
3192830967.265422 -21.1091366 0.7326770 -3.0114136 0.0725602 -0.8258235 -0.2367366 0.5066620
3192830967.595425 -21.4677448 0.7548847 -3.0928116 -0.0645166 0.8416694 0.2200677 -0.4888767
3192830967.991427 -21.9000492 0.8541245 -3.2521725 -0.0783158 0.8309561 0.2443510 -0.4936306
3192830968.321430 -22.2341347 0.8738270 -3.3616228 0.0780597 -0.8285070 -0.2297155 0.5046916
3192830968.552433 -22.5065804 0.9050298 -3.4012761 -0.0705983 0.8372201 0.2218543 -0.4948324
3192830968.684433 -22.6530094 0.9081416 -3.4467921 -0.0630796 0.8408797 0.2184653 -0.4911366
3192830969.047435 -23.0700264 1.0004110 -3.5808268 -0.0843642 0.8346410 0.2310987 -0.4927987
3192830969.179436 -23.2180729 0.9955635 -3.6452112 0.0762846 -0.8193839 -0.2493398 0.5105098
3192830969.410439 -23.4765739 1.0202942 -3.7101235 0.0607795 -0.8211458 -0.2441981 0.5122427
3192830969.575439 -23.6798573 1.0539794 -3.7520227 0.0655181 -0.8247480 -0.2448049 0.5055380
3192830969.839440 -23.9823532 1.0751524 -3.8555102 0.0625261 -0.8255008 -0.2422197 0.5059333
3192830970.103442 -24.2849941 1.1511731 -3.9604454 0.0700294 -0.8209756 -0.2437169 0.5115633
3192830970.400445 -24.5688343 1.1620560 -4.0529227 0.0720195 -0.8075195 -0.2088253 0.5469162
3192830970.565445 -24.7357407 1.1923537 -4.0663733 0.0631926 -0.7963938 -0.1806760 0.5736897
3192830970.862447 -25.1705589 1.2114553 -4.2178345 0.0578716 -0.8111327 -0.2013667 0.5460458
3192830971.126448 -25.5433846 1.3247595 -4.3608723 0.0856817 -0.8277414 -0.2225827 0.5078974
3192830971.456449 -25.9565449 1.3464084 -4.5001612 0.0805827 -0.8245460 -0.2166641 0.5164175
3192830971.753451 -26.3683319 1.3821054 -4.5891752 0.0562992 -0.8257215 -0.2135798 0.5190357
3192830972.083455 -26.7872353 1.4624729 -4.7208333 -0.0892333 0.8286297 0.2369347 -0.4992718
3192830972.479456 -27.2516098 1.4846077 -4.8573179 0.0792215 -0.8171034 -0.2143275 0.5292729
3192830972.875459 -27.7902374 1.5201817 -4.9743023 0.0657150 -0.8232395 -0.2234402 0.5177188
3192830973.271461 -28.3031197 1.6048985 -5.1456575 0.0863494 -0.8264441 -0.2354370 0.5040867
3192830973.634464 -28.7056828 1.6495371 -5.2294221 0.0727833 -0.8231757 -0.2136720 0.5209881
3192830974.030467 -29.2399101 1.6949978 -5.3927445 -0.0827453 0.8312579 0.2289570 -0.4997421
3192830974.327468 -29.6407661 1.7558784 -5.5434499 -0.0888329 0.8267341 0.2517637 -0.4952115
3192830974.822472 -30.2332306 1.8027935 -5.6609273 0.0653005 -0.8241037 -0.2156902 0.5196794
3192830975.119474 -30.6687622 1.8837633 -5.7960606 -0.0816222 0.8405652 0.2307843 -0.4832459
3192830975.482477 -31.1214962 1.9002628 -5.9330645 0.0750769 -0.8302581 -0.2274700 0.5032816
3192830975.911479 -31.6909370 1.9467640 -6.0485525 0.0752135 -0.8286848 -0.2156580 0.5109951
3192830976.208482 -32.0840759 2.0434570 -6.1731372 0.1164096 -0.8302040 -0.2053692 0.5050086
3192830976.538484 -32.4897842 2.0507317 -6.2886119 0.0991323 -0.8177633 -0.1905328 0.5339787
3192830976.901486 -33.0007744 2.0874829 -6.4182405 0.0702605 -0.8244383 -0.1830794 0.5308926
3192830977.264489 -33.4853401 2.1991310 -6.5990729 0.0928761 -0.8183932 -0.2150181 0.5247606
3192830977.462491 -33.7498894 2.1959996 -6.6853485 0.0758759 -0.8206510 -0.2277677 0.5185524
3192830977.726493 -34.1321259 2.2619534 -6.7465153 0.0625264 -0.8250712 -0.2166939 0.5180654
3192830977.957494 -34.4820786 2.2816801 -6.8569002 0.0465802 -0.8296506 -0.2328067 0.5052832
3192830978.221496 -34.8495903 2.3635969 -6.9698801 -0.0789375 0.8326402 0.2452738 -0.4902243
3192830978.386497 -35.0572357 2.3460608 -7.0339932 0.0626070 -0.8211871 -0.2534265 0.5074516
3192830978.584498 -35.2890739 2.3644753 -7.0477476 0.0377607 -0.8155440 -0.2112150 0.5374479
3192830978.881501 -35.6884460 2.3664074 -7.1290874 0.0308702 -0.8151370 -0.2049046 0.5409369
3192830979.145503 -36.0691643 2.4603291 -7.2510958 -0.0917142 0.8386548 0.2444334 -0.4780156
3192830979.442504 -36.4529457 2.4624395 -7.3917046 -0.0838347 0.8401210 0.2547463 -0.4714581
3192830979.607506 -36.6404648 2.4914846 -7.4136505 -0.0624708 0.8369133 0.2256460 -0.4947295
3192830979.772507 -36.8437653 2.5103273 -7.4399524 0.0572641 -0.8338417 -0.2049416 0.5093405
3192830979.937509 -37.0491600 2.4978380 -7.5132208 0.0516436 -0.8368269 -0.2080788 0.5037429
3192830980.168509 -37.3212280 2.5517492 -7.6003757 -0.0828672 0.8396143 0.2185414 -0.4903269
3192830980.432512 -37.6641998 2.5947475 -7.7576294 -0.0853595 0.8366364 0.2242614 -0.4924024
3192830980.729514 -38.0418739 2.6622448 -7.8277326 -0.0625553 0.8383627 0.2092499 -0.4994490
3192830981.158518 -38.6019135 2.7232008 -8.0144720 -0.0794772 0.8363933 0.2201473 -0.4956459
3192830981.554520 -39.0573082 2.7706141 -8.1946564 0.0770958 -0.8252988 -0.2079464 0.5193231
3192830981.917522 -39.5143166 2.8332973 -8.3096495 0.0569265 -0.8264564 -0.1890649 0.5272415
3192830982.181524 -39.8525581 2.9130163 -8.4318867 0.0815617 -0.8246146 -0.2084705 0.5195175
3192830982.412526 -40.1430283 2.9632187 -8.5606050 0.0919134 -0.8151212 -0.2177190 0.5288931
3192830982.841528 -40.7170601 3.0224342 -8.6714716 0.0688211 -0.8232365 -0.1880821 0.5311971
3192830983.204531 -41.2403717 3.0822554 -8.8402309 0.0808296 -0.8302795 -0.2134775 0.5084584
3192830983.633534 -41.7387962 3.1338949 -9.0075188 0.0711581 -0.8165571 -0.2018368 0.5361277
3192830983.864536 -42.0338898 3.1800756 -9.0653496 0.0678082 -0.8161038 -0.1887644 0.5419821
3192830984.062537 -42.2982330 3.1934834 -9.1815033 0.0670853 -0.8142307 -0.2137382 0.5355782
3192830984.293539 -42.5634003 3.2873049 -9.2760201 0.0758261 -0.8112618 -0.2034973 0.5428568
3192830984.623541 -42.9018326 3.3083668 -9.4287319 0.0775336 -0.7977839 -0.2035973 0.5622077
3192830984.887542 -43.2579727 3.3640461 -9.5192995 0.0527015 -0.8083305 -0.2107822 0.5471702
3192830985.349546 -43.7512627 3.4629450 -9.7139912 0.0629445 -0.8118408 -0.2097571 0.5412527
3192830985.547548 -43.9339867 3.4731598 -9.8153858 0.0779818 -0.7997123 -0.2224647 0.5521672
3192830985.778549 -44.1470947 3.5035343 -9.8743515 0.0597396 -0.7876875 -0.2105642 0.5758838
3192830986.108552 -44.4640427 3.5230227 -9.9685802 0.0575090 -0.7836993 -0.1956675 0.5867046
3192830986.339553 -44.6677780 3.5740299 -10.0393677 0.0651978 -0.7780792 -0.1988702 0.5922775
3192830986.504554 -44.7740746 3.6020327 -10.0879440 0.0650839 -0.7481591 -0.1948583 0.6309139
3192830986.768557 -44.9735985 3.6106524 -10.1621752 0.0628062 -0.7278944 -0.1911440 0.6555067
3192830987.164559 -45.3181114 3.6416559 -10.2229118 0.0521876 -0.7303841 -0.1805750 0.6566644
3192830987.527561 -45.5365448 3.6931307 -10.3106213 0.0570936 -0.6969162 -0.1763421 0.6927854
